time,status,q_yH,dq_yH,ddq_yH,q_phiO,dq_phiO,ddq_phiO
0.0,PASSED,-0.2900192880439367,0.0,0.0,2.7852102898776527,0.0,0.0
0.0010002000400080016,PASSED,-0.2900177952135846,0.0022253371707420147,3.7088952845700245,2.7852022097615183,-0.012044893616898941,-20.07482269483157
0.002000400080016003,PASSED,-0.2900137180904235,0.005930264775544159,3.7022824849568905,2.7851801419719804,-0.032098078409427515,-20.03875952432658
0.0030006001200240046,PASSED,-0.2900059397774694,0.009627936481940116,3.6945978540220032,2.7851380416077625,-0.05211135626336762,-19.996290073682456
0.004000800160032006,PASSED,-0.2899944680667905,0.013317280080008428,3.685840760765849,2.785075951670771,-0.07207848215001034,-19.9476830952829
0.005001000200040008,PASSED,-0.28997931182100517,0.016997225672960397,3.6760154810760524,2.7849939213461106,-0.09199337164900918,-19.89302710147614
0.006001200240048009,PASSED,-0.28996048096757554,0.02066671198552533,3.6651335335575186,2.7848920059669418,-0.1118498680215278,-19.832142553213608
0.007001400280056011,PASSED,-0.2899379864927591,0.024324684372498337,3.6531982892500086,2.784770266976801,-0.1316418379173577,-19.765188124240748
0.008001600320064013,PASSED,-0.28991184043522267,0.027970092379934558,3.6402144862270265,2.7846287718893854,-0.15136328259285578,-19.692282376336298
0.009001800360072015,PASSED,-0.28988205587932553,0.0316018938587137,3.6261928071472256,2.7844675942458554,-0.17100819068252873,-19.61332523189738
0.010002000400080016,PASSED,-0.2898486469480718,0.035219054603481854,3.6111393698487664,2.784286813569687,-0.19057056863907892,-19.528413106318748
0.011002200440088018,PASSED,-0.2898116287957385,0.03882054633835549,3.5950599782235466,2.7840865153191316,-0.2100445350818719,-19.437668667109097
0.012002400480096018,PASSED,-0.28977101760018376,0.042405349264065494,3.5779648907009944,2.783866790837281,-0.2294242347077338,-19.34105359836375
0.01300260052010402,PASSED,-0.28972683055483966,0.04597245249209629,3.559862119584,2.783627737299851,-0.24870383626594586,-19.238633531444297
0.014002800560112022,PASSED,-0.2896790858603925,0.049520852592203304,3.540758753789023,2.783369457660645,-0.26787760446734676,-19.130524648038552
0.015003000600120024,PASSED,-0.28962780271615823,0.05304955509526843,3.5206650025825272,2.783092060594821,-0.28693985438110187,-19.016733424232797
0.016003200640128026,PASSED,-0.2895730013111563,0.056557575236266484,3.499590233275065,2.7827956604399855,-0.3058849362414017,-18.89731415101116
0.017003400680136026,PASSED,-0.28951470281488645,0.0600439370228301,3.4775428220893088,2.7824803771351228,-0.3247072862369556,-18.772373891915787
0.01800360072014403,PASSED,-0.2894529293678147,0.0635076740876422,3.4545332266272823,2.782146336157496,-0.3434014058833217,-18.64195014933288
0.01900380076015203,PASSED,-0.2893877040715748,0.06694783047793265,3.430571832732549,2.781793668457498,-0.36196184404241744,-18.506096832271
0.020004000800160033,PASSED,-0.2893190509788869,0.07036346013966982,3.405668214406905,2.7814225103915393,-0.3803832305650807,-18.36491298292483
0.021004200840168033,PASSED,-0.28924699508320273,0.07375362739098681,3.379833275923728,2.7810330036530506,-0.39866026990696674,-18.218456914526776
0.022004400880176037,PASSED,-0.2891715623080818,0.0771174076363679,3.353078225019325,2.7806252952016104,-0.41678772519598123,-18.066787538672987
0.023004600920184037,PASSED,-0.2890927794963023,0.0804538871492748,3.3254137048319445,2.7801995371902826,-0.43476043923767116,-17.90999837703456
0.024004800960192037,PASSED,-0.28901067439871514,0.08376216334165609,3.2968511840808357,2.779755886891235,-0.4525733354356737,-17.748161411981165
0.02500500100020004,PASSED,-0.28892527566284615,0.08704134536095871,3.2674025761171266,2.779294506619674,-0.47022140554744124,-17.5813425782918
0.02600520104020804,PASSED,-0.2888366128212509,0.09029055406817389,3.2370794612805467,2.7788155636561775,-0.4876997220281754,-17.40963241569573
0.027005401080216044,PASSED,-0.2887447162796298,0.09350892220860335,3.2058939265287414,2.7783192301674617,-0.5050034421163782,-17.233111869874197
0.028005601120224044,PASSED,-0.2886496173047094,0.09669559489071544,3.173858519167649,2.7778056831256777,-0.5221277993015078,-17.0518540619665
0.029005801160232048,PASSED,-0.2885513480118949,0.09984972967943052,3.140985635080049,2.77727510422628,-0.5390681101071774,-16.865948634804965
0.030006001200240048,PASSED,-0.28844994135270074,0.10297049672650709,3.1072879884075593,2.776727679804511,-0.5558197790067234,-16.675482409373522
0.03100620124024805,PASSED,-0.2883454311019654,0.10605707914664524,3.0727787079585207,2.776163600750628,-0.5723782929769072,-16.480535010724058
0.03200640128025605,PASSED,-0.2882378518448567,0.10910867317113614,3.0374709021791406,2.775583062423841,-0.5887392249636346,-16.28119663739618
0.033006601320264055,PASSED,-0.28812723896367304,0.11212448826419558,3.0013778869796592,2.774986264565124,-0.6048982383980855,-16.077557965820617
0.03400680136027205,PASSED,-0.28801362862444857,0.11510374741842466,2.9645133323953647,2.7743734112088845,-0.6208510841038044,-15.869704198984248
0.035007001400280055,PASSED,-0.28789705776336644,0.11804568733108,2.926890966161981,2.773744710593609,-0.6365936018269776,-15.657726739298985
0.03600720144028806,PASSED,-0.28777756407298805,0.1209495585172226,2.8885246661296846,2.7731003750714938,-0.6521217239727067,-15.441719083349254
0.03700740148029606,PASSED,-0.28765518598830386,0.12381462554444236,2.8494286012798224,2.7724406210171777,-0.6674314740646254,-15.221770764298522
0.03800760152030406,PASSED,-0.2875299626726129,0.12664016720792443,2.8096170382835437,2.771765668735611,-0.682518967243154,-14.997974788015316
0.03900780156031206,PASSED,-0.2874019340032355,0.12942547664416132,2.769104368205784,2.771075742369092,-0.6973804131597682,-14.770426669013561
0.040008001600320066,PASSED,-0.2872711405570681,0.13216986151791146,2.727905210779748,2.770371069803627,-0.7120121153132797,-14.539219143176837
0.04100820164032806,PASSED,-0.2871376235959844,0.13487264418515987,2.6860343048941497,2.769651882574536,-0.7264104711607714,-14.304446983701668
0.042008401680336066,PASSED,-0.28700142505209014,0.1375331618042699,2.6435064952539267,2.7689184157714983,-0.7405719741222504,-14.066206946663934
0.04300860172034407,PASSED,-0.2868625875128376,0.1401507664868162,2.600336807407886,2.768170907942992,-0.7544932134825506,-13.824594302724266
0.04400880176035207,PASSED,-0.286721154206006,0.14272482544234433,2.5565403876082593,2.7674096010002662,-0.7681708742576507,-13.579705090017326
0.04500900180036007,PASSED,-0.28657716898455454,0.14525472108258203,2.51213247532399,2.7666347401208333,-0.7816017385476246,-13.331637089944753
0.04600920184036807,PASSED,-0.2864306763113532,0.14773985114461918,2.4671284531792663,2.765846573651592,-0.7947826856723897,-13.080487147978769
0.04700940188037608,PASSED,-0.28628172124379947,0.15017962881400468,2.4215438135229457,2.7650453530115953,-0.8077106919516055,-12.826352366707168
0.048009601920384073,PASSED,-0.28613034941832427,0.15257348282044325,2.3753941350489898,2.7642313325945422,-0.8203828315258012,-12.569331045854591
0.04900980196039208,PASSED,-0.2859766070347968,0.15492085753614396,2.3286951028018295,2.7634047696710486,-0.8327962765277968,-12.30952097275628
0.05001000200040008,PASSED,-0.2858205408408311,0.1572212130784122,2.2814625019125048,2.7625659242907203,-0.8449482968504692,-12.047019889283279
0.051010202040408084,PASSED,-0.28566219811600246,0.15947402539280728,2.2337121893834966,2.7617150591840987,-0.8568362605804042,-11.781926290369382
0.05201040208041608,PASSED,-0.28550162665597884,0.16167878633170657,2.1854601052431617,2.760852439664539,-0.8684576340767752,-11.51433830037232
0.053010602120424084,PASSED,-0.2853388747565736,0.16383500373518767,2.1367222689730596,2.759978333530045,-0.8798099817184657,-11.244353869235765
0.05401080216043209,PASSED,-0.28517399119772535,0.16594220150020034,2.0875147623724275,2.7590930109651133,-0.8908909660654126,-10.972071332087644
0.05501100220044009,PASSED,-0.28500702522741056,0.16799991964157251,2.0378537273720045,2.7581967444426563,-0.9016983477951166,-10.69758866144805
0.05601120224044809,PASSED,-0.28483802654549534,0.17000771435275075,1.987755367049064,2.7572898086259974,-0.9122299854504715,-10.42100365129292
0.05701140228045609,PASSED,-0.2846670452875314,0.171965158059174,1.9372359326727377,2.7563724802710463,-0.9224838353256828,-10.142414024490279
0.058011602320464095,PASSED,-0.2844941320085025,0.17387183946270066,1.8863117174292259,2.755445038128624,-0.9324579513388872,-9.861917339013864
0.05901180236047209,PASSED,-0.2843193376665269,0.17572736358379537,1.8349990568717522,2.754507762847052,-0.9421504846731904,-9.579610664496132
0.060012002400480095,PASSED,-0.28414271360652105,0.17753135179884316,1.7833143204985022,2.7535609368749854,-0.9515596835033767,-9.295590940646617
0.0610122024404881,PASSED,-0.28396431154383045,0.1792834418682333,1.7312739019845795,2.752604844364543,-0.9606838927823655,-9.00995483788373
0.0620124024804961,PASSED,-0.28378418354783286,0.18098328796152602,1.6788942208314563,2.7516397710747964,-0.9695215537746789,-8.722798428599534
0.0630126025205041,PASSED,-0.2836023820255199,0.1826305606783209,1.6261917141038311,2.7506660042756272,-0.978071203652164,-8.434217510075644
0.0640128025605121,PASSED,-0.2834189597050609,0.18422494706118694,1.5731828287075083,2.7496838326519666,-0.986331475204417,-8.144307580371116
0.0650130026005201,PASSED,-0.2832339696193565,0.1857661506038668,1.5198840186614353,2.74869354620853,-0.9943010962389881,-7.853163337371143
0.06601320264052811,PASSED,-0.2830474650895843,0.1872538912570068,1.466311742792365,2.7476954361749564,-1.001978889139569,-7.560879276054087
0.06701340268053611,PASSED,-0.28285949970874524,0.18868790542562888,1.4124824525085173,2.7466897949114832,-1.0093637704466372,-7.26754932774446
0.0680136027205441,PASSED,-0.28267012732521174,0.19006794596253354,1.3584125931687652,2.74567691581517,-1.0164547501388546,-6.973266601865997
0.0690138027605521,PASSED,-0.282479402026287,0.19139378215659303,1.3041185946533027,2.7446570932266057,-1.0232509312121603,-6.67812405426525
0.07001400280056011,PASSED,-0.28228737812177573,0.19266519971875032,1.2496168738266156,2.7436306223372955,-1.0297515090365046,-6.382213671063732
0.07101420284056811,PASSED,-0.2820941101275751,0.19388200075897646,1.194923817825842,2.742597799097553,-1.035955770712715,-6.08562701297444
0.07201440288057612,PASSED,-0.28189965274928874,0.19504400375958592,1.1400557891318606,2.741558920125102,-1.041863094468891,-5.788454918310351
0.07301460292058412,PASSED,-0.2817040608658685,0.19615104354778176,1.0850291209051472,2.7405142826142788,-1.0474729489822052,-5.490787576650749
0.07401480296059212,PASSED,-0.2815073895132893,0.19720297125901326,1.0298601047824152,2.7394641842459238,-1.0527848927100163,-5.19271449525129
0.07501500300060011,PASSED,-0.281309693868261,0.19819965429576575,0.9745649913991687,2.738408923097977,-1.0577985731524162,-4.894324407165593
0.07601520304060812,PASSED,-0.2811110292319824,0.19914097628661695,0.9191599904858352,2.7373487975567663,-1.0625137261622817,-4.595705411665172
0.07701540308061612,PASSED,-0.28091145101394144,0.20002683703604185,0.8636612553842383,2.736284106229026,-1.0669301752350542,-4.29694484684404
0.07801560312062412,PASSED,-0.28071101471576576,0.20085715247077385,0.808084887630521,2.735215147854679,-1.0710478306739102,-3.998129166864329
0.07901580316063213,PASSED,-0.28050977591512827,0.2016318545850692,0.7524469320719211,2.734142221220363,-1.0748666888717302,-3.6993442184571594
0.08001600320064013,PASSED,-0.280307790249712,0.20235089137831386,0.6967633673598538,2.7330656250737397,-1.078386831563371,-3.4006750070963485
0.08101620324064814,PASSED,-0.28010511340123767,0.20301422678884468,0.6410501059781281,2.7319856580385977,-1.0816084249429394,-3.102205627883332
0.08201640328065612,PASSED,-0.27990180107955953,0.20362184062590144,0.5853229911091785,2.7309026185307577,-1.0845317188938597,-2.804019499611778
0.08301660332066413,PASSED,-0.27969790900683134,0.20417372849664983,0.5295977905079038,2.7298168046747873,-1.0871570462099975,-2.506199193822312
0.08401680336067213,PASSED,-0.27949349290174835,0.20466990172726832,0.47389019069223065,2.728728514221559,-1.0894848216838138,-2.2088263271454402
0.08501700340068014,PASSED,-0.2792886084638685,0.20511038728269815,0.41821579858823804,2.7276380444666324,-1.0915155412967228,-1.9119818034181275
0.08601720344068814,PASSED,-0.2790833113580158,0.2054952276835481,0.3625901356910772,2.726545692169478,-1.0932497814193605,-1.6157456687841176
0.08701740348069614,PASSED,-0.2788776571987712,0.2058244809146434,0.3070286280314179,2.7254517534736,-1.0946881978319352,-1.3201969084352498
0.08801760352070415,PASSED,-0.2786717015350532,0.20609822033416625,0.25154661385047666,2.7243565238274656,-1.0958315249494646,-1.0254139235922415
0.08901780356071214,PASSED,-0.2784654998347927,0.20631653457946633,0.19615933293317167,2.7232602979063505,-1.0966805749531292,-0.7314740570463797
0.09001800360072014,PASSED,-0.2782591074697047,0.20647952746576165,0.14088192187005427,2.722163369535049,-1.097236236816012,-0.4384537334405871
0.09101820364072814,PASSED,-0.278052579700162,0.20658731788346285,0.08572941492199564,2.7210660316114796,-1.0974994754734155,-0.14642860671185573
0.09201840368073615,PASSED,-0.2778459716601719,0.2066400396946613,0.030716742049386687,2.7199685760311767,-1.0974713309513706,0.14452660788288058
0.09301860372074415,PASSED,-0.27763933834246124,0.20663784162177776,-0.024141282838798923,2.7188712936126813,-1.0971529174086372,0.43433816596689345
0.09401880376075215,PASSED,-0.27743273458367246,0.20658088713404194,-0.07882995766714439,2.71777447402384,-1.0965454222474187,0.7229331580527497
0.09501900380076016,PASSED,-0.2772262150496732,0.20646935433515964,-0.1333346930257426,2.716678405709011,-1.0956501052295118,1.010239591143295
0.09601920384076815,PASSED,-0.27701983422098336,0.20630343584271307,-0.18764102539383096,2.7155833758171806,-1.094468297533827,1.2961864320459882
0.09701940388077615,PASSED,-0.27681364637832245,0.20608333866453404,-0.24173461336919028,2.714489670130994,-1.0930014008443243,1.5807035278070185
0.09801960392078415,PASSED,-0.2766077055882804,0.20580928407736546,-0.2956012363681589,2.713397572996717,-1.091250886429898,1.8637216721723535
0.09901980396079216,PASSED,-0.27640206568911435,0.2054815074972084,-0.34922680934968925,2.712307367255093,-1.0892182942430855,2.145172529906156
0.10002000400080016,PASSED,-0.27619678027667444,0.20510025834858855,-0.4025973747999267,2.7112193341731587,-1.0869052319582484,2.424988788124375
0.10102020404080816,PASSED,-0.2759919026904622,0.20466579993184034,-0.4556991113803876,2.7101337533769554,-1.0843133740612607,2.703103969563296
0.10202040408081617,PASSED,-0.2757874859998228,0.2041784092874704,-0.5085183330296347,2.709050902785193,-1.0814444609279774,2.9794525757630823
0.10302060412082417,PASSED,-0.2755835829902754,0.20363837705586318,-0.5610414973255984,2.707971058543819,-1.0783002978933651,3.2539700071782938
0.10402080416083216,PASSED,-0.2753802461499832,0.2030460073375266,-0.6132551990105409,2.706894494961542,-1.0748827543019466,3.526592647578733
0.10502100420084017,PASSED,-0.2751775276563661,0.2024016175482657,-0.6651461827611505,2.705821484446272,-1.0711937625869905,3.797257759874224
0.10602120424084817,PASSED,-0.2749754793628588,0.2017055382728567,-0.7167013371741969,2.7047522974424973,-1.0672353173503104,4.065903554550898
0.10702140428085617,PASSED,-0.27477415278581646,0.20095811311665004,-0.7679077022282551,2.703687202369605,-1.0630094743953824,4.332469221845956
0.10802160432086418,PASSED,-0.2745735990915698,0.20015969855390436,-0.8187524697573387,2.70262646556111,-1.0585183498348643,4.596894786299762
0.10902180436087218,PASSED,-0.27437386908363365,0.19931066377422677,-0.869222986291097,2.701570351204846,-1.0537641191313065,4.8591213150633115
0.11002200440088018,PASSED,-0.2741750131900692,0.19841139052713988,-0.9193067542840274,2.7005191212840813,-1.0487490161381452,5.119090778559872
0.11102220444088817,PASSED,-0.2739770814510038,0.19746227296352215,-0.9689914365068891,2.699473035519558,-1.0434753322284986,5.376745997037949
0.11202240448089618,PASSED,-0.2737801235063095,0.19646371747591487,-1.0182648550075735,2.6984323513124817,-1.03794541531939,5.632030850488888
0.11302260452090418,PASSED,-0.2735841885834428,0.19541614253634151,-1.067114995950538,2.6973973236884365,-1.0321616689173632,5.884890103052667
0.11402280456091218,PASSED,-0.27338932548544814,0.19431997853118216,-1.1155300112985793,2.696368205242233,-1.0261265512431954,6.135269388244475
0.11502300460092019,PASSED,-0.27319558257912574,0.19317566759587051,-1.1634982179869875,2.695345246083703,-1.0198425742484014,6.383115399160582
0.11602320464092819,PASSED,-0.27300300778336795,0.19198366344632659,-1.211008103915221,2.694328693784404,-1.0133123026994375,6.628375648832891
0.1170234046809362,PASSED,-0.27281164855766354,0.19074443120832896,-1.2580483273858738,2.6933187933252816,-1.006538353257139,6.870998637942319
0.11802360472094418,PASSED,-0.2726215518907738,0.18945844724638342,-1.304607718318625,2.6923157870452505,-0.9995233935157439,7.110933810363551
0.11902380476095219,PASSED,-0.2724327642895809,0.18812619898986177,-1.3506752819903356,2.691319914590701,-0.9922701411048045,7.34813147798995
0.12002400480096019,PASSED,-0.27224533176811144,0.18674818475729416,-1.3962401996191118,2.6903314128659623,-0.9847813627296832,7.582542973208816
0.1210242048409682,PASSED,-0.2720592998367354,0.18532491357922123,-1.4412918303754634,2.689350515984664,-0.9770598732546188,7.814120476301496
0.1220244048809762,PASSED,-0.27187471349154374,0.18385690501984692,-1.4858197120402314,2.6883774552220614,-0.9691085347705198,8.04281715596393
0.1230246049209842,PASSED,-0.27169161720390483,0.18234468899731857,-1.5298135628537997,2.6874124589682644,-0.9609302556584313,8.268587082838325
0.1240248049609922,PASSED,-0.27151005491020247,0.1807888056006554,-1.573263285869406,2.6864557526824,-0.9525279896894449,8.491385226418448
0.1250250050010002,PASSED,-0.27133007000175563,0.17918980490725045,-1.6161589650953105,2.6855075588477226,-0.9439047350483082,8.711167584282077
0.1260252050410082,PASSED,-0.27115170531492283,0.17754824679890888,-1.6584908705057957,2.684568096927638,-0.9350635334199182,8.927890991128557
0.1270254050810162,PASSED,-0.27097500312139133,0.17586470077493674,-1.7002494596163518,2.6836375833226396,-0.9260074691227711,9.14151316782616
0.1280256051210242,PASSED,-0.2708000051186532,0.17413974576445015,-1.7414253777334245,2.68271623132822,-0.9167396680760075,9.35199296605512
0.1290258051610322,PASSED,-0.2706267524206691,0.17237396993975995,-1.7820094559947128,2.6818042510936517,-0.9072632969363912,9.55928992199029
0.1300260052010402,PASSED,-0.2704552855487211,0.170567970525368,-1.8219927199900716,2.680901849581738,-0.8975815622017912,9.763364609673033
0.13102620524104822,PASSED,-0.27028564442245645,0.16872235360559734,-1.861366386291068,2.6800092305294676,-0.887697709204272,9.964178589416536
0.13202640528105622,PASSED,-0.27011786835112167,0.16683773393581422,-1.9001218587778308,2.6791265944096088,-0.8776150212221491,10.161694243927041
0.13302660532106422,PASSED,-0.2699519960249906,0.16491473474731844,-1.9382507416410883,2.678254138393224,-0.8673368185827314,10.355874903078053
0.13402680536107223,PASSED,-0.2697880655069844,0.1629539875529448,-1.975744829528672,2.6773920563130957,-0.8568664577124242,10.54668484846
0.13502700540108023,PASSED,-0.26962611422448796,0.16095613195314448,-2.0125961133147636,2.676540538628108,-0.8462073301799722,10.734089321780072
0.1360272054410882,PASSED,-0.26946617896135977,0.1589218154398764,-2.0487967799036686,2.6756997723885267,-0.8353628618204225,10.918054384729384
0.1370274054810962,PASSED,-0.26930829585014004,0.15685169319881903,-2.0843392151598312,2.674869941202218,-0.8243365118042614,11.0985471037824
0.1380276055211042,PASSED,-0.26915250036445515,0.154746427911997,-2.119216001263472,2.6740512252017856,-0.8131317716769583,11.275535476316817
0.13902780556111222,PASSED,-0.26899882731162017,0.15260668956087714,-2.1534199176907887,2.673243801012632,-0.8017521644709777,11.448988359089588
0.14002800560112022,PASSED,-0.26884731082544033,0.15043315522502068,-2.186943947966918,2.672447841721959,-0.7902012437617708,11.61887560928515
0.14102820564112822,PASSED,-0.2686979843592124,0.14822650888238997,-2.2197812724065673,2.6716635168486578,-0.7784825927639708,11.785167923476463
0.14202840568113623,PASSED,-0.2685508806789254,0.14598744121108584,-2.2519252705691524,2.670890992314173,-0.7665998233735393,11.947837035068336
0.14302860572114423,PASSED,-0.26840603185666334,0.1437166493859067,-2.2833695282524813,2.670130430414239,-0.7545565752745302,12.106855474969421
0.14402880576115223,PASSED,-0.2682634692642083,0.14141483687619694,-2.314107830681303,2.669381989791577,-0.7423565150162927,12.262196780416124
0.14502900580116024,PASSED,-0.26812322356684587,0.13908271324663915,-2.3441341621420757,2.6686458254095045,-0.7300033350500293,12.41383542349486
0.14602920584116824,PASSED,-0.2679853247173735,0.1367209939517693,-2.3734427166884022,2.6679220885264656,-0.7175007528452003,12.561746725718443
0.14702940588117624,PASSED,-0.267849801950311,0.1343304001329921,-2.402027886836395,2.66721092667148,-0.7048525099747277,12.705906966975355
0.14802960592118425,PASSED,-0.2677166837763147,0.13191165841758457,-2.429884267788272,2.6665124836205365,-0.6920623711349505,12.846293421644956
0.14902980596119225,PASSED,-0.2675859979767955,0.12946550071200383,-2.457006664109066,2.6658268993738807,-0.6791341232761691,12.982884150205662
0.15003000600120023,PASSED,-0.2674577715987405,0.12699266399817913,-2.483390080301767,2.665154310134258,-0.6660715746609643,13.115658258537536
0.15103020604120823,PASSED,-0.2673320309497394,0.12449389013119772,-2.5090297247678524,2.664494848286044,-0.6528785539413817,13.244595693612663
0.15203040608121624,PASSED,-0.267208801593215,0.1219699256321585,-2.5339210152201237,2.663848642375336,-0.6395589092246688,13.369677398779721
0.15303060612122424,PASSED,-0.26708810834385865,0.11942152148419145,-2.558059569798354,2.6632158170909332,-0.6261165071710746,13.49088515680392
0.15403080616123224,PASSED,-0.2669699752632708,0.11684943292837413,-2.5814412131633073,2.6625964932462636,-0.612555232066997,13.608201735593354
0.15503100620124025,PASSED,-0.26685442565580625,0.11425441925719261,-2.6040619765270026,2.66199078776222,-0.5988789848819286,13.72161081805187
0.15603120624124825,PASSED,-0.26674148206462456,0.1116372436101526,-2.6259180940486506,2.661398813650921,-0.5850916823772508,13.83109696242833
0.15703140628125625,PASSED,-0.266631166267946,0.10899867276893602,-2.6470060059951988,2.660820680000398,-0.5711972561628764,13.936645715671688
0.15803160632126426,PASSED,-0.26652349927551217,0.10633947695103227,-2.6673223591760973,2.66025649196019,-0.5571996517933482,14.038243472099365
0.15903180636127226,PASSED,-0.26641850132525213,0.10366042960583469,-2.6868640025452417,2.659706350727886,-0.5431028278190267,14.135877642469408
0.16003200640128026,PASSED,-0.2663161918801535,0.10096230720934829,-2.7056279924471616,2.659170353536542,-0.5289107549170281,14.229536408351553
0.16103220644128827,PASSED,-0.2662165896253384,0.09824588905826596,-2.7236115901724043,2.658648593643069,-0.5146274149218352,14.319209053087125
0.16203240648129627,PASSED,-0.26611971246534455,0.09551195706657747,-2.7408122593658866,2.658141160317508,-0.5002567999044941,14.404885660177055
0.16303260652130427,PASSED,-0.2660255775216105,0.09276129556067982,-2.7572276702521905,2.6576481388332165,-0.4858029113378293,14.486557170989997
0.16403280656131225,PASSED,-0.265934201130166,0.08999469107390552,-2.7728556977890246,2.6571696104580065,-0.4712697590732745,14.564215660264717
0.16503300660132025,PASSED,-0.26584559883952597,0.08721293214388143,-2.7876944181808034,2.6567056524461576,-0.4566613604649142,14.63785390709069
0.16603320664132826,PASSED,-0.2657597854087886,0.0844168091084334,-2.8017421136262,2.6562563380313726,-0.441981739512177,14.707465649834806
0.16703340668133626,PASSED,-0.26567677480593704,0.08160711390151948,-2.8149972691057505,2.6558217364206373,-0.42723492585923667,14.77304565501066
0.16803360672134426,PASSED,-0.2655965802063445,0.07878463985062284,-2.8274585720905705,2.6554019127889936,-0.4124249539114408,14.834589476319337
0.16903380676135227,PASSED,-0.2655192139914817,0.07595018147463513,-2.8391249119191415,2.6549969282752186,-0.3975558619776748,14.892093572063796
0.17003400680136027,PASSED,-0.26544468774782737,0.0731045342803824,-2.849995382475145,2.654606839978421,-0.3826316912963471,14.945555420837
0.17103420684136827,PASSED,-0.26537301226598026,0.07024849456204305,-2.86006927558216,2.6542317009555463,-0.36765648512583093,14.994973336968908
0.17203440688137628,PASSED,-0.2653041975399727,0.06738285919939542,-2.869346087357945,2.6538715602197667,-0.3526342879205714,15.04034645078662
0.17303460692138428,PASSED,-0.2652382527667855,0.06450842545711674,-2.877825512225834,2.653526462739822,-0.3375691443263345,15.081675023203772
0.17403480696139229,PASSED,-0.2651751863460626,0.061625990785001826,-2.8855074453743073,2.653196449440206,-0.3224650983236476,15.118959989008944
0.1750350070014003,PASSED,-0.265115005880026,0.05873635261795523,-2.8923919814947965,2.652881557202289,-0.3073261923780336,15.152203250017415
0.1760352070414083,PASSED,-0.2650577181735902,0.055840308177313905,-2.8984794134056697,2.652581818866344,-0.29215646643292753,15.181407741831842
0.1770354070814163,PASSED,-0.2650033292346741,0.05293865427264154,-2.903770232183496,2.6522972632344386,-0.27695995709119087,15.206577075006539
0.17803560712142427,PASSED,-0.2649518442747118,0.05003218710502642,-2.908265124569537,2.652027915074243,-0.26174069674960465,15.227715852639427
0.17903580716143228,PASSED,-0.26490326770936024,0.04712170206811593,-2.911964978471121,2.6517737951237277,-0.24650271261172835,15.244829661367536
0.18003600720144028,PASSED,-0.2648576031594031,0.04420799355414991,-2.914870870962633,2.6515349200967373,-0.23125002587081128,15.257924793950057
0.18103620724144828,PASSED,-0.26481485345185046,0.04129185475867532,-2.9169840784825514,2.651311302689471,-0.21598665082914373,15.267008540145872
0.1820364072814563,PASSED,-0.2647750206212333,0.03837407748416344,-2.918306071864767,2.6511029515878155,-0.20071659398559483,15.272089045817586
0.1830366073214643,PASSED,-0.2647381059110921,0.03545545194844124,-2.9188385116271602,2.6509098714755877,-0.18544385316195616,15.273175342186054
0.1840368073614723,PASSED,-0.26470410977565817,0.03253676659152736,-2.918583253771701,2.650732063043639,-0.17017241663943314,15.270277309414302
0.1850370074014803,PASSED,-0.26467303188172775,0.02961880788292419,-2.9175423451574765,2.650569522999829,-0.15490626229916413,15.26340569417216
0.1860372074414883,PASSED,-0.2646448711107273,0.02670236013166526,-2.915718021993228,2.6504222440798766,-0.13964935673050066,15.252572151657676
0.1870374074814963,PASSED,-0.2646196255609689,0.023788205296398725,-2.9131127107820722,2.65029021505908,-0.12440565435534547,15.237789190820209
0.1880376075215043,PASSED,-0.2645972925500949,0.02087712279626952,-2.909729026360622,2.650173420764882,-0.10917909662409195,15.219070091542374
0.1890378075615123,PASSED,-0.2645778686177119,0.017969889322668527,-2.905569771761243,2.6500718420903184,-0.09397361110733277,15.196429133570396
0.19003800760152031,PASSED,-0.2645613495282109,0.015067278652730557,-2.9006379353891165,2.649985456008293,-0.07879311064659336,15.169881345518759
0.19103820764152832,PASSED,-0.2645477302737746,0.012170061464655017,-2.8949366898664866,2.6499142355867304,-0.06364149253886849,15.139442615862295
0.1920384076815363,PASSED,-0.26453700507756905,0.00927900515121184,-2.88846939582764,2.64985815000455,-0.04852263767355086,15.105129698287834
0.1930386077215443,PASSED,-0.26452916739712035,0.006394873636815883,-2.8812395934415016,2.6498171645684985,-0.033440409679870525,15.066960190608665
0.1940388077615523,PASSED,-0.26452420992787334,0.0035184271965415332,-2.873251004829581,2.64979124073081,-0.01839865411663004,15.024952478328359
0.1950390078015603,PASSED,-0.2645221246069328,0.0006504222733272344,-2.8645075354707776,2.6497803361076966,-0.0034011976420231225,14.979125805459288
0.1960392078415683,PASSED,-0.26452290261698425,-0.002208388701179452,-2.8550132671972936,2.6497844044986834,0.011548152848381052,14.929500280367433
0.1970394078815763,PASSED,-0.26452653439039514,-0.005057257485542435,-2.844772462473443,2.649803395906734,0.026445610985750507,14.876096708704136
0.19803960792158432,PASSED,-0.26453300961349296,-0.007895440205481738,-2.8337895582498747,2.6498372565592296,0.04128741177728439,14.818936846753719
0.19903980796159232,PASSED,-0.26454231723102095,-0.010722197530334768,-2.8220691692551347,2.649885928929723,0.05606981241420975,14.758043163706462
0.20004000800160032,PASSED,-0.2645544454507688,-0.01353679484794674,-2.809616083183195,2.6499493517605366,0.07078909306895594,14.693438982105992
0.20104020804160833,PASSED,-0.2645693817483773,-0.016338502437688012,-2.7964352607799894,2.6500274600861244,0.08544155768214014,14.625148367236354
0.20204040808161633,PASSED,-0.26458711287231623,-0.019126595642598436,-2.782531834330709,2.6501201852572605,0.10002353477527978,14.55319624374183
0.20304060812162433,PASSED,-0.264607624849033,-0.021900355040152007,-2.7679111063688087,2.6502274549659908,0.1145313782236117,14.477608251391956
0.20404080816163234,PASSED,-0.2646309029882712,-0.02465906661088961,-2.752578546983464,2.6503491932713943,0.12896146804657804,14.398410870682609
0.20504100820164034,PASSED,-0.26465693188855804,-0.02740202190698715,-2.7365397955069266,2.650485320626092,0.14331021116468115,14.315631283050099
0.20604120824164834,PASSED,-0.2646856954428584,-0.030128518217712365,-2.7198006542040716,2.65063575390356,0.15757404219154564,14.229297522740739
0.20704140828165632,PASSED,-0.26471717684439405,-0.03283785873395702,-2.702367090938371,2.65080040642618,0.17174942418663008,14.139438309980253
0.20804160832166432,PASSED,-0.26475135859262716,-0.03552935271240741,-2.6842452367917344,2.6509791879940647,0.18583284939312789,14.046083137509516
0.20904180836167233,PASSED,-0.26478822249940626,-0.03820231563607769,-2.665441381589312,2.6511720049146232,0.19982084000389577,13.949262259606817
0.21004200840168033,PASSED,-0.2648277496952722,-0.040856069374031155,-2.645961975529574,2.651378760032889,0.21370994891992764,13.84900668698193
0.21104220844168833,PASSED,-0.2648699206359243,-0.04348994234133223,-2.625813628482073,2.651599352762576,0.22749676046206882,13.74534811224729
0.21204240848169634,PASSED,-0.264914715108843,-0.046103269654009356,-2.6050031021404836,2.6518336791178605,0.24117789108293258,13.638318959941401
0.21304260852170434,PASSED,-0.2649621122400688,-0.04869539328401208,-2.5835373152442056,2.6520816317459004,0.2547499901322764,13.52795244227874
0.21404280856171234,PASSED,-0.2650120905011356,-0.0512656622143481,-2.561423340397224,2.652343099960078,0.2682097405737117,13.414282440872986
0.21504300860172035,PASSED,-0.2650646277161553,-0.05381343258845894,-2.5386683965865937,2.652617969773927,0.2815538596187508,13.297343447816482
0.21604320864172835,PASSED,-0.2651197010690546,-0.056338067860858876,-2.5152798562755034,2.6529061239357974,0.2947790995052906,13.17717084568862
0.21704340868173636,PASSED,-0.26517728711095934,-0.05883893894560704,-2.4912652370632764,2.6532074419641893,0.3078822481856041,13.053800570063476
0.21804360872174436,PASSED,-0.2652373617677266,-0.061315424361322396,-2.4666322014834137,2.653521800183801,0.3208601299595615,12.927269243219902
0.21904380876175236,PASSED,-0.2652999003476219,-0.06376691037629807,-2.4413885573038563,2.6538490717622314,0.33370960618255174,12.797614209503822
0.22004400880176037,PASSED,-0.26536487754913923,-0.06619279115076956,-2.4155422525832435,2.6541891267473887,0.3464275759745031,12.664873513583068
0.22104420884176834,PASSED,-0.26543226746896353,-0.06859246887750049,-2.389101376162707,2.654541832105537,0.35901097681792177,12.529085729975842
0.22204440888177635,PASSED,-0.2655020436100716,-0.07096535391955035,-2.3620741526412905,2.654907051760016,0.3714567852248644,12.390290191587185
0.22304460892178435,PASSED,-0.26557417888997165,-0.07331086494794198,-2.3344689455585415,2.6552846466306166,0.3837620174487087,12.248526912015679
0.22404480896179235,PASSED,-0.2656486456490777,-0.0756284290765762,-2.306294250684664,2.655674474673591,0.3959237300550866,12.103836402619331
0.22504500900180036,PASSED,-0.2657254156592178,-0.07791748199291565,-2.277558693442641,2.6560763909223026,0.4079390205527394,11.956259894341775
0.22604520904180836,PASSED,-0.2658044601322744,-0.08017746809046987,-2.248271033628601,2.6564902475284993,0.4198050280693775,11.805839264835624
0.22704540908181636,PASSED,-0.26588574972895324,-0.0824078405972419,-2.2184401555343287,2.656915893804223,0.4315189339509626,11.65261695941804
0.22804560912182437,PASSED,-0.2659692545676809,-0.08460806170074649,-2.1880750688181054,2.657353176264293,0.4430779622984039,11.496635939456825
0.22904580916183237,PASSED,-0.2660549442336267,-0.0867776026736544,-2.1571849089677677,2.6578019386694454,0.4544793806735522,11.337939998942657
0.23004600920184037,PASSED,-0.26614278778784844,-0.08891594399546962,-2.1257789303801813,2.658262022070024,0.4657205006562203,11.176573305151683
0.23104620924184838,PASSED,-0.266232753776559,-0.0910225754721773,-2.0938665075926934,2.658733264850278,0.47679867835207634,11.012580622992418
0.23204640928185638,PASSED,-0.26632481024051174,-0.09309699635518287,-2.06145713328082,2.6592155027732374,0.487711315067879,10.846007444342865
0.23304660932186438,PASSED,-0.26641892472450296,-0.09513871545527997,-2.028560411307948,2.6597085690261415,0.49845585783766655,10.676899653417358
0.2340468093618724,PASSED,-0.26651506428698807,-0.09714725125664052,-1.9951860613956123,2.660212294266466,0.5090297999662136,10.505303778633454
0.23504700940188036,PASSED,-0.2666131955098108,-0.09912213202913171,-1.9613439132215837,2.6607265066684613,0.5194306815936943,10.33126686004565
0.23604720944188837,PASSED,-0.26671328450804127,-0.10106289593454881,-1.9270439002141104,2.6612510319702563,0.5296560902250793,10.154836478944468
0.23704740948189637,PASSED,-0.2668152969399227,-0.10296909113434671,-1.8922960661870978,2.6617856935215025,0.5397036612854432,9.976060781310334
0.23804760952190437,PASSED,-0.2669191980169221,-0.10484027589421964,-1.857110555663491,2.6623303123315303,0.5495710786159883,9.794988363368242
0.23904780956191238,PASSED,-0.2670249525138849,-0.1066760186845161,-1.8214976133850918,2.662884707118037,0.559256074993011,9.611668386125672
0.24004800960192038,PASSED,-0.26713252477928917,-0.10847589828003552,-1.7854675836089997,2.6634486943562754,0.5687564326493064,9.426150503075378
0.24104820964192838,PASSED,-0.26724187874559785,-0.11023950385641845,-1.749030904898876,2.6640220883287395,0.5780699837434181,9.238484821469202
0.2420484096819364,PASSED,-0.267352977939707,-0.11196643508485837,-1.7121981108006306,2.664604701175357,0.5871946108704539,9.048721997413443
0.2430486097219444,PASSED,-0.2674657854934869,-0.11365630222359399,-1.6749798240256037,2.665196342944153,0.5961282475410562,8.856913119394967
0.2440488097619524,PASSED,-0.2675802641544128,-0.11530872620703844,-1.63738675639034,2.6657968216423846,0.6048688786192763,8.663109717437019
0.2450490098019604,PASSED,-0.2676963762962851,-0.11692333873302795,-1.5994297057222904,2.6664059432881406,0.6134145408002083,8.467363823262128
0.2460492098419684,PASSED,-0.26781408393003375,-0.11849978234596363,-1.5611195510779385,2.6670235119624195,0.6217633231085972,8.269727965140042
0.2470494098819764,PASSED,-0.26793334871460595,-0.12003771051919927,-1.5224672546740792,2.6676493298616033,0.6299133672368511,8.070254903663189
0.2480496099219844,PASSED,-0.2680541319679338,-0.12153678773353427,-1.4834838541089452,2.668283197350423,0.6378628680492153,7.868998084831509
0.24904980996199239,PASSED,-0.26817639467797993,-0.12299668955361887,-1.4441804640683729,2.6689249130153145,0.6456100740347993,7.666011252752335
0.2500500100020004,PASSED,-0.2683000975138576,-0.12441710270141045,-1.4045682702737312,2.6695742737182058,0.6531532876184729,7.46134847095438
0.2510502100420084,PASSED,-0.268425200837023,-0.12579772512653484,-1.3646585283581154,2.6702310746507063,0.6604908656242139,7.255064362265253
0.2520504100820164,PASSED,-0.26855166471253733,-0.12713826607510134,-1.324462562038771,2.6708951093887032,0.6676212197133106,7.047213906984242
0.2530506101220244,PASSED,-0.26867944892039536,-0.12843844615554015,-1.2839917593721768,2.6715661699473343,0.6745428166721764,6.837852326786798
0.2540508101620324,PASSED,-0.26880851296691805,-0.12969799739928414,-1.243257566658547,2.6722440468363557,0.6812541788416119,6.627035397867835
0.2550510102020404,PASSED,-0.26893881609620635,-0.13091666332231222,-1.2022714939411028,2.6729285291158678,0.6877538845066089,6.414819176416427
0.2560512102420484,PASSED,-0.2690703173016533,-0.1320941989817315,-1.1610451030714057,2.673619404452388,0.6940405681686551,6.201259985799362
0.2570514102820564,PASSED,-0.2692029753375117,-0.13323037102909074,-1.1195900102178205,2.674316459175306,0.7001129209589384,5.986414659939166
0.2580516103220644,PASSED,-0.26933674873051444,-0.1343249577625474,-1.0779178822825666,2.6750194783336516,0.7059696909827107,5.770340266327812
0.2590518103620724,PASSED,-0.26947159579154456,-0.1353777491749378,-1.036040432462268,2.675728245753189,0.7116096835545571,5.553094108858917
0.2600520104020804,PASSED,-0.26960747462735263,-0.13638854699903763,-0.9939694185248586,2.6764425440938506,0.71703176159343,5.334733992215533
0.26105221044208843,PASSED,-0.2697443431523171,-0.13735716474974427,-0.9517166388278084,2.677162154907464,0.7222348459319026,5.115317902644001
0.26205241048209643,PASSED,-0.2698821591002468,-0.13828342776464442,-0.9092939322817267,2.677886858695778,0.7272179155335162,4.894904067593596
0.26305261052210444,PASSED,-0.27002088003622066,-0.13916717323939481,-0.8667131697294982,2.678616434968773,0.7319800078157352,4.673551091969417
0.26405281056211244,PASSED,-0.27016046336846283,-0.1400082502618961,-0.8239862576824462,2.6793506623032575,0.7365202189668414,4.4513178571973535
0.26505301060212044,PASSED,-0.2703008663602497,-0.1408065198430668,-0.7811251301628523,2.680089318401719,0.7408377041276887,4.228263363280543
0.26605321064212845,PASSED,-0.27044204614184614,-0.1415618549433444,-0.7381417470206912,2.680832180151442,0.7449316776720701,4.00444699844869
0.26705341068213645,PASSED,-0.2705839597224674,-0.14227414049813705,-0.6950480933073155,2.6815790236838364,0.7488014134503211,3.779928298119122
0.26805361072214445,PASSED,-0.27072656400226397,-0.14294327343884072,-0.6518561723012654,2.682329624434058,0.7524462450359672,3.5547671106642107
0.26905381076215246,PASSED,-0.27086981578432656,-0.14356916271066367,-0.6085780048374179,2.6830837572007775,0.755865565878348,3.329023330191841
0.27005401080216046,PASSED,-0.2710136717867073,-0.14415172928838216,-0.5652256263058646,2.6838411962062185,0.7590588295526874,3.1027572371046195
0.2710542108421684,PASSED,-0.27115808865445484,-0.14469090618824057,-0.5218110822267878,2.6846017151563517,0.7620255499627205,2.876029191985555
0.2720544108821764,PASSED,-0.2713030229716597,-0.14518663847625252,-0.4783464252020645,2.6853650873013013,0.7647653014767484,2.6488997287227325
0.2730546109221844,PASSED,-0.27144843127350693,-0.1456388832742728,-0.43484371323244764,2.686131085495902,0.7672777191080058,2.4214295662805148
0.2740548109621924,PASSED,-0.2715942700583332,-0.14604760976321338,-0.3913150060793132,2.6868994822604355,0.7695624987006511,2.193679610221699
0.2750550110022004,PASSED,-0.2717404957996842,-0.14641279918126612,-0.347772359368387,2.6876700498415027,0.7716193970363076,1.9657108192796826
0.2760552110422084,PASSED,-0.27188706495837023,-0.14673444482023906,-0.3042278253759792,2.688442560273043,0.7734482319705661,1.7375843442443144
0.27705541108221643,PASSED,-0.27203393399451636,-0.14701255201935662,-0.26069344827856805,2.6892167854374622,0.7750488825653602,1.509361428493853
0.27805561112222443,PASSED,-0.2721810593796035,-0.14724713815382912,-0.21718125860177936,2.6899924971268825,0.7764212891719783,1.281103392034227
0.27905581116223244,PASSED,-0.27232839760849786,-0.1474382326216096,-0.17370327389960685,2.690769467104492,0.7775654535446072,1.0528716930251991
0.28005601120224044,PASSED,-0.27247590521146486,-0.14758587682734786,-0.1302714936307001,2.6915474671659547,0.7784814388840667,0.8247277704158624
0.28105621124224844,PASSED,-0.2726235387661654,-0.14769012416148555,-0.08689789447567028,2.692326269200927,0.7791693699386203,0.5967332439787012
0.28205641128225645,PASSED,-0.27277125490962895,-0.1477510399761991,-0.043594428205421906,2.693105645254598,0.7796294330362238,0.36894966668664997
0.28305661132226445,PASSED,-0.27291901035020355,-0.14776870156106883,-0.0003730226459448572,2.693885367589291,0.7798618761041809,0.1414386688040445
0.28405681136227245,PASSED,-0.2730667618794757,-0.14774319811126074,0.042754431444115476,2.694665208746086,0.779867008720254,-0.08573808574737021
0.28505701140228046,PASSED,-0.27321446638415997,-0.14767463069394812,0.08577607455830502,2.695444941606453,0.7796452020972069,-0.31251898124688104
0.28605721144228846,PASSED,-0.27336208085795305,-0.14756311221405993,0.12868008344144077,2.696224339453904,0.7791968890951454,-0.538842349271196
0.28705741148229647,PASSED,-0.2735095624133503,-0.1474087673727623,0.1714546798684388,2.6970031760355946,0.778522564166519,-0.7646466481966064
0.28805761152230447,PASSED,-0.27365686829341973,-0.14721173262327045,0.21408812924076107,2.6977812256239373,0.777622783356891,-0.9898702505822341
0.28905781156231247,PASSED,-0.2738039558835325,-0.14697215612748352,0.2565687401510377,2.6985582630781297,0.7764981642280753,-1.2144517143046154
0.2900580116023205,PASSED,-0.27395078272304435,-0.1466901977044999,0.2988848782053628,2.6993340639056393,0.7751493857640889,-1.4383296304409343
0.2910582116423285,PASSED,-0.27409730651692615,-0.1463660287761554,0.3410249617705631,2.7001084043236294,0.7735771883683756,-1.6614425725615116
0.2920584116823365,PASSED,-0.27424348514733954,-0.14599983231341884,0.38297746338050837,2.7008810613202496,0.7717823736783025,-1.8837294350809244
0.2930586117223445,PASSED,-0.2743892766851545,-0.14559180277541633,0.42473092108382504,2.701651812715854,0.7697658044575211,-2.1051290779149836
0.2940588117623525,PASSED,-0.27453463940140566,-0.14514214604510212,0.4662739364678138,2.702420437224073,0.7675284045225353,-2.3255805063662254
0.2950590118023605,PASSED,-0.27467953177868415,-0.14465107936565244,0.5075951747708982,2.7031867145127646,0.7650711585589538,-2.5450229350583053
0.2960592118423685,PASSED,-0.2748239125224609,-0.1441188312693956,0.5486833772475237,2.7039504252647686,0.762395111890883,-2.763395823412426
0.2970594118823765,PASSED,-0.27496774057233947,-0.14354564150372756,0.5895273579484192,2.7047113512385215,0.7595013703894471,-2.9806386201181367
0.2980596119223845,PASSED,-0.2751109751132338,-0.14293176095762145,0.6301160048779216,2.7054692753284555,0.756391100248229,-3.196691155284722
0.29905981196239245,PASSED,-0.2752535755864681,-0.14227745158003458,0.6704382927262001,2.7062239816252074,0.7530655277230779,-3.411493438395459
0.30006001200240046,PASSED,-0.2753955017007964,-0.1415829862979531,0.7104832749849648,2.7069752554755615,0.7495259389053714,-3.6249857372471284
0.30106021204240846,PASSED,-0.2755367134433364,-0.1408486489303694,0.7502400959827983,2.7077228835421807,0.745773679502653,-3.8371085130325944
0.30206041208241646,PASSED,-0.27567717109041695,-0.14007473409872306,0.789697988755376,2.7084666538630553,0.7418101545351202,-4.047802603866265
0.30306061212242447,PASSED,-0.275816835218334,-0.13926154713505715,0.8288462802729302,2.7092063559106676,0.7376368280245835,-4.257009114983675
0.30406081216243247,PASSED,-0.2759556667140127,-0.13840940398593166,0.8676743950271577,2.7099417806508503,0.733255222708891,-4.4646694494984445
0.3050610122024405,PASSED,-0.27609362678557214,-0.1375186311128831,0.906171858396153,2.71067272060134,0.728666919727288,-4.670725336339257
0.3060612122424485,PASSED,-0.27623067697278925,-0.13658956539119407,0.944328297217601,2.7113989698899617,0.7238735582101838,-4.8751189709475815
0.3070614122824565,PASSED,-0.27636677915745966,-0.13562255400500803,0.9821334454982974,2.7121203243124667,0.7188768349369933,-5.0777928080192885
0.3080616123224645,PASSED,-0.27650189557365146,-0.13461795433769805,1.0195771485177496,2.7128365813900004,0.713678503993715,-5.27868970011762
0.3090618123624725,PASSED,-0.2766359888178485,-0.13357613386040862,1.0566493631372196,2.713547540426147,0.7082803762854617,-5.477753047010587
0.3100620124024805,PASSED,-0.2767690218589813,-0.13249747001870182,1.093340160753206,2.7142530025635683,0.7026843191279928,-5.674926564440952
0.3110622124424885,PASSED,-0.2769009580483414,-0.13138235011406155,1.1296397338983595,2.7149527708402035,0.6968922558527997,-5.870154415694519
0.3120624124824965,PASSED,-0.2770317611293765,-0.1302311711820969,1.1655383973421882,2.715646650244992,0.6909061652529932,-6.063381389214555
0.3130626125225045,PASSED,-0.27716139524736333,-0.1290443398705788,1.2010265876353472,2.716334447773139,0.6847280811382672,-6.254552598400353
0.3140628125625125,PASSED,-0.2772898249589551,-0.12782227231146207,1.2360948734377166,2.7170159724808527,0.6783600918313791,-6.443613779213198
0.3150630126025205,PASSED,-0.2774170152416009,-0.1265653939911227,1.2707339516070972,2.7176910355395774,0.6718043395925007,-6.63051121198866
0.3160632126425285,PASSED,-0.27754293150283343,-0.125274139617966,1.3049346541898053,2.7183594502896855,0.6650630201146099,-6.815191655158897
0.3170634126825365,PASSED,-0.27766753958942314,-0.12394895298685073,1.338687949065583,2.71902103229358,0.6581383819113785,-6.9976025686129235
0.3180636127225445,PASSED,-0.27779080579639465,-0.12259028684033452,1.3719849448166366,2.719675599388237,0.6510327257230683,-7.177691934775171
0.3190638127625525,PASSED,-0.27791269687590364,-0.12119860272699846,1.4048168923490043,2.720322971737138,0.6437484039435813,-7.355408342628031
0.3200640128025605,PASSED,-0.2780331800459711,-0.11977437085824659,1.437175186353803,2.72096297188156,0.6362878199238954,-7.530701137724724
0.32106421284256853,PASSED,-0.27815222299907183,-0.11831806996106403,1.4690513710684157,2.7215954247912273,0.6286534273256682,-7.703520238562055
0.32206441288257653,PASSED,-0.2782697939105745,-0.11683018712735758,1.5004371421317901,2.722220157914297,0.6208477294912834,-7.873816231599971
0.32306461292258454,PASSED,-0.2783858614470313,-0.11531121766301332,1.5313243458192258,2.7228370012266456,0.6128732786861186,-8.04154052087475
0.32406481296259254,PASSED,-0.27850039477431376,-0.11376166493307946,1.5617049860102667,2.723445787280434,0.6047326753524773,-8.206645208819035
0.32506501300260054,PASSED,-0.2786133635655921,-0.11218204020279325,1.591571226470182,2.7240463512519733,0.5964285674716263,-8.369082995539078
0.32606521304260855,PASSED,-0.2787247380091561,-0.11057286247855352,1.6209153894194144,2.724638530988785,0.5879636497008064,-8.528807621007038
0.32706541308261655,PASSED,-0.2788344888160748,-0.10893465834610651,1.6497299611320764,2.725222167055934,0.5793406625899677,-8.685773437392822
0.3280656131226245,PASSED,-0.27894258722769205,-0.1072679618036783,1.6780075966256232,2.7257971027815358,0.5705623918561948,-8.839935598026429
0.3290658131626325,PASSED,-0.27904900502295626,-0.10557331409599155,1.7057411150608541,2.7263631843014413,0.5616316674604532,-8.991250260884906
0.3300660132026405,PASSED,-0.27915371452558124,-0.1038512635446975,1.7329235087828452,2.7269202606031175,0.5525513628089271,-9.139674245286942
0.3310662132426485,PASSED,-0.2792566886110369,-0.10210236537568365,1.7595479425011908,2.7274681835686274,0.5433243938906163,-9.285165366993546
0.3320664132826565,PASSED,-0.2793579007133661,-0.10032718154468918,1.7856077566566504,2.7280068080167648,0.533953718356812,-9.427682311678101
0.3330666133226645,PASSED,-0.27945732483182656,-0.09852628056186705,1.8110964669324603,2.7285359917442578,0.5244423346175551,-9.567184690976145
0.3340668133626725,PASSED,-0.2795549355373554,-0.09670023731294679,1.8360077702454654,2.7290555955660913,0.5147932809504108,-9.703632984589712
0.3350670134026805,PASSED,-0.2796507079788541,-0.0948496328781797,1.8603355444481626,2.7295654833548433,0.5050096344908367,-9.836988776230239
0.33606721344268853,PASSED,-0.27974461788929206,-0.09297505435036169,1.8840738500645926,2.7300655220791046,0.4950945102984168,-9.967214469879588
0.33706741348269653,PASSED,-0.2798366415916264,-0.09107709465042421,1.9072169331860558,2.7305555818408975,0.48505106039319223,-10.094273528787843
0.33806761352270454,PASSED,-0.27992675600453687,-0.08915635234074962,1.9297592273336155,2.7310355359121035,0.4748824726938132,-10.21813047977318
0.33906781356271254,PASSED,-0.28001493864797294,-0.08721343143730818,1.951695354179998,2.7315052607698695,0.4645919700086858,-10.338750822030265
0.34006801360272054,PASSED,-0.2801011676485127,-0.08524894122037574,1.9730201254340811,2.731964636130996,0.45418280904353575,-10.45610106056329
0.34106821364272855,PASSED,-0.28018542174453054,-0.08326349604177333,1.993728547381307,2.732413544985253,0.4436582792782055,-10.570148901841549
0.34206841368273655,PASSED,-0.28026768029117277,-0.08125771513288765,2.0138158165552613,2.7328518736276495,0.4330217019072392,-10.680863017049413
0.34306861372274455,PASSED,-0.28034792326513935,-0.07923222240998025,2.0332773271421822,2.7332795116895894,0.4222764287657291,-10.788213224483993
0.34406881376275256,PASSED,-0.28042613126927085,-0.07718764627805069,2.052108668454466,2.733696352168951,0.4114258411937095,-10.892170470376666
0.34506901380276056,PASSED,-0.28050228553693773,-0.0751246194327579,2.0703056298516613,2.734102291459034,0.4004733489209916,-10.992706807612063
0.34606921384276856,PASSED,-0.2805763679362325,-0.07304377866293985,2.087864196462321,2.7344972293763754,0.38942238893249675,-11.089795442416738
0.34706941388277657,PASSED,-0.28064836097396206,-0.0709457646500752,2.104780557132855,2.734881069187415,0.3782764242901256,-11.183410775674048
0.34806961392278457,PASSED,-0.2807182477994398,-0.06883122176691686,2.1210511005086694,2.7352537176340004,0.3670389429794253,-11.27352833405107
0.3490698139627926,PASSED,-0.2807860122080763,-0.06670079787603261,2.1366724178012997,2.7356150849577046,0.3557134567202674,-11.360124875895753
0.3500700140028006,PASSED,-0.28085163864476675,-0.06455514412652295,2.1516413039818887,2.735965084922971,0.34430349977061553,-11.443178332155984
0.3510702140428086,PASSED,-0.2809151122070755,-0.062394914749332835,2.165954759328945,2.73630363483903,0.33281262770614484,-11.522667886013787
0.3520704140828166,PASSED,-0.28097641864821604,-0.06022076685341357,2.1796099869794796,2.7366306555806212,0.3212444162092634,-11.598573904126535
0.3530706141228246,PASSED,-0.28103554437982536,-0.058033360219600455,2.1926043983688683,2.7369460716074716,0.3096024598353451,-11.670878020446173
0.3540708141628326,PASSED,-0.28109247647453284,-0.055833357093848984,2.2049356106732128,2.7372498109825427,0.2978903707529057,-11.739563123768239
0.3550710142028406,PASSED,-0.2811472026683224,-0.053621421981656654,2.216601446538413,2.737541805389028,0.2861117775083157,-11.804613325137835
0.35607121424284854,PASSED,-0.28119971136268757,-0.05139822143961224,2.227599939048417,2.7378219901460867,0.27427032375513116,-11.866014038548983
0.35707141428285655,PASSED,-0.2812499916265786,-0.049164423867205286,2.237929327979322,2.73809030422333,0.2623696669956736,-11.923751906729931
0.35807161432286455,PASSED,-0.28129803319814245,-0.04692069930041892,2.2475880593243827,2.738346690253991,0.2504134772526679,-11.977814967189614
0.35907181436287255,PASSED,-0.2813438264862538,-0.04466771920214841,2.2565747909012632,2.7385910945468463,0.23840543582980916,-12.028192393304787
0.36007201440288056,PASSED,-0.28138736257183755,-0.04240615625285294,2.264888388224952,2.738823467096839,0.22634923403475782,-12.074874729549062
0.36107221444288856,PASSED,-0.28142863320898354,-0.040136684143682454,2.2725279231341853,2.7390437615944103,0.21424857182955445,-12.117853855639579
0.36207241448289657,PASSED,-0.28146763082585147,-0.0378599773670374,2.27949267898563,2.7392519354335074,0.2021071565264058,-12.157122934821409
0.36307261452290457,PASSED,-0.281504348525368,-0.03557671100705397,2.2857821473153033,2.7394479497183095,0.1899287015313793,-12.192676368496553
0.3640728145629126,PASSED,-0.2815387800857153,-0.033287560532612705,2.291396025858591,2.7396317692686463,0.1777169250231277,-12.224509934755023
0.3650730146029206,PASSED,-0.2815709199606108,-0.030993201588605086,2.29633422277364,2.7398033626240768,0.16547554856605654,-12.252620805281932
0.3660732146429286,PASSED,-0.28160076327937916,-0.02869430978752146,2.30059685329029,2.7399627020466903,0.15320829588505458,-12.277007264815296
0.3670734146829366,PASSED,-0.2816283058468173,-0.026391560502773852,2.304184239052485,2.740109763522564,0.1409188915337516,-12.297669075628132
0.3680736147229446,PASSED,-0.28165354414285076,-0.024085628661528854,2.307096909373341,2.7402445267619253,0.12861105952459495,-12.314607298175655
0.3690738147629526,PASSED,-0.2816764753219849,-0.02177718853821065,2.309335599281446,2.7403669751979813,0.11628852206136878,-12.327824239926526
0.3700740148029606,PASSED,-0.28169709721254926,-0.019466913548787483,2.3109012495176495,2.740477095984446,0.10395499822866788,-12.337323561217147
0.3710742148429686,PASSED,-0.28171540831573666,-0.017155476045938495,2.3117950050698814,2.740574879991754,0.09161420265771798,-12.343110244105068
0.3720744148829766,PASSED,-0.28173140780443806,-0.014843547114948731,2.312018214936351,2.7406603218019607,0.07926984422105803,-12.345190565029881
0.3730746149229846,PASSED,-0.2817450955218735,-0.012531796370282386,2.311572431153009,2.7407334197023476,0.06692562475950524,-12.343572059234706
0.3740748149629926,PASSED,-0.2817564719800203,-0.0102208917534325,2.3104594073144686,2.7407941756777134,0.054585237748023346,-12.338263646313353
0.3750750150030006,PASSED,-0.28176553835783996,-0.007911499332207094,2.3086810971660285,2.7408425954013698,0.04225236699360233,-12.329275493159447
0.3760752150430086,PASSED,-0.2817722964993037,-0.0056042830997462875,2.3062396559906593,2.7408786882248695,0.029930685417187502,-12.316618965251754
0.3770754150830166,PASSED,-0.28177674891121957,-0.0032999047766123428,2.3031374345628013,2.7409024671664333,0.017623853725347884,-12.300306842898198
0.3780756151230246,PASSED,-0.28177889876086065,-0.000999023613018756,2.299376982947444,2.740913948898088,0.005335519082279246,-12.280353176515597
0.3790758151630326,PASSED,-0.2817787498733969,0.0012977038075890597,2.2949610457147305,2.7409131537315763,-0.006930686027509277,-12.25677306530381
0.38007601520304063,PASSED,-0.2817763067291314,0.003589623762738541,2.289892561439315,2.74090010560298,-0.019171145109668667,-12.229583093396448
0.38107621524304863,PASSED,-0.28177157446054285,0.00587608558397901,2.2841746611079055,2.7408748320561123,-0.03138225895284176,-12.198801009690861
0.38207641528305664,PASSED,-0.2817645588491355,0.008156441849207444,2.2778106679754515,2.7408373642246437,-0.04356044681122343,-12.164445757508869
0.38307661532306464,PASSED,-0.2817552663220991,0.010430048571712718,2.2708040921918218,2.7407877368130626,-0.05570214756120947,-12.126537411637482
0.3840768153630726,PASSED,-0.2817437039487787,0.01269626538822443,2.2631586327249726,2.740725988076356,-0.06780382103162323,-12.08509750959797
0.3850770154030806,PASSED,-0.2817298794369586,0.014954455745853357,2.2548781742315613,2.7406521597985436,-0.07986194913969459,-12.040148507053596
0.3860772154430886,PASSED,-0.28171380112896005,0.01720398708620831,2.2459667844372153,2.740566297269985,-0.09187303702458748,-11.991714136785736
0.3870774154830966,PASSED,-0.28169547799755557,0.01944423102751297,2.2364287125496225,2.7404684492635494,-0.10383361428078151,-11.93981933579958
0.3880776155231046,PASSED,-0.2816749196417023,0.021674563545569177,2.2262683883939287,2.74035866800961,-0.11574023608764068,-11.884490120898905
0.3890778155631126,PASSED,-0.2816521362820959,0.023894365151378178,2.215490417419053,2.740237009169896,-0.1275894843192845,-11.825753638807084
0.3900780156031206,PASSED,-0.2816271387565465,0.026103021068427833,2.2040995834700525,2.7401035318102327,-0.13937796867824181,-11.76363817239079
0.3910782156431286,PASSED,-0.28159993851518056,0.028299921405921236,2.1921008401756303,2.7399582983721613,-0.151102327805606,-11.698173097346446
0.3920784156831366,PASSED,-0.2815705476154685,0.030484461330845945,2.179499314757428,2.7398013746434793,-0.16275923033529635,-11.629388817919587
0.3930786157231446,PASSED,-0.28153897871708367,0.03265604123679848,2.166300300082602,2.739632829727692,-0.17434537598748842,-11.557316875040366
0.3940788157631526,PASSED,-0.2815052450765909,0.03481406691216362,2.1525092588868295,2.739452736012434,-0.1858574965883804,-11.48198975145972
0.3950790158031606,PASSED,-0.28146936054197086,0.03695794970415991,2.1381318140692516,2.739261169136829,-0.19729235710918158,-11.403441033695424
0.39607921584316863,PASSED,-0.2814313395469802,0.03908710668018132,2.1231737506561816,2.7390582079578567,-0.20864675667132235,-11.321705247771014
0.39707941588317663,PASSED,-0.2813911971053512,0.041200960788803115,2.10764101393221,2.73884393451571,-0.2199175295235555,-11.236817921874588
0.39807961592318464,PASSED,-0.28134894880483274,0.04329894101666066,2.0915397038077717,2.738618433998194,-0.23110154600156166,-11.14881551542718
0.39907981596319264,PASSED,-0.2813046108010757,0.04538048254176171,2.074876072629902,2.7383817947041433,-0.24219571350423452,-11.05773549416997
0.40008001600320064,PASSED,-0.28125819981136574,0.04744502688553096,2.057656524528812,2.7381341080059336,-0.25319697738364777,-10.963616136242052
0.40108021604320865,PASSED,-0.28120973310820474,0.04949202206327771,2.039887613225378,2.7378754683110693,-0.26410232183707455,-10.866496664883236
0.40208041608321665,PASSED,-0.28115922851274555,0.05152092272884238,2.021576033790853,2.737605973022892,-0.2749087708116395,-10.76641718101949
0.40308061612322466,PASSED,-0.2811067043880814,0.053531190318004435,2.0027286260761845,2.737325722500397,-0.28561338887592336,-10.663418653126838
0.40408081616323266,PASSED,-0.2810521796323934,0.05552229319052116,1.9833523701437628,2.737034820017249,-0.2962132819815021,-10.557542740546747
0.40508101620324066,PASSED,-0.2809956736719586,0.057493706766871135,1.9634543804874514,2.7367333717199367,-0.3067055983279015,-10.44883208363452
0.40608121624324867,PASSED,-0.2809372064540226,0.05944491366247815,1.9430419056867194,2.7364214865851397,-0.3170875291852572,-10.337330039836422
0.40708141628325667,PASSED,-0.28087679843953756,0.06137540382117851,1.9221223273761134,2.7360992763763416,-0.32735630955054873,-10.223080582261673
0.4080816163232647,PASSED,-0.2808144705957707,0.063284674643447,1.900703152196737,2.7357668555996733,-0.3375092189424779,-10.106128598374111
0.4090818163632727,PASSED,-0.28075024438878526,0.06517223111120476,1.8787920114651204,2.735424341459023,-0.3475435821874849,-9.986519676095535
0.4100820164032807,PASSED,-0.28068414177579704,0.06703758591216878,1.8563966606299727,2.73507185381046,-0.35745676999355896,-9.864299892726434
0.4110822164432887,PASSED,-0.28061618519740916,0.06888025955973168,1.8335249721848326,2.734709515115976,-0.3672461996411026,-9.73951615075513
0.4120824164832967,PASSED,-0.2805463975697291,0.07069978050838542,1.8101849329663595,2.7343374503965667,-0.3769093357071185,-9.612216009522951
0.41308261652330464,PASSED,-0.2804748022763705,0.0724956852680007,1.786384644047896,2.7339557871846742,-0.3864436906188862,-9.48244751326424
0.41408281656331264,PASSED,-0.28040142316034244,0.07426751851528947,1.762132316116029,2.7335646554760573,-0.3958468251998589,-9.350259292778384
0.41508301660332064,PASSED,-0.28032628451583036,0.0760148331997568,1.7374362633681992,2.73316418768102,-0.4051163493730909,-9.215700760201027
0.41608321664332865,PASSED,-0.2802494110798706,0.0777371906482238,1.7123049051995662,2.73275451857516,-0.414249922590891,-9.078821522866166
0.41708341668333665,PASSED,-0.28017082802392296,0.07943416066667702,1.6867467606223043,2.7323357852495085,-0.423245254373531,-8.93967195582256
0.41808361672334465,PASSED,-0.28009056094534335,0.08110532163742336,1.6607704441623456,2.731908127060217,-0.43210010487439604,-8.798302864226635
0.41908381676335266,PASSED,-0.28000863585876024,0.08275026061366275,1.634384664290768,2.7314716855777235,-0.44081228528416305,-8.654765440127278
0.42008401680336066,PASSED,-0.27992507918735826,0.08436857341139213,1.607598220021769,2.7310266045354896,-0.44937965827134907,-8.50911135189179
0.42108421684336866,PASSED,-0.2798399177540721,0.08595986469704622,1.5804199960756469,2.7305730297782613,-0.4578001384898907,-8.36139279630822
0.42208441688337667,PASSED,-0.27975317877269307,0.08752374807289025,1.552858962356278,2.7301111092099686,-0.4660716928831754,-8.211662124602347
0.42308461692338467,PASSED,-0.2796648898388935,0.08905984615896664,1.5249241685564738,2.7296409927411807,-0.47419234110874703,-8.059972292884508
0.4240848169633927,PASSED,-0.27957507892116984,0.09056779067094355,1.4966247409238604,2.729162832236255,-0.48216015589143874,-7.906376442563151
0.4250850170034007,PASSED,-0.2794837743517095,0.09204722249598768,1.4679698811243154,2.7286767814600887,-0.48997326334511293,-7.75092812774824
0.4260852170434087,PASSED,-0.27939100481718415,0.09349779176407877,1.4389688594022727,2.7281829960245965,-0.4976298432744005,-7.593681130313779
0.4270854170834167,PASSED,-0.27929679934947194,0.09491915791804048,1.4096310170013215,2.727681633334874,-0.5051281294476546,-7.434689535214174
0.4280856171234247,PASSED,-0.27920118731631327,0.09631098977797177,1.3799657552179476,2.727172852535085,-0.5124664098998112,-7.274007730118162
0.4290858171634327,PASSED,-0.27910419841190237,0.09767296560325721,1.3499825386637707,2.726656814454121,-0.519643027120521,-7.111690214437714
0.4300860172034407,PASSED,-0.27900586264741783,0.09900477315341447,1.3196908911529208,2.7261336815510115,-0.5266563782766581,-6.947791783936719
0.4310862172434487,PASSED,-0.27890621034149643,0.10030610974262769,1.2891003879201095,2.7256036178601457,-0.5335049154474788,-6.782367428743258
0.4320864172834567,PASSED,-0.27880527211065187,0.10157668229145603,1.2582206561004936,2.7250667889363025,-0.540187145755035,-6.615472226764975
0.4330866173234647,PASSED,-0.27870307885964307,0.10281620737882158,1.227061374875587,2.7245233617995437,-0.5467016314831854,-6.447161395740794
0.4340868173634727,PASSED,-0.27859966177179457,0.10402441128616768,1.1956322623264541,2.7239735048799307,-0.5530469902927301,-6.2774904187471
0.4350870174034807,PASSED,-0.27849505229927185,0.10520103004102889,1.1639430832176962,2.7234173879621486,-0.5592218952905207,-6.106514717153041
0.4360872174434887,PASSED,-0.27838928215331593,0.10634580945713368,1.1320036380295222,2.7228551821300346,-0.5652250750489018,-5.934289785866625
0.4370874174834967,PASSED,-0.27828238329443905,0.10745850517087119,1.0998237642094921,2.722287059711035,-0.5710553137411715,-5.760871296538212
0.4380876175235047,PASSED,-0.2781743879225858,0.10853888267465428,1.067413330165503,2.7217131942205803,-0.5767114512223172,-5.586314937550642
0.43908781756351273,PASSED,-0.27806532846726173,0.10958671734797198,1.0347822354191656,2.7211337603064467,-0.5821923829680478,-5.410676284517341
0.44008801760352073,PASSED,-0.2779552375776336,0.11060179448396845,1.0019404030479806,2.720548933693109,-0.5874970600893751,-5.2340110125338555
0.4410882176435287,PASSED,-0.27784414811260383,0.11158390931327146,0.968897780139673,2.7199588911260726,-0.5926244893987642,-5.056374840626038
0.4420884176835367,PASSED,-0.27773209313086195,0.11253286702658474,0.9356643354290124,2.7193638103162443,-0.597573733321116,-4.87782331016887
0.4430886177235447,PASSED,-0.27761910588091715,0.11344848279136377,0.9022500510123642,2.7187638698843464,-0.6023439098059207,-4.69841193456177
0.4440888177635527,PASSED,-0.2775052197911139,0.11433058176617095,0.868664924003728,2.7181592493053675,-0.6069341923582063,-4.518196297434952
0.4450890178035607,PASSED,-0.27739046845963405,0.1151789991150698,0.8349189654956168,2.717550128853128,-0.6113438098728253,-4.337231659408312
0.4460892178435687,PASSED,-0.27727488564448916,0.1159935800141017,0.8010221880560779,2.7169366895448968,-0.6155720465440251,-4.15557334572724
0.4470894178835767,PASSED,-0.27715850525350455,0.11677417965774295,0.7669846140313474,2.716319113086158,-0.6196182417852744,-3.973276504930822
0.4480896179235847,PASSED,-0.27704136133429963,0.117520663263348,0.7328162666541927,2.7156975818154825,-0.6234817900486962,-3.7903961024157327
0.4490898179635927,PASSED,-0.27692348806426625,0.11823290606909362,0.6985271651399121,2.715072278649556,-0.6271621406750402,-3.6069869756294226
0.4500900180036007,PASSED,-0.27680491974054905,0.11891079333195005,0.6641273280007765,2.7144433870283544,-0.6306587977709002,-3.423103842680363
0.4510902180436087,PASSED,-0.27668569077002914,0.11955422032299971,0.62962676641556,2.713811090860516,-0.6339713199685113,-3.238801100898367
0.4520904180836167,PASSED,-0.27656583565931625,0.1201630923167696,0.5950354786727636,2.7131755744688872,-0.6370993202399304,-3.054133051766331
0.4530906181236247,PASSED,-0.2764453890047501,0.12073732458070917,0.5603634541174576,2.71253702253629,-0.6400424657112582,-2.8691537510354244
0.4540908181636327,PASSED,-0.27632438548241506,0.12127684236116873,0.5256206646876249,2.7118956200515028,-0.6428004774013026,-2.6839169827171805
0.45509101820364073,PASSED,-0.27620285983817017,0.12178158086640975,0.4908170656099272,2.7112515522554745,-0.645373129989756,-2.498476325610858
0.45609121824364873,PASSED,-0.27608084687769807,0.12225148524565764,0.4559625883398641,2.7106050045878063,-0.6477602515569696,-2.3128850616153125
0.45709141828365674,PASSED,-0.2759583814565748,0.12268651056707766,0.42106714347346846,2.7099561626334654,-0.6499617233312865,-2.1271962494515315
0.45809161832366474,PASSED,-0.2758354984703637,0.12308662179343609,0.38614061494839486,2.7093052120698133,-0.651977479375794,-1.9414625745447864
0.45909181836367274,PASSED,-0.275712232844736,0.1234517937526064,0.35119285531825317,2.7086523386139003,-0.653807506297728,-1.7557364868602336
0.46009201840368075,PASSED,-0.2755886195256203,0.12378201110793292,0.31623368866536333,2.7079977279700573,-0.6554518429854386,-1.5700701549441014
0.46109221844368875,PASSED,-0.27546469346938457,0.1240772683247882,0.2812729023152396,2.707341565777836,-0.6569105802087789,-1.3845152689378757
0.46209241848369675,PASSED,-0.2753404896330521,0.12433756963430688,0.24632024765428312,2.706684037560226,-0.6581838603478143,-1.1991233857671262
0.46309261852370476,PASSED,-0.2752160429645549,0.12456292899611866,0.21138543791679176,2.706025328672265,-0.6592718770311689,-1.013945548412782
0.46409281856371276,PASSED,-0.2750913883930264,0.12475337005653472,0.17647814208223336,2.7053656242499406,-0.6601748747811874,-0.8290325510889498
0.46509301860372076,PASSED,-0.2749665608191367,0.12490892610493624,0.1416079859476972,2.7047051091595176,-0.6608931486231446,-0.6444347025361549
0.46609321864372877,PASSED,-0.2748415951054718,0.12502964002921468,0.10678454983228605,2.704043967947169,-0.6614270437593837,-0.4602020920409463
0.46709341868373677,PASSED,-0.27471652606696034,0.12511556426698922,0.07201736306934059,2.7033823847890495,-0.6617769551395666,-0.2763842389441164
0.4680936187237448,PASSED,-0.27459138846134984,0.12516676075358718,0.03731590228368422,2.702720543441712,-0.6619433270735151,-0.0930303972848333
0.4690938187637528,PASSED,-0.274466216979734,0.12518330087112398,0.002689594372186136,2.7020586271929585,-0.6619266528466402,0.0898106429814781
0.4700940188037607,PASSED,-0.2743410462371354,0.12516526539258607,-0.03185219381130104,2.7013968188130884,-0.6617274742715994,0.2720905297471615
0.47109421884376873,PASSED,-0.2742159107631433,0.12511274442331513,-0.06630015291071982,2.7007353005065635,-0.6613463812845436,0.45376129192821224
0.47209441888377673,PASSED,-0.2740908449926113,0.12502583734131192,-0.10064503473150427,2.700074253864111,-0.6607840115166459,0.6347754185439743
0.47309461892378474,PASSED,-0.27396588325641547,0.1249046527367701,-0.13487765108205801,2.6994138598152633,-0.6600410498232538,0.815085876623931
0.47409481896379274,PASSED,-0.27384105977227563,0.12474930834568304,-0.16898888442371027,2.698754298581335,-0.6591182278620205,0.9946460176396599
0.47509501900380074,PASSED,-0.2737164086356422,0.12455993098417732,-0.20296967956039064,2.69809574962886,-0.6580163236403203,1.1734096910739913
0.47609521904380875,PASSED,-0.2735919638106506,0.12433665648057203,-0.23681105296856375,2.6974383916235003,-0.6567361610025595,1.351331268885277
0.47709541908381675,PASSED,-0.2734677591211451,0.12407962960355641,-0.27050409304699696,2.6967824023843967,-0.6552786092152796,1.5283654662095847
0.47809561912382476,PASSED,-0.2733438282417746,0.12378900399032333,-0.30403996002379685,2.6961279588390354,-0.6536445824506738,1.7044676302032329
0.47909581916383276,PASSED,-0.27322020468916186,0.12346494207122184,-0.33740989181996145,2.695475236978565,-0.6518350392943214,1.87959350711839
0.48009601920384076,PASSED,-0.27309692181314876,0.12310761499350237,-0.3706052016524813,2.6948244118136238,-0.6498509822845528,2.053699344868757
0.48109621924384877,PASSED,-0.27297401278811934,0.12271720254229915,-0.4036172842370345,2.694175657330653,-0.6476934573873175,2.226741932146279
0.48209641928385677,PASSED,-0.27285151060440216,0.12229389305982567,-0.4364376146311055,2.693529146448725,-0.6453635534776923,2.3986785612779955
0.4830966193238648,PASSED,-0.27272944805975446,0.12183788336344763,-0.46905775087600343,2.6928850509768845,-0.6428624018386322,2.5694670242479987
0.4840968193638728,PASSED,-0.2726078577509299,0.12134937866090621,-0.5014693369850096,2.692243541571983,-0.6401911756714634,2.7390655957825847
0.4850970194038808,PASSED,-0.27248677206533106,0.12082859246387474,-0.5336641037290974,2.6916047876970723,-0.6373510895097253,2.907433205708459
0.4860972194438888,PASSED,-0.27236622317274994,0.12027574650050685,-0.5656338697937726,2.6909689575802878,-0.6343433987302868,3.0745291619252018
0.4870974194838968,PASSED,-0.2722462430171961,0.11969107062556943,-0.5973705450331805,2.690336218174292,-0.6311693990299336,3.240313392638527
0.4880976195239048,PASSED,-0.2721268633088162,0.11907480272924212,-0.628866130523374,2.68970673511626,-0.6278304258090743,3.4047464396732914
0.4890978195639128,PASSED,-0.2720081155159058,0.1184271886430088,-0.6601127233732864,2.6890806726883816,-0.6243278537128918,3.5677892005219403
0.4900980196039208,PASSED,-0.27189003085701474,0.1177484820459749,-0.6911025128076492,2.6884581937789425,-0.6206630960551083,3.7294032959577694
0.4910982196439288,PASSED,-0.2717726402931479,0.11703894436874426,-0.7218277868459768,2.687839459843934,-0.6168376042146987,3.889550870043963
0.4920984196839368,PASSED,-0.2716559745200637,0.11629884469448298,-0.7522809325381513,2.687224630869243,-0.6128528671254615,4.0481945686992615
0.4930986197239448,PASSED,-0.27154006396067093,0.11552845965935717,-0.7824544368509312,2.6866138653333995,-0.6087104106971359,4.205297668076391
0.4940988197639528,PASSED,-0.27142493875752577,0.11472807335305411,-0.8123408859377921,2.6860073201708765,-0.6044117972423688,4.360823979227464
0.4950990198039608,PASSED,-0.27131062876543066,0.11389797721497866,-0.8419329728339016,2.685405150735975,-0.5999586249136037,4.514737895123401
0.4960992198439688,PASSED,-0.271197163544136,0.11303846993076716,-0.8712234917965791,2.6848075107672913,-0.5953525270946051,4.667004434915338
0.4970994198839768,PASSED,-0.27108457235114686,0.11214985732725147,-0.9002053446617437,2.684214552352742,-0.5905951718598559,4.817589101304999
0.49809961992398477,PASSED,-0.27097288413463555,0.11123245226531603,-0.9288715401178996,2.683626425895194,-0.5856882613754315,4.966458073170736
0.4990998199639928,PASSED,-0.27086212752646094,0.11028657453301083,-0.9572151937634075,2.683043280078665,-0.5806335312872539,5.113578098182278
0.5001000200040008,PASSED,-0.27075233083529715,0.10931255073457781,-0.9852295348794337,2.6824652618351226,-0.5754327501644642,5.258916472528148
0.5011002200440088,PASSED,-0.27064352203987163,0.10831071418114556,-1.0129078991341112,2.6818925163118745,-0.5700877188883725,5.402441145133994
0.5021004200840168,PASSED,-0.2705357287823146,0.10728140477962901,-1.040243736438168,2.6813251868395587,-0.5646002700413196,5.544120648332283
0.5031006201240248,PASSED,-0.27042897836162066,0.1062249689177148,-1.0672306122315731,2.6807634149007233,-0.5589722673332372,5.683924081249037
0.5041008201640328,PASSED,-0.2703232977272241,0.1051417593514414,-1.0938622023012663,2.68020734009902,-0.5532056049827696,5.82182119661353
0.5051010202040408,PASSED,-0.2702187134726887,0.10403213508964995,-1.1201323014515967,2.6796571001290013,-0.547302207092015,5.957782353515159
0.5061012202440488,PASSED,-0.27011525182951346,0.10289646127717077,-1.1460348198309147,2.6791128307465115,-0.5412640270859018,6.091778441178535
0.5071014202840568,PASSED,-0.27001293866105497,0.10173510907786619,-1.1715637856203578,2.6785746657397156,-0.5350930470501777,6.223781098754537
0.5081016203240648,PASSED,-0.26991179945656774,0.10054845555633826,-1.1967133454663106,2.6780427369007183,-0.5287912771261,6.353762474293143
0.5091018203640728,PASSED,-0.2698118593253637,0.09933688355804833,-1.2214777668390182,2.6775171739978005,-0.5223607549433201,6.481695321770861
0.5101020204040808,PASSED,-0.269713142991091,0.09810078158954594,-1.2458514362779955,2.6769981047482894,-0.5158035449315994,6.607553138354089
0.5111022204440888,PASSED,-0.2696156747861342,0.09684054369673174,-1.2698288638383177,2.676485654792037,-0.509121737715435,6.731309934704665
0.5121024204840968,PASSED,-0.26951947864613546,0.09555656934306678,-1.293404680216052,2.6759799476655113,-0.502317449561159,6.852940300656939
0.5131026205241048,PASSED,-0.2694245781046393,0.09424926328627821,-1.3165736411702444,2.6754811047765372,-0.49539282165253046,6.972419647276249
0.5141028205641128,PASSED,-0.2693309962878598,0.09291903545454652,-1.3393306254393205,2.6749892453796424,-0.488350019494787,7.0897238313882855
0.5151030206041208,PASSED,-0.26923875590957236,0.09156630082249773,-1.3616706364551274,2.6745044865520304,-0.48119123235807215,7.204829340265902
0.5161032206441288,PASSED,-0.26914787926613115,0.09019147928459112,-1.383588805540928,2.674026943170205,-0.4739186725396384,7.317713470545789
0.5171034206841368,PASSED,-0.26905838823161093,0.088794995530055,-1.40508038719957,2.6735567278871963,-0.46653457477712573,7.428353957157228
0.5181036207241448,PASSED,-0.2689703042530766,0.0873772789160596,-1.426140765192619,2.6730939511104466,-0.4590411956543311,7.536729233219574
0.5191038207641528,PASSED,-0.2688836483459792,0.08593876333925841,-1.4467654512068988,2.6726387209802986,-0.451440812921074,7.64281839994883
0.5201040208041608,PASSED,-0.2687984410896798,0.08447988710898607,-1.4669500829826232,2.672191143349154,-0.44373572484101975,7.746601200124502
0.5211042208441689,PASSED,-0.2687147026231021,0.08300109281761109,-1.4866904303032162,2.6717513217612434,-0.4359282496087379,7.848057920386709
0.5221044208841769,PASSED,-0.2686324526405134,0.08150282721146823,-1.5059823900359395,2.6713193574330485,-0.4280207246769807,7.947169606004113
0.5231046209241849,PASSED,-0.2685517103874356,0.07998554106188568,-1.5248219892802997,2.6708953492343466,-0.4200155061191167,8.043917859103994
0.5241048209641929,PASSED,-0.26847249465668616,0.07844968903362402,-1.5432053875825604,2.6704793936699036,-0.41191496801673927,8.138284931226387
0.5251050210042009,PASSED,-0.2683948237845494,0.07689572955447527,-1.5611288735262234,2.6700715848618177,-0.4037215017712542,8.230253788324093
0.5261052210442089,PASSED,-0.26831871564707904,0.0753241246848576,-1.578588867011975,2.669672014532487,-0.39543751549149503,8.319807940715853
0.5271054210842169,PASSED,-0.2682441876565316,0.07373533998594714,-1.595581920176098,2.6692807719882254,-0.38706543337510846,8.406931566833727
0.5281056211242249,PASSED,-0.26817125675793263,0.07212984438587468,-1.6121047200033733,2.6688979441035157,-0.37860769502744007,8.49160953489149
0.5291058211642329,PASSED,-0.2680999394257739,0.07050811005013842,-1.6281540795581704,2.6685236153059253,-0.37006675480469803,8.57382734797573
0.5301060212042409,PASSED,-0.2680302516608442,0.06887061224779352,-1.6437269508693921,2.6681578675616273,-0.3614450812464067,8.653571031835142
0.5311062212442489,PASSED,-0.267962208987192,0.06721782921726478,-1.658820416968303,2.667800780361607,-0.35274515636106535,8.730827454345487
0.5321064212842569,PASSED,-0.2678958264492218,0.0655502420347816,-1.6734316928264386,2.667452430708483,-0.34396947497928326,8.805584000073107
0.5331066213242649,PASSED,-0.2678311186089236,0.06386833448077983,-1.6875581281186693,2.667112893103983,-0.3351205441776478,8.877828669343694
0.5341068213642729,PASSED,-0.267768099543236,0.062172592905498786,-1.7011972067226402,2.666782239537062,-0.32620088258093516,8.947550214958556
0.5351070214042809,PASSED,-0.2677067828415429,0.06046350609525298,-1.7143465459279168,2.6664605394726593,-0.31721301971379545,9.014737968593817
0.5361072214442889,PASSED,-0.26764718160330403,0.058741565139347356,-1.7270038958907734,2.6661478598411072,-0.3081594953941333,9.079381887041025
0.5371074214842969,PASSED,-0.26758930843581974,0.05700726329499695,-1.739167143323486,2.6658442650281797,-0.2990428590629246,9.14147262732045
0.5381076215243049,PASSED,-0.2675331754521295,0.05526109585387671,-1.75083430631808,2.6655498168657763,-0.28986566915000367,9.20100143665454
0.5391078215643129,PASSED,-0.267478794269045,0.05350356000800094,-1.7620035389142428,2.6652645746232584,-0.28063049243796556,9.257960228960524
0.5401080216043209,PASSED,-0.2674261760053171,0.0517351547140934,-1.7726731305697427,2.664988594999428,-0.27133990339908554,9.312341578826388
0.5411082216443288,PASSED,-0.2673753312799371,0.04995638056165436,-1.7828415003519145,2.6647219321151376,-0.26199648358137917,9.364138643626402
0.5421084216843368,PASSED,-0.2673262702105726,0.04816773963728882,-1.7925072070412869,2.6644646375065486,-0.25260282095689873,9.413345278383218
0.5431086217243448,PASSED,-0.2672790024121364,0.04636973539032063,-1.801668940252788,2.664216760119025,-0.24316150927759841,9.459955946578367
0.5441088217643528,PASSED,-0.267233536995491,0.04456287250015376,-1.810325523442927,2.6639783463016804,-0.2336751474280567,9.503965784850584
0.5451090218043608,PASSED,-0.267189882566286,0.04274765674062392,-1.818475916921115,2.6637494398025243,-0.2241463388416308,9.545370454142788
0.5461092218443688,PASSED,-0.26714804722392943,0.0409245948476744,-1.8261192103018022,2.6635300817643044,-0.2145776907799485,9.584166466708606
0.5471094218843768,PASSED,-0.26710803856069326,0.03909419438568351,-1.8332546297836068,2.6633203107209287,-0.20497181374831897,9.62035074157682
0.5481096219243848,PASSED,-0.2670698636609521,0.037256963612264424,-1.839881535842736,2.6631201625945478,-0.19533132090074945,9.653920918231359
0.5491098219643928,PASSED,-0.2670335291005553,0.03541341134721278,-1.8459994178575836,2.6629296706932855,-0.18565882729285635,9.684875401000951
0.5501100220044008,PASSED,-0.2669990409463317,0.033564046839121044,-1.8516079015811782,2.6627488657095606,-0.17595694935684622,9.71321295934958
0.5511102220444088,PASSED,-0.2669664047557281,0.03170937963112988,-1.8567067455978175,2.6625777757190683,-0.16622830427130486,9.738933169669169
0.5521104220844169,PASSED,-0.2669356255765792,0.029849919430423776,-1.861295837444959,2.66241642618039,-0.156475509226472,9.76203629494202
0.5531106221244249,PASSED,-0.2669067079470105,0.027986175976066674,-1.8653751989652012,2.662264839935218,-0.14670118089625175,9.782523020405707
0.5541108221644329,PASSED,-0.26687965589547225,0.026118658906319935,-1.8689449836010938,2.6621230372092053,-0.13690793483456054,9.800394755881538
0.5551110222044409,PASSED,-0.26685447294090625,0.024247877626667445,-1.872005477020089,2.6619910356134486,-0.12709838475001256,9.81565363699227
0.5561112222444489,PASSED,-0.2668311620930419,0.022374341182440992,-1.8745570890306902,2.661868850146592,-0.11727514193304514,9.828302270284205
0.5571114222844569,PASSED,-0.26680972585282453,0.020498558124813982,-1.8766003700245604,2.661756493197527,-0.10744081471945202,9.838343842465719
0.5581116223244649,PASSED,-0.266790166212973,0.01862103638101461,-1.8781359929825836,2.6616539745487424,-0.09759800775053491,9.845782386551376
0.5591118223644729,PASSED,-0.2667724846586673,0.01674228312769871,-1.8791647602047734,2.6615613013802664,-0.08774932139202275,9.850622339819363
0.5601120224044809,PASSED,-0.2667566821683657,0.014862804659134815,-1.8796876074699755,2.6614784782742213,-0.07789735120990576,9.852868743648758
0.5611122224444889,PASSED,-0.26674275921475,0.012983106259597308,-1.879705594249193,2.661405507220014,-0.06804468724056324,9.85252745313839
0.5621124224844969,PASSED,-0.26673071576579965,0.0111036920758013,-1.8792199101605547,2.6613423876200812,-0.05819391345516135,9.849604673577563
0.5631126225245049,PASSED,-0.2667205512859931,0.009225064989249724,-1.8782318708122578,2.6612891162962957,-0.048347607166970875,9.844107364599077
0.5641128225645129,PASSED,-0.266712264737636,0.007347726489778289,-1.8767429185775548,2.661245687496943,-0.038508338363405954,9.836043096208812
0.5651130226045209,PASSED,-0.2667058545823164,0.005472176548667015,-1.874754622800419,2.6612120929042926,-0.028678669183396437,9.825419902543318
0.5661132226445289,PASSED,-0.26670131878248504,0.0035989134946788743,-1.872268674779956,2.661188321642788,-0.018861153289840532,9.812246554230967
0.5671134226845369,PASSED,-0.2666986548031612,0.0017284338880310922,-1.8692868945596668,2.66117436028781,-0.00905833525515051,9.796532354996057
0.5681136227245449,PASSED,-0.26669785961376274,-0.00013876760379631517,-1.8658112233392343,2.6611701928750398,0.0007272499801227374,9.778287155458042
0.5691138227645529,PASSED,-0.26669892969006004,-0.0020021983279559785,-1.861843724706616,2.6611758009104003,0.010493077711418228,9.757521448520457
0.5701140228045609,PASSED,-0.26670186101625215,-0.0038613677696765457,-1.8573865863965355,2.6611911633805914,0.020236634074088135,9.734246305436212
0.5711142228445689,PASSED,-0.2667066490871665,-0.00571578767505524,-1.8524421180334667,2.661216256764191,0.029955416586533657,9.708473317118393
0.5721144228845769,PASSED,-0.26671328891057855,-0.0075649721701775375,-1.8470127465148511,2.661251055043348,0.03964693474126444,9.680214713139033
0.5731146229245849,PASSED,-0.26672177500965305,-0.009408437882196401,-1.8411010223548734,2.661295529716034,0.049308710579021885,9.649483254169711
0.5741148229645929,PASSED,-0.2667321014255044,-0.011245704059175573,-1.834709613395368,2.6613496498088787,0.05893827925722904,9.61629229423212
0.5751150230046009,PASSED,-0.2667442617198763,-0.013076292687722636,-1.8278413053148586,2.6614133818905485,0.06853318958704963,9.580655686879554
0.5761152230446089,PASSED,-0.2667582489779396,-0.014899728611122591,-1.8204990021233554,2.661486690085709,0.07809100462356368,9.542587936270378
0.5771154230846169,PASSED,-0.2667740558112066,-0.016715539645272916,-1.8126857221683081,2.6615695360895377,0.08760930222984636,9.502104052957561
0.5781156231246249,PASSED,-0.26679167436056206,-0.01852325669530924,-1.8044046019483329,2.661661879182789,0.09708567559262228,9.459219569321508
0.579115823164633,PASSED,-0.26681109629940963,-0.02032241387064907,-1.795658890934168,2.661763676247392,0.10651773375937343,9.413950565037585
0.580116023204641,PASSED,-0.26683231283693193,-0.022112548596889246,-1.786451949777515,2.6618748817826345,0.11590310226227578,9.366313794812193
0.581116223244649,PASSED,-0.26685531472146456,-0.02389320173051688,-1.7767872561943745,2.6619954479218455,0.12523942358670695,9.316326344177138
0.582116423284657,PASSED,-0.26688009224398207,-0.025663917670738626,-1.7666683962399938,2.6621253244496357,0.13452435767945423,9.264005925127389
0.583116623324665,PASSED,-0.2669066352416953,-0.027424244468489557,-1.7560990654248916,2.6622644588196667,0.1437555825687685,9.209370865438844
0.584116823364673,PASSED,-0.2669349331017589,-0.0291737339375684,-1.7450830715148133,2.6624127961729513,0.15293079484984523,9.152439891501974
0.585117023404681,PASSED,-0.2669649747650882,-0.030911941763220173,-1.7336243284097388,2.662570279356671,0.16204771015581534,9.09323224894887
0.586117223444689,PASSED,-0.26699674873028334,-0.03263842760865288,-1.7217268567813444,2.662736848943507,0.1711040637297495,9.031767790591033
0.587117423484697,PASSED,-0.2670302430576615,-0.034352755222362974,-1.7093947849959195,2.662912443251501,0.18009761095266613,8.968066844466996
0.588117623524705,PASSED,-0.267065445373394,-0.03605449254297074,-1.6966323443489981,2.663096998364407,0.18902612778141384,8.902150151601507
0.589117823564713,PASSED,-0.26710234287374823,-0.03774321180279177,-1.68344387013573,2.6632904481525643,0.19788741129978857,8.83403909622354
0.590118023604721,PASSED,-0.2671409223294335,-0.03941848963174944,-1.669833801505634,2.66349272429425,0.20667928021639806,8.763755463533467
0.591118223644729,PASSED,-0.26718117009004805,-0.04107990715806,-1.6558066761805192,2.6637037562975454,0.21539957532725132,8.691321542399782
0.592118423684737,PASSED,-0.2672230720886282,-0.04272705010852669,-1.6413671333241429,2.6639234715226694,0.22404616001337072,8.616760115265837
0.593118623724745,PASSED,-0.267266613846297,-0.04435950890925369,-1.6265199123289102,2.6641517952048184,0.23261692074182982,8.540094470587972
0.594118823764753,PASSED,-0.2673117804770105,-0.04597687878139097,-1.611269845342862,2.6643886504774645,0.24110976751421376,8.461348306914548
0.595119023804761,PASSED,-0.26735855669240255,-0.04757875983862779,-1.595621865166122,2.664633958396135,0.24952263433483068,8.380545829751904
0.596119223844769,PASSED,-0.26740692680672457,-0.04916475718323798,-1.5795809975729016,2.6648876379626665,0.2578534797152129,8.297711747469116
0.597119423884777,PASSED,-0.2674568747418804,-0.0507344809988564,-1.563152360982101,2.6651496061498987,0.2661002870800641,8.212871109772545
0.5981196239247849,PASSED,-0.26750838403255417,-0.05228754664352857,-1.5463411671322178,2.6654197779268487,0.2742610652437031,8.126049532883231
0.5991198239647929,PASSED,-0.26756143783143,-0.053823574740378896,-1.529152716662402,2.6656980662843246,0.28233384888703367,8.03727305029555
0.6001200240048009,PASSED,-0.2676160189145027,-0.055342191269259565,-1.5115924036928472,2.665984382260977,0.2903166989409395,7.946568056312662
0.6011202240448089,PASSED,-0.2676721096864768,-0.05684302765252261,-1.4936657029765013,2.6662786349698018,0.298207703055236,7.853961486285798
0.6021204240848169,PASSED,-0.26772969218625386,-0.05832572084327977,-1.4753781826109227,2.666580731625072,0.3060049760519876,7.759480670395504
0.6031206241248249,PASSED,-0.2677887480925059,-0.05978991341209767,-1.4567354929558753,2.6668905775696863,0.31370666029037897,7.663153283721859
0.6041208241648329,PASSED,-0.26784925872933335,-0.061235253628819694,-1.4377433658994665,2.667208076302958,0.32131092612928697,7.565007542365425
0.6051210242048409,PASSED,-0.2679112050720067,-0.06266139554619601,-1.4184076183608865,2.6675331295088003,0.3288159723428714,7.4650719943971415
0.6061212242448489,PASSED,-0.2679745677527898,-0.06406799908169357,-1.398734146921998,2.66786563708433,0.3362200264839639,7.363375572222744
0.6071214242848569,PASSED,-0.2680393270668432,-0.06545473009547792,-1.3787289250259291,2.66820549716887,0.34352134531487727,7.2599476700404795
0.6081216243248649,PASSED,-0.2681054629782066,-0.06682126046949154,-1.358398006672054,2.66855260617335,0.3507182152163305,7.15481805572834
0.6091218243648729,PASSED,-0.2681729551258585,-0.0681672681840764,-1.337747519860075,2.6689068588100993,0.3578089525338762,7.048016825423879
0.610122024404881,PASSED,-0.2682417828298513,-0.06949243739166056,-1.3167836660668832,2.6692681481230105,0.3647919039645232,6.939574500795776
0.611122224444889,PASSED,-0.26831192509752083,-0.07079645849095531,-1.2955127214466668,2.6696363655180986,0.37166544697228,6.8295220123975025
0.612122424484897,PASSED,-0.26838336062976753,-0.07207902819871698,-1.2739410319716777,2.6700114007944107,0.3784279901031004,6.717890543102446
0.613122624524905,PASSED,-0.26845606782740955,-0.07333984961924736,-1.252075012902849,2.670393142175321,0.38507797337064,6.60471175049772
0.614122824564913,PASSED,-0.2685300247976045,-0.07457863231302496,-1.229921147694082,2.6707814763401623,0.3916138686171779,6.490017577231404
0.615123024604921,PASSED,-0.2686052093603383,-0.07579509236297252,-1.2074859847832333,2.671176288456214,0.398034179828014,6.373840299905826
0.616123224644929,PASSED,-0.2686815990549812,-0.07698895244088073,-1.184776139991547,2.6715774622110358,0.4043374434972585,6.256212582136894
0.617123424684937,PASSED,-0.2687591711469063,-0.07815994186910932,-1.1617982870532635,2.6719848798451467,0.41052222898249024,6.137167420628333
0.618123624724945,PASSED,-0.2688379026341722,-0.07930779668274375,-1.1385591646885218,2.672398422185011,0.4165871387709476,6.016738033676778
0.619123824764953,PASSED,-0.26891777025426533,-0.0804322596904604,-1.115065569735392,2.672817968676366,0.4225308088307972,5.8949580772981385
0.620124024804961,PASSED,-0.26899875049090183,-0.08153308053154704,-1.0913243553208052,2.6732433974178504,0.42835190894294134,5.771861468708182
0.621124224844969,PASSED,-0.2690808195808865,-0.0826100157322525,-1.0673424309619177,2.6736745851949566,0.4340491429761418,5.647482409528556
0.622124424884977,PASSED,-0.2691639535210272,-0.08366282876144616,-1.0431267613481603,2.674111407514271,0.43962124918726747,5.521855412190437
0.623124624924985,PASSED,-0.26924812807510357,-0.08469129008323295,-1.0186843620792116,2.674553738638009,0.4450670005168399,5.395015274493797
0.624124824964993,PASSED,-0.26933331878088707,-0.08569517720698415,-0.9940222981991859,2.6750014516188427,0.4503852048793028,5.266997087775589
0.625125025005001,PASSED,-0.26941950095721123,-0.08667427473719069,-0.969147684878133,2.675454418335,0.45557470542241213,5.13783617999852
0.626125225045009,PASSED,-0.2695066497110905,-0.0876283744215917,-0.9440676840829204,2.675912509525644,0.4606343808043846,5.007568183288473
0.627125425085017,PASSED,-0.26959473994488575,-0.08855727519627633,-0.9187895017524348,2.676375594826498,0.4655631454467839,4.876228948473084
0.628125625125025,PASSED,-0.26968374636351383,-0.08946078322858136,-0.8933203860067461,2.676843542805748,0.47035994979309015,4.743854611528277
0.629125825165033,PASSED,-0.26977364348170013,-0.09033871195951342,-0.8676676275489198,2.677316221000181,0.47502378055449934,4.610481527996497
0.630126025205041,PASSED,-0.2698644056312726,-0.09119088214485159,-0.8418385571976782,2.6777934959515624,0.47955366093393254,4.476146280390929
0.631126225245049,PASSED,-0.26995600696849376,-0.09201712189117832,-0.8158405390794254,2.6782752332432516,0.48394865086353284,4.340885695739827
0.632126425285057,PASSED,-0.27004842148143093,-0.0928172666932902,-0.789680977466837,2.678761297537041,0.4882078472342895,4.2047368207679
0.633126625325065,PASSED,-0.27014162299736066,-0.09359115946852792,-0.76336730708495,2.6792515526102094,0.4923303840907995,4.067736880338092
0.634126825365073,PASSED,-0.27023558519020696,-0.09433865058803842,-0.7369069944608657,2.67974586139278,0.49631543283112173,3.9299233136450202
0.635127025405081,PASSED,-0.27033028158801126,-0.09505959790888617,-0.7103075384390239,2.680244086004994,0.5001622024441966,3.791333812694881
0.636127225445089,PASSED,-0.27042568558043056,-0.09575386680063364,-0.6835764606197645,2.680746087794955,0.5038699396519825,3.6520061378465365
0.637127425485097,PASSED,-0.2705217704262645,-0.09642133017265994,-0.6567213129640058,2.6812517273764707,0.5074379290867935,3.5119782994540785
0.638127625525105,PASSED,-0.2706185092610067,-0.09706186849885524,-0.6297496683495031,2.6817608646670696,0.5108654935173336,3.371288517930612
0.639127825565113,PASSED,-0.2707158751044203,-0.09767536984007043,-0.6026691231256341,2.6822733589261882,0.5141519939736771,3.2299750819520363
0.640128025605121,PASSED,-0.27081384086813465,-0.09826172986412243,-0.5754872913362684,2.6827890687934945,0.5172968298624142,3.0880764265938483
0.6411282256451291,PASSED,-0.27091237936326173,-0.09882085186450043,-0.5482118064058301,2.6833078523273937,0.5202994391934941,2.945631267403854
0.6421284256851371,PASSED,-0.27101146330803016,-0.09935264677752724,-0.5208503174407998,2.6838295670436487,0.5231592986766883,2.8026782937210655
0.6431286257251451,PASSED,-0.27111106533543416,-0.09985703319593847,-0.4934104857248533,2.6843540699541566,0.525875923828244,2.659256390112218
0.6441288257651531,PASSED,-0.27121115800089685,-0.1003339373818386,-0.46589998601699545,2.6848812176058203,0.5284488691232085,2.5154045648659222
0.6451290258051611,PASSED,-0.27131171378994406,-0.10078329327700251,-0.4383265012618454,2.685410866119558,0.5308777280959801,2.3711619113753533
0.6461292258451691,PASSED,-0.27141270512588866,-0.10120504251166239,-0.41069772359188783,2.6859428712294195,0.5331621334514799,2.2265676515826365
0.6471294258851771,PASSED,-0.27151410437752094,-0.10159913440990372,-0.3830213480076228,2.686477088321783,0.5353017571319952,2.081661033137263
0.6481296259251851,PASSED,-0.27161588386680574,-0.10196552599531455,-0.35530507701299363,2.6870133724746417,0.5372963104040891,1.9364814313982464
0.6491298259651931,PASSED,-0.2717180158765816,-0.1023041819920691,-0.3275566099155944,2.687551578496995,0.5391455439856896,1.7910683484019467
0.6501300260052011,PASSED,-0.27182047265826215,-0.10261507482576791,-0.2997836495543145,2.688091560968268,0.5408492480297377,1.6454611744787817
0.6511302260452091,PASSED,-0.2719232264395358,-0.10289818462155531,-0.2719938932761233,2.688633174277829,0.5424072522268892,1.4996995456000994
0.6521304260852171,PASSED,-0.27202624943206344,-0.10315349919970933,-0.24419503473927281,2.6891762726645316,0.543819425864244,1.3538230318578215
0.6531306261252251,PASSED,-0.27212951383917017,-0.10338101406998931,-0.2163947606404606,2.689720710256312,0.5450856778149183,1.2078712298853633
0.6541308261652331,PASSED,-0.2722329918635309,-0.10358073242374446,-0.18860074916494524,2.690266341109813,0.5462059566045199,1.0618838294121966
0.655131026205241,PASSED,-0.2723366557148462,-0.10375266512367559,-0.16082066710857776,2.6908130192500326,0.5471802504220412,0.9159004762609106
0.656131226245249,PASSED,-0.2724404776175073,-0.10389683069088222,-0.13306216727200684,2.691360598709968,0.5480085870841216,0.7699607859599329
0.657131426285257,PASSED,-0.2725444298182478,-0.10401325529187756,-0.10533289014425005,2.6919089335703053,0.548691034121271,0.6241045379422216
0.658131626325265,PASSED,-0.2726484845937796,-0.1041019727210136,-0.07764045513057016,2.6924578779990407,0.5492276986766584,0.47837123368444007
0.659131826365273,PASSED,-0.2727526142584122,-0.1041630243820496,-0.04999246497295087,2.6930072862911385,0.5496187275065504,0.33280056069700453
0.660132026405281,PASSED,-0.2728567911716517,-0.1041964592694252,-0.022396502310714883,2.6935570129081303,0.5498643070064855,0.18743212609385115
0.661132226445289,PASSED,-0.2729609877457787,-0.10420233394282363,0.005139879209750965,2.6941069125176917,0.5499646630954709,0.04230539757977556
0.662132426485297,PASSED,-0.27306517645340234,-0.10418071250399244,0.032609145245478005,2.6946568400331548,0.5499200611670781,-0.10254014570788764
0.663132626525305,PASSED,-0.27316932983498843,-0.1041316665707348,0.06000379193241793,2.6952066506529904,0.5497308061014312,-0.24706501227311992
0.664132826565313,PASSED,-0.27327342050636066,-0.10405527524696662,0.08731634499203551,2.69575619990018,0.5493972420986332,-0.3912299964811814
0.665133026605321,PASSED,-0.2733774211661705,-0.1039516250912888,0.11453936280164241,2.6963053436615616,0.548919752646119,-0.5349957565360415
0.666133226645329,PASSED,-0.2734813046033359,-0.1038208100845759,0.14166543598709833,2.696853938227041,0.5482987604345626,-0.6783231815701499
0.667133426685337,PASSED,-0.2735850437044468,-0.10366293159659334,0.16868718931286075,2.6974018403287263,0.5475347272028515,-0.821173265138453
0.668133626725345,PASSED,-0.2736886114611328,-0.1034780983463443,0.19559729087315872,2.6979489071799385,0.5466281536525173,-0.9635070737981345
0.669133826765353,PASSED,-0.27379198097739427,-0.10326642636312221,0.22238844478805403,2.6984949965141327,0.5455795793663067,-1.1052857611521079
0.670134026805361,PASSED,-0.27389512547689215,-0.10302803894767937,0.24905339587937853,2.699039966623635,0.5443895825731144,-1.2464708145524617
0.671134226845369,PASSED,-0.2739980183101967,-0.10276306662725959,0.2755849367800561,2.699583676398285,0.5430587800581707,-1.3870236485379899
0.6721344268853771,PASSED,-0.2741006329619909,-0.10247164710951648,0.30197590505183175,2.7001259853639037,0.54158782704482,-1.5269059232256146
0.6731346269253851,PASSED,-0.2742029430582282,-0.102153925237266,0.32821918371625947,2.700666753720596,0.5399774169361138,-1.666079565693225
0.6741348269653931,PASSED,-0.274304922373242,-0.1018100529380574,0.35430770953683816,2.7012058423808862,0.5382282811769332,-1.8045065548388592
0.6751350270054011,PASSED,-0.27440654483680477,-0.10144018917301735,0.3802344687088677,2.701743113007662,0.5363411890965508,-1.9421490974114848
0.6761352270454091,PASSED,-0.27450778454113445,-0.1010444998834933,0.4059925034008381,2.7022784280519185,0.5343169476397588,-2.078969696379147
0.6771354270854171,PASSED,-0.2746086157478476,-0.10062315793611812,0.43157491002475434,2.702811650790308,0.5321564011951241,-2.214930943471872
0.6781356271254251,PASSED,-0.2747090128948553,-0.10017634306568107,0.4569748440452302,2.7033426453624516,0.5298604313752462,-2.349995737481973
0.6791358271654331,PASSED,-0.27480895060320143,-0.09970424181551218,0.4821855209179814,2.703871276808034,0.5274299567442591,-2.484127226657236
0.6801360272054411,PASSED,-0.2749084036838409,-0.09920704747639202,0.5072002179216158,2.7043974111036535,0.5248659326061816,-2.617288745690823
0.6811362272454491,PASSED,-0.27500734714435515,-0.09868496002394402,0.5320122754655676,2.704920915199413,0.5221693507324519,-2.7494439590890494
0.6821364272854571,PASSED,-0.27510575619560473,-0.09813818605403038,0.5566150995456794,2.7054416570552595,0.5193412390868486,-2.880556769945963
0.6831366273254651,PASSED,-0.2752036062583147,-0.09756693871453184,0.5810021661337864,2.705959505677031,0.5163826615512052,-3.0105913794415233
0.6841368273654731,PASSED,-0.2753008729695936,-0.0969714376377965,0.6051670171363809,2.7064743311522363,0.5132947176412388,-3.139512263649508
0.6851370274054811,PASSED,-0.2753975321893817,-0.09635190886986662,0.6291032684588698,2.706986004685521,0.510078542184883,-3.2672842514933182
0.6861372274454891,PASSED,-0.27549356000682834,-0.09570858479801296,0.6528046074501903,2.7074943986338345,0.5067353050205124,-3.3938724396222004
0.6871374274854971,PASSED,-0.27558893274659596,-0.09504170407627786,0.6762647979250282,2.7079993865412595,0.5032662106545066,-3.519242316928395
0.6881376275255051,PASSED,-0.2756836269750883,-0.09435151154927139,0.699477679727458,2.7085008431735482,0.499672497965654,-3.643359603468848
0.6891378275655131,PASSED,-0.27577761950660284,-0.09363825817529378,0.7224371701443727,2.7089986445522656,0.4959554398082078,-3.7661905267645186
0.6901380276055211,PASSED,-0.2758708874094033,-0.0929022009457706,0.7451372691090438,2.7094926679886124,0.4921163426509926,-3.887701577515654
0.6911382276455291,PASSED,-0.2759634080117124,-0.092143602803941,0.7675720569766189,2.709982792116873,0.48815654626365645,-4.007859593883135
0.6921384276855371,PASSED,-0.27605515890762217,-0.09136273256213522,0.7897356983585786,2.710468896927489,0.4840774232891017,-4.126631895002513
0.6931386277255451,PASSED,-0.27614611796292055,-0.09055986481717991,0.8116224426864698,2.7109508637997357,0.4798803788308814,-4.243986167032001
0.6941388277655531,PASSED,-0.27623626332083195,-0.08973527986356888,0.8332266275607316,2.7114285755340144,0.47556685010124256,-4.3598904380435215
0.6951390278055611,PASSED,-0.27632557340767094,-0.08888926360503584,0.8545426791812727,2.711901916383715,0.4711383059755815,-4.474313250739495
0.6961392278455691,PASSED,-0.27641402693840694,-0.08802210746573988,0.875565112705753,2.7123707720866763,0.4665962465552034,-4.587223533470525
0.6971394278855771,PASSED,-0.276501602922138,-0.08713410829841271,0.8962885370747856,2.712835029896212,0.46194220276854286,-4.698590622120453
0.6981396279255851,PASSED,-0.27658828066747304,-0.08622556829079965,0.9167076546385845,2.7132945786116696,0.45717773587370486,-4.808384409983099
0.6991398279655932,PASSED,-0.27667403978782024,-0.08529679487275214,0.936817260320111,2.713749308608581,0.4523044370432602,-4.916575110752483
0.7001400280056012,PASSED,-0.27675886020657964,-0.08434810061890446,0.9566122495327444,2.714199111868285,0.44732392685101624,-5.023133579904872
0.7011402280456092,PASSED,-0.27684272216223993,-0.08337980315125328,0.9760876130634856,2.7146438820071492,0.44223785484105815,-5.128030963326852
0.7021404280856172,PASSED,-0.2769256062133764,-0.08239222504143093,0.9952384409949414,2.715083514305237,0.4370478990006018,-5.231239091876066
0.7031406281256252,PASSED,-0.27700749324354945,-0.08138569370918336,1.0140599264159909,2.7155179057345213,0.4317557652450746,-5.332730197961381
0.7041408281656332,PASSED,-0.2770883644661017,-0.08036054132003424,1.0325473643045135,2.7159469549865802,0.4263631869670725,-5.432476998029245
0.7051410282056412,PASSED,-0.27716820142885357,-0.0793171046846586,1.050696149423081,2.7163705624997663,0.4208719244550532,-5.530452854679315
0.7061412282456492,PASSED,-0.2772469860186939,-0.07825572515196354,1.0685017882097025,2.7167886304858553,0.41528376436297176,-5.626631583682869
0.7071414282856572,PASSED,-0.2773247004660661,-0.07717674850323444,1.085959889075359,2.7172010629561743,0.4096005192351661,-5.720987490554193
0.7081416283256652,PASSED,-0.2774013273493477,-0.07608052484706906,1.103066167558723,2.7176077657471387,0.4038240268621096,-5.8134956280580745
0.7091418283656732,PASSED,-0.2774768495991224,-0.07496740851020701,1.1198164497309437,2.7180086465452846,0.39795614976508714,-5.904131409665379
0.7101420284056812,PASSED,-0.2775512505023427,-0.07383775792627731,1.136206673395553,2.718403614911693,0.391998774650705,-5.992870917526689
0.7111422284456892,PASSED,-0.2776245137063832,-0.07269193552745244,1.1522328824443837,2.718792582305878,0.38595381179816196,-6.079690809220645
0.7121424284856971,PASSED,-0.27769662322298183,-0.07153030763251486,1.1678912365996987,2.719175462109036,0.3798231944270094,-6.1645684124405085
0.7131426285257051,PASSED,-0.27776756343206954,-0.07035324433161108,1.1831780104398213,2.7195521696467577,0.37360887819004623,-6.247481453311618
0.7141428285657131,PASSED,-0.2778373190854857,-0.06916111937424242,1.1980895886545744,2.7199226222111017,0.36731284053343627,-6.328408458808868
0.7151430286057211,PASSED,-0.27790587531057975,-0.06795431005517678,1.212622472673009,2.7202867390820624,0.3609370800100613,-6.407328566419018
0.7161432286457291,PASSED,-0.27797321761369687,-0.06673319709547626,1.2267732843855268,2.720644441548437,0.3544836157628913,-6.484221367670694
0.7171434286857371,PASSED,-0.2780393318835473,-0.06549816452737098,1.240538757251792,2.7209956529280275,0.34795448683485036,-6.559067301621024
0.7181436287257451,PASSED,-0.27810420439445865,-0.06424959957764259,1.253915744712794,2.7213402985872412,0.3413517515024628,-6.631847352898561
0.7191438287657531,PASSED,-0.278167821809509,-0.06298789254609231,1.2669012227752756,2.7216783059600407,0.3346774867187288,-6.702543070957603
0.7201440288057611,PASSED,-0.2782301711835422,-0.06171343668756048,1.279492282369548,2.7220096045662134,0.32793378735858286,-6.771136886271544
0.7211442288457691,PASSED,-0.2782912399660619,-0.06042662809225838,1.2916861372571309,2.7223341260290232,0.3211227655941677,-6.837611683177611
0.7221444288857771,PASSED,-0.27835101600400586,-0.059127865562977694,1.3034801239630605,2.7226518040921683,0.3142465502730372,-6.901951079765716
0.7231446289257851,PASSED,-0.27840948754439804,-0.05781755049412751,1.3148716987749343,2.722962574636071,0.3073072861540521,-6.964139478464639
0.7241448289657931,PASSED,-0.27846664323687936,-0.056496086750509274,1.3258584401804416,2.7232663756935027,0.30030713328493996,-7.0241617962104765
0.7251450290058011,PASSED,-0.2785224721361148,-0.05516388054147838,1.3364380549311956,2.7235631474644917,0.29324826630009715,-7.082003777264393
0.7261452290458091,PASSED,-0.2785769637040783,-0.05382134029939579,1.3466083668501931,2.7238528323305853,0.2861328737258601,-7.137651772218816
0.7271454290858171,PASSED,-0.2786301078122124,-0.05246887655583506,1.3563673280344133,2.7241353748683665,0.2789631572701345,-7.191092911396837
0.7281456291258251,PASSED,-0.2786818947434641,-0.05110690181393349,1.3657130178130121,2.724410721862291,0.271741331106535,-7.242314998401321
0.7291458291658331,PASSED,-0.27873231519419617,-0.04973583042649303,1.3746436338587609,2.724678822316828,0.26446962122043227,-7.291306477903672
0.7301460292058412,PASSED,-0.2787813602759723,-0.048356078469374154,1.3831575059589472,2.724939627467861,0.2571502646321683,-7.338056661837562
0.7311462292458492,PASSED,-0.2788290215172169,-0.04696806361415585,1.3912530880578855,2.725193090793386,0.24978550867698723,-7.382555484076747
0.7321464292858572,PASSED,-0.2788752908647491,-0.045572205003811886,1.3989289585346891,2.725439168023487,0.24237761033443753,-7.424793581531685
0.7331466293258652,PASSED,-0.27892016068518977,-0.0441689231251809,1.4061838253618597,2.725677817149588,0.23492883547189422,-7.464762383217718
0.7341468293658732,PASSED,-0.27896362376624206,-0.04275863968208447,1.4130165215861388,2.7259089984329585,0.22744145806768434,-7.502454084871307
0.7351470294058812,PASSED,-0.2790056733178456,-0.04134177746940491,1.4194260067418454,2.72613267441252,0.21991775956408333,-7.537861449420843
0.7361472294458892,PASSED,-0.2790463029732029,-0.03991876024473871,1.4254113699490991,2.726348809911882,0.21236002808687074,-7.570978162407053
0.7371474294858972,PASSED,-0.27908550678967914,-0.038490012601304434,1.43097182575774,2.7265573720456495,0.2047705576439597,-7.6017986299137235
0.7381476295259052,PASSED,-0.27912327924957453,-0.037055959841850894,1.4361067152507447,2.726758330225007,0.19715164750324446,-7.630317814582929
0.7391478295659132,PASSED,-0.27915961526076954,-0.03561702785071044,1.4408155084002567,2.7269516561625458,0.18950560140432246,-7.656531621814692
0.7401480296059212,PASSED,-0.2791945101572425,-0.03417364296565538,1.4450978028249333,2.7271373238763417,0.18183472673043158,-7.68043670860831
0.7411482296459292,PASSED,-0.2792279596994608,-0.032726231852112694,1.4489533206878518,2.727315309693294,0.17414133386239944,-7.702030307648064
0.7421484296859372,PASSED,-0.27925996007464404,-0.031275221375832926,1.452381913341045,2.7274855922517243,0.1664277354376169,-7.721310502872173
0.7431486297259452,PASSED,-0.2792905078969009,-0.029821038475163583,1.4553835588882094,2.7276481525032175,0.15869624551707678,-7.738276198985457
0.7441488297659532,PASSED,-0.27931960020723917,-0.028364110035622798,1.4579583599758383,2.7278029737137293,0.150949178899231,-7.75292689708598
0.7451490298059612,PASSED,-0.279347234473449,-0.026904862762580375,1.4601065484201472,2.727950041463919,0.14318885037133147,-7.765262948441893
0.7461492298459692,PASSED,-0.2793734085898601,-0.025443723055484275,1.4618284795467322,2.7280893436487776,0.13541757394988674,-7.775285403446591
0.7471494298859772,PASSED,-0.2793981208769732,-0.023981116882618968,1.4631246350776896,2.728220870476471,0.12763766213006716,-7.782996097401589
0.7481496299259852,PASSED,-0.27942137008096546,-0.022517469654558125,1.4639956233829485,2.7283446144664607,0.11985142514997851,-7.788397568546687
0.7491498299659932,PASSED,-0.2794431553730714,-0.021053206100414633,1.4644421746505194,2.728460570446876,0.11206117026406785,-7.791493097486657
0.7501500300060012,PASSED,-0.2794634763488385,-0.01958875014299202,1.464465145937343,2.7285687355511445,0.1042692009728211,-7.792286753753495
0.7511502300460092,PASSED,-0.27948233302725917,-0.01812452477433018,1.464065517144839,2.7286691092138824,0.09647781629322412,-7.7907832968259685
0.7521504300860172,PASSED,-0.27949972584977884,-0.01666095193376373,1.4632443895141873,2.728761693166055,0.08868931005635204,-7.7869881969028265
0.7531506301260252,PASSED,-0.27951565567918063,-0.015198452383216515,1.4620029912359003,2.7288464914293944,0.08090597012980365,-7.780907746312109
0.7541508301660332,PASSED,-0.27953012379834874,-0.013737445586482062,1.460342667066823,2.7289235103100924,0.0731300777000502,-7.772548885381017
0.7551510302060412,PASSED,-0.27954313190890856,-0.012278349588035038,1.458264886033822,2.7289927583917715,0.06536390658605432,-7.761919266405786
0.7561512302460492,PASSED,-0.2795546821297469,-0.01082158089071943,1.4557712381701344,2.729054246527724,0.057609722474562926,-7.749027341548457
0.7571514302860572,PASSED,-0.2795647769954113,-0.009367554337465736,1.452863429976066,2.729107987832448,0.049869782218750845,-7.733882198654489
0.7581516303260653,PASSED,-0.2795734194543904,-0.007916682991953278,1.4495432892033862,2.729153997672443,0.04214633312642552,-7.7164936881058965
0.7591518303660733,PASSED,-0.2795806128672749,-0.00646937801907327,1.4458127619977548,2.729192293656326,0.034441612259222903,-7.696872319933766
0.7601520304060813,PASSED,-0.2795863610048013,-0.005026048568788415,1.441673909142922,2.7292228956242335,0.026757845739896938,-7.675029318920759
0.7611522304460893,PASSED,-0.27959066804577853,-0.0035871016604795054,1.4371289077529013,2.729245825636519,0.019097248030716975,-7.650976636019441
0.7621524304860973,PASSED,-0.27959353857489894,-0.0021529420651327756,1.4321800537426157,2.729261107961772,0.011462021268995311,-7.624726845523144
0.7631526305261053,PASSED,-0.27959497758043356,-0.0007239721922921501,1.426829752239299,2.7292687690641437,0.0038543545854357424,-7.59629324225052
0.7641528305661133,PASSED,-0.2795949904518144,0.0006994080225776249,1.4210805232900925,2.729268837589987,-0.0037235766012550502,-7.565689816317642
0.7651530306061213,PASSED,-0.2795935829771034,0.0021168012317691566,1.4149349997924905,2.7292613443538447,-0.011269611211735555,-7.5329311399224155
0.7661532306461293,PASSED,-0.27959076134034966,0.003527812786279553,1.4083959243223332,2.729246322323759,-0.018781603177823125,-7.498032516864342
0.7671534306861373,PASSED,-0.279586532118836,0.004932050845115308,1.4014661485113686,2.729223806605924,-0.026257422127646386,-7.461009905129205
0.7681536307261452,PASSED,-0.27958090228021626,0.006329126484894515,1.3941486339577667,2.729193834428692,-0.03369495399744731,-7.4218798462487365
0.7691538307661532,PASSED,-0.2795738791795442,0.007718653807316164,1.3864464480642378,2.7291564451259385,-0.041092101669029005,-7.380659555137008
0.7701540308061612,PASSED,-0.2795654705561956,0.009100250044945246,1.378362764005646,2.7291116801197988,-0.04844678561162684,-7.337366867571723
0.7711542308461692,PASSED,-0.27955568453068436,0.010473535667507914,1.3699008616006827,2.729059582902763,-0.05575694451436058,-7.2920202595084165
0.7721544308861772,PASSED,-0.2795445296013743,0.011838134484410399,1.3610641204370197,2.7290001990191803,-0.06302053586214869,-7.244638739974557
0.7731546309261852,PASSED,-0.27953201464108807,0.013193673747624118,1.3518560250648544,2.72893357604614,-0.070235536551304,-7.195241988609148
0.7741548309661932,PASSED,-0.279518148893614,0.014539784253113005,1.3422801591049074,2.7288597635737526,-0.0773999435215309,-7.143850291305386
0.7751550310062012,PASSED,-0.2795029419701127,0.015876100439995197,1.3323402054003795,2.728778813184861,-0.08451177427162108,-7.090484389280046
0.7761552310462092,PASSED,-0.2794864038454254,0.0172022604882534,1.3220399434967482,2.7286907784341525,-0.09156906746890402,-7.035165735951506
0.7771554310862172,PASSED,-0.27946854485428374,0.018517906416844875,1.3113832519879594,2.728595714826719,-0.09856988353506198,-6.9779162862955815
0.7781556311262252,PASSED,-0.2794493756874248,0.01982268417734374,1.300374099506139,2.7284936797960477,-0.10551230515238365,-6.91875850467238
0.7791558311662332,PASSED,-0.27942890738761067,0.02111624374819342,1.289016551745372,2.7283847326814836,-0.11239443780750366,-6.857715422085098
0.7801560312062412,PASSED,-0.2794071513455558,0.022398239227857095,1.277314764942547,2.7282689347051208,-0.1192144103887396,-6.794810687336507
0.7811562312462492,PASSED,-0.2793841192957632,0.02366832892301714,1.2652729819717166,2.7281463489482043,-0.12597037563627464,-6.730068287667395
0.7821564312862572,PASSED,-0.2793598233122698,0.024926175439438307,1.2528955393874648,2.728017040327,-0.13266051064356496,-6.663512820372295
0.7831566313262652,PASSED,-0.27933427580430514,0.02617144576966336,1.2401868574501111,2.7278810755681495,-0.13928301744650398,-6.5951694579835145
0.7841568313662732,PASSED,-0.2793074895118626,0.02740381137616821,1.227151439208017,2.7277385231835605,-0.14583612342122676,-6.525063652548985
0.7851570314062812,PASSED,-0.27927947750118626,0.02862294827714146,1.213793875483405,2.727589453444791,-0.15231808176563486,-6.453221472314164
0.7861572314462892,PASSED,-0.27925025316017427,0.029828537129652822,1.200118837196667,2.7274339383569735,-0.15872717203096404,-6.379669460672529
0.7871574314862972,PASSED,-0.2792198301937014,0.031020263307907938,1.1861310722940808,2.7272720516322835,-0.16506170051541352,-6.304434500300803
0.7881576315263052,PASSED,-0.27918822261886106,0.03219781698328631,1.1718354107678952,2.7271038686629514,-0.17132000070537357,-6.227543983066216
0.7891578315663133,PASSED,-0.27915544476013027,0.033360893202155045,1.1572367576026328,2.7269294664938557,-0.17750043373023933,-6.149025719398791
0.7901580316063213,PASSED,-0.2791215112444576,0.03450919195986147,1.1423400911089483,2.7267489237946867,-0.18360138875992624,-6.068907903212297
0.7911582316463293,PASSED,-0.27908643699627717,0.035642418274653115,1.127150463913431,2.726562320831681,-0.18962128343720588,-5.987219193324534
0.7921584316863373,PASSED,-0.2790502372324501,0.03676028225972864,1.1116729991835774,2.7263697394389985,-0.19555856421847803,-5.903988506570537
0.7931586317263453,PASSED,-0.27901292745713474,0.03786249919336698,1.0959128899415185,2.72617126298968,-0.201411706782224,-5.819245268529622
0.7941588317663533,PASSED,-0.2789745234565882,0.03894878958625246,1.0798753948481197,2.7259669763662426,-0.20717921642982112,-5.733019233642139
0.7951590318063613,PASSED,-0.2789350412939006,0.040018879247703344,1.0635658391860734,2.725756965930912,-0.21285962838461914,-5.645340435568583
0.7961592318463693,PASSED,-0.27889449730366445,0.04107249935101439,1.0469896127276865,2.7255413194955085,-0.21845150815073214,-5.556239319809248
0.7971594318863773,PASSED,-0.2788529080865794,0.042109386495578285,1.0301521657880324,2.725320126291008,-0.22395345185306753,-5.4657466240194745
0.7981596319263853,PASSED,-0.27881029050399747,0.043129282765932905,1.0130590067323488,2.7250934769367468,-0.22936408657019963,-5.373893445873865
0.7991598319663933,PASSED,-0.27876666167240616,0.044131935793011896,0.9957157073100841,2.7248614634093578,-0.2346820705942445,-5.280711076158917
0.8001600320064013,PASSED,-0.278722038957856,0.0451170988098958,0.9781278899331157,2.724624179011372,-0.23990609375058292,-5.186231209791373
0.8011602320464093,PASSED,-0.2786764399703308,0.04608453070532829,0.9603012324320871,2.7243817183395596,-0.24503487769097024,-5.090485760784606
0.8021604320864173,PASSED,-0.2786298825580646,0.0470339960789514,0.9422414677504587,2.7241341772529784,-0.25006717613677776,-4.993506902489522
0.8031606321264253,PASSED,-0.2785823848018063,0.04796526529142374,0.9239543756202546,2.7238816528407863,-0.2550017751200123,-4.895327037064599
0.8041608321664333,PASSED,-0.27853396500903443,0.04887811451315559,0.9054457858062461,2.723624243389769,-0.25983749328015837,-4.79597890886705
0.8051610322064413,PASSED,-0.2784846417081236,0.04977232577189372,0.8867215740260718,2.7233620483516723,-0.26457318204541075,-4.69549533617583
0.8061612322464493,PASSED,-0.27843443364246495,0.050647686997572924,0.8677876601146159,2.7230951683102873,-0.2692077258354401,-4.593909425931727
0.8071614322864573,PASSED,-0.27838335976454187,0.05150399206709206,0.8486500091221424,2.722823704948323,-0.2737400423414426,-4.491254559383001
0.8081616323264653,PASSED,-0.2783314392299639,0.05234104084338035,0.8293146210657177,2.722547761014105,-0.2781690826343568,-4.387564115268374
0.8091618323664733,PASSED,-0.2782786913914599,0.05315863921609471,0.8097875404801245,2.7222674402880584,-0.28249383137716605,-4.282871827836479
0.8101620324064813,PASSED,-0.2782251357928331,0.05395659913979197,0.7900748458420116,2.7219828475490346,-0.2867133070308381,-4.177211537562336
0.8111622324464893,PASSED,-0.2781707921628794,0.054734738667770774,0.7701826494033299,2.7216940885404797,-0.29082656193032935,-4.070617140777181
0.8121624324864973,PASSED,-0.2781156804092712,0.055492881986550044,0.7501170983632346,2.721401269936442,-0.2948326824807819,-3.9631228235694973
0.8131626325265053,PASSED,-0.278059820612409,0.05623085944733936,0.7298843690733715,2.7211044993074616,-0.2987307892860997,-3.85476279314994
0.8141628325665133,PASSED,-0.278003233019242,0.05694850759545043,0.7094906674695248,2.720803885086298,-0.3025200372676914,-3.745571440552835
0.8151630326065213,PASSED,-0.2779459380370602,0.05764566919854728,0.6889422268484096,2.720499536533609,-0.3061996157158104,-3.6355831198298074
0.8161632326465293,PASSED,-0.2778879562272597,0.05832219327161375,0.6682453038785094,2.720191563703467,-0.3097687484501192,-3.524832477294729
0.8171634326865373,PASSED,-0.2778293082990836,0.0589779351010258,0.6474061797677488,2.7198800774087974,-0.3132266939419725,-3.4133541682256787
0.8181636327265454,PASSED,-0.27777001510333976,0.05961275626652077,0.6264311559797832,2.7195651891867936,-0.3165727452194308,-3.3011826836133027
0.8191638327665534,PASSED,-0.2777100976260976,0.06022652466116271,0.6053265537500547,2.719247011264196,-0.31980623006859166,-3.188352959525927
0.8201640328065614,PASSED,-0.2776495769823666,0.06081911450886279,0.5840987103334202,2.7189256565225537,-0.32292651111787923,-3.074899775795302
0.8211642328465694,PASSED,-0.2775884744097569,0.061390406380460075,0.5627539791065238,2.718601238463454,-0.3259329856928517,-2.9608577744238818
0.8221644328865774,PASSED,-0.27752681126212564,0.061940287208686884,0.5412987276403338,2.7182738711736785,-0.32882508599479526,-2.846261986956708
0.8231646329265854,PASSED,-0.2774646090032095,0.06246865029950824,0.5197393329420396,2.7179436692903964,-0.3316022791024187,-2.731147188067895
0.8241648329665934,PASSED,-0.27740188920024667,0.06297539534199331,0.4980821821804308,2.717610747966294,-0.33426406689597987,-2.6155481972235077
0.8251650330066013,PASSED,-0.2773386735175889,0.06346042841805062,0.4763336719752359,2.717275222834744,-0.33680998610786383,-2.499499888324202
0.8261652330466093,PASSED,-0.2772749837103061,0.06392366200855211,0.4545002028523327,2.716937209974979,-0.3392396083007758,-2.3830370626371153
0.8271654330866173,PASSED,-0.2772108416177862,0.06436501499647924,0.4325881779769913,2.7165968258772795,-0.34155253982447914,-2.2661944977474633
0.8281656331266253,PASSED,-0.27714626915733015,0.06478441267102816,0.41060400559687404,2.7162541874081936,-0.3437484217946413,-2.149006951772019
0.8291658331666333,PASSED,-0.27708128831774587,0.0651817867295058,0.388554093731442,2.715909411775832,-0.3458269300000764,-2.0315090412104397
0.8301660332066413,PASSED,-0.2770159211529421,0.06555707527403956,0.36644484506863834,2.7155626164951743,-0.3477877748976062,-1.9137354684093415
0.8311662332466493,PASSED,-0.27695018977552427,0.06591022280921562,0.3442826619143312,2.715213919353478,-0.34963070151810705,-1.7957207218952107
0.8321664332866573,PASSED,-0.27688411635039345,0.06624118023982387,0.32207394307086323,2.7148634383757395,-0.35135548935959193,-1.6774992545446827
0.8331666333266653,PASSED,-0.27681772308835173,0.06654990486162507,0.2998250742881129,2.7145112917902483,-0.35296195234722605,-1.5591054763603536
0.8341668333666733,PASSED,-0.27675103223971415,0.06683636035410805,0.27754243794621797,2.714157597994242,-0.35444993870008745,-1.4405736038621453
0.8351670334066813,PASSED,-0.2766840660879306,0.0671005167703777,0.25523240181863305,2.71380247551965,-0.3558193308221712,-1.3219378008981397
0.8361672334466893,PASSED,-0.27661684694321775,0.06734235052611016,0.23290132500835914,2.713446042998974,-0.3570700452002219,-1.2032320961523624
0.8371674334866973,PASSED,-0.2765493971362043,0.06756184438499542,0.21055554813652602,2.7130884191312696,-0.3582020322623942,-1.084490372852309
0.8381676335267053,PASSED,-0.2764817390115907,0.06775898744301205,0.18820139793668356,2.712729722648273,-0.35921527624657085,-0.9657463917262129
0.8391678335667133,PASSED,-0.27641389492182444,0.06793377511316473,0.1658451849633365,2.712370072280665,-0.3601097950588767,-0.8470337593589279
0.8401680336067213,PASSED,-0.2763458872207941,0.06808620910508659,0.14349319656086437,2.71200958672449,-0.36088564010235896,-0.7283858995644722
0.8411682336467293,PASSED,-0.27627773825754254,0.06821629740456453,0.12115170142267033,2.7116483846077246,-0.36154289613366625,-0.6098361191357758
0.8421684336867373,PASSED,-0.2762094703700013,0.06832405425284273,0.09882694618188984,2.711286584457022,-0.36208168108660255,-0.4914175088033158
0.8431686337267453,PASSED,-0.27614110587874835,0.06840950012133422,0.0765251500312314,2.710924304664639,-0.36250214586305524,-0.37316295488556955
0.8441688337667533,PASSED,-0.2760726670807906,0.06847266168594272,0.054252507660016554,2.710561663455525,-0.3628044741949908,-0.2551052499688636
0.8451690338067613,PASSED,-0.27600417624337203,0.06851357180166195,0.03201518775871254,2.710198778854622,-0.36298888242676525,-0.13727688631160515
0.8461692338467693,PASSED,-0.27593565559781064,0.06853226947275247,0.009819326645048828,2.709835768654369,-0.3630556192628691,-0.019710135965332408
0.8471694338867773,PASSED,-0.27586712733336427,0.06852879982104294,-0.012328970612584828,2.7094727503823925,-0.36300496563992124,0.09756279555661354
0.8481696339267853,PASSED,-0.275798613591128,0.06850321405622126,-0.034423627627740164,2.7091098412694365,-0.36283723446803623,0.21451008943730315
0.8491698339667934,PASSED,-0.2757301364579641,0.06845556944198868,-0.056458605302461565,2.7087471582175,-0.36255277036093114,0.3311001188835993
0.8501700340068014,PASSED,-0.27566171796046623,0.06838592925931786,-0.07842790091639407,2.708384817768215,-0.3621519494720358,0.44730140223659787
0.8511702340468094,PASSED,-0.27559338005895956,0.06829436277124144,-0.10032554618311235,2.708022936071451,-0.3616351792388455,0.5630827871593237
0.8521704340868174,PASSED,-0.2755251446415381,0.0681809451852736,-0.1221456124910023,2.7076616288541926,-0.3610028980615332,0.6784134374143798
0.8531706341268254,PASSED,-0.27545703351814105,0.06804575761204824,-0.1438822137149178,2.7073010113896205,-0.36025557515181716,0.7932625579171119
0.8541708341668334,PASSED,-0.2753890684146693,0.06788888702554512,-0.16552950169527322,2.7069411984665,-0.35939371022991035,0.9075998312332915
0.8551710342068414,PASSED,-0.2753212709671438,0.06771042622071005,-0.1870816735949474,2.706582304358814,-0.3584178331890911,1.0213951805432415
0.8561712342468494,PASSED,-0.2752536627159073,0.06751047376838094,-0.20853297148523553,2.7062244427956608,-0.3573285039282981,1.1346186476261213
0.8571714342868574,PASSED,-0.2751862650998704,0.06728913397094326,-0.22987768140598341,2.705867726931445,-0.35612631203091805,1.2472407305493383
0.8581716343268654,PASSED,-0.2751190994508038,0.06704651681574433,-0.25111013772754853,2.7055122693163414,-0.35481187642484713,1.3592321897520006
0.8591718343668734,PASSED,-0.2750521869876785,0.06678273792528315,-0.27222472561693034,2.705158181867064,-0.35338584515017235,1.4705639979565863
0.8601720344068814,PASSED,-0.27498554881105375,0.06649791850988025,-0.2932158752602188,2.704805575837909,-0.3518488950711604,1.5812074663821727
0.8611722344468894,PASSED,-0.274919205897516,0.0661921853161514,-0.3140780727079264,2.704454561792132,-0.3502017314877882,1.6911343280321773
0.8621724344868974,PASSED,-0.2748531790941692,0.06586567057321409,-0.3348058564235678,2.704105249573599,-0.34844508790725653,1.8003164155312872
0.8631726345269054,PASSED,-0.27478748911317724,0.06551851194202049,-0.355393814373633,2.7037577482787705,-0.3465797257208991,1.9087260335748741
0.8641728345669134,PASSED,-0.2747221565263615,0.06515085245944788,-0.3758365947052693,2.7034121662290165,-0.34460643379901107,2.016335847430198
0.8651730346069214,PASSED,-0.2746572017598525,0.0647628404813314,-0.3961289003906363,2.70306861094322,-0.34252602826876016,2.123118652131356
0.8661732346469294,PASSED,-0.27459264508879905,0.06435462962661936,-0.416265490926269,2.7027271891107425,-0.3403393521526333,2.2290477587906485
0.8671734346869374,PASSED,-0.2745285066321347,0.06392637871940444,-0.4362411847406721,2.702388006564713,-0.3380472749628649,2.334096810420106
0.8681736347269454,PASSED,-0.2744648063474029,0.06347825172809717,-0.45605086235168596,2.7020511682556534,-0.33565069244031914,2.438239663962984
0.8691738347669534,PASSED,-0.27440156402564303,0.06301041770496744,-0.4756894636484003,2.701716778225445,-0.3331505262171741,2.5414505959330693
0.8701740348069614,PASSED,-0.27433879928633675,0.0625230507255089,-0.4951519899986469,2.701384939581671,-0.33054772335546195,2.6437043722315505
0.8711742348469694,PASSED,-0.2742765315724175,0.06201632982431606,-0.5144335086556284,2.701055754472257,-0.3278432561184904,2.7449758134648277
0.8721744348869774,PASSED,-0.2742147801453429,0.061490438931248816,-0.5335291493416615,2.700729324060532,-0.32503812156565676,2.845240379079513
0.8731746349269854,PASSED,-0.2741535640802323,0.06094556680651038,-0.5524341083362856,2.700405748500609,-0.32213334113233677,2.944473802813639
0.8741748349669934,PASSED,-0.2740929022610694,0.06038190697469009,-0.571143647476283,2.7000851269131467,-0.31912996034522495,3.0426521099772357
0.8751750350070014,PASSED,-0.27403281337597196,0.05979965765733102,-0.5896530972809244,2.699767557361483,-0.3160290484188818,3.1397518039204266
0.8761752350470094,PASSED,-0.2739733159125288,0.05919902170447656,-0.6079578565701463,2.6994531368281334,-0.3128316978560933,3.2357497353671563
0.8771754350870175,PASSED,-0.27391442815320594,0.05858020652624662,-0.626053392669813,2.6991419611916787,-0.3095390240951836,3.330623111271421
0.8781756351270255,PASSED,-0.2738561681708218,0.057943424021810706,-0.6439352456133146,2.6988341252040198,-0.30615216513709115,3.4243495226398086
0.8791758351670335,PASSED,-0.2737985538240937,0.05728889050910562,-0.6615990240996067,2.6985297224680345,-0.3026722811191656,3.5169070147827126
0.8801760352070415,PASSED,-0.2737416027532551,0.05661682665249686,-0.6790404116148687,2.698228845415618,-0.2991005539375931,3.6082739594323887
0.8811762352470495,PASSED,-0.2736853323757459,0.05592745738993927,-0.6962551631860728,2.6979315852860926,-0.29543818691056173,3.6984290720973387
0.8821764352870574,PASSED,-0.2736297598819757,0.055221011859271495,-0.7132391089889057,2.6976380321050475,-0.29168640430406273,3.787351629433489
0.8831766353270654,PASSED,-0.2735749022311613,0.054497723323479914,-0.7299881536600304,2.6973482746635598,-0.28784645093302463,3.875021198774615
0.8841768353670734,PASSED,-0.27352077614723924,0.053757829095859196,-0.7464982769278413,2.6970624004978045,-0.2839195918531757,3.9614176672318253
0.8851770354070814,PASSED,-0.2734673981148538,0.05300157046322274,-0.7627655364422034,2.696780495869095,-0.27990711186046446,4.046521543030898
0.8861772354470894,PASSED,-0.27341478437542216,0.052229192608677186,-0.7787860666144489,2.696502645744311,-0.27581031507981607,4.13031360572674
0.8871774354870974,PASSED,-0.2733629509232765,0.05144094453502883,-0.7945560783376295,2.6962289337767418,-0.2716305246430668,4.212774990764231
0.8881776355271054,PASSED,-0.27331191350188433,0.05063707898541606,-0.8100718637961836,2.6959594422873336,-0.267369082214825,4.293887386560152
0.8891778355671134,PASSED,-0.27326168760014735,0.04981785236408953,-0.8253297930134387,2.6956942522463745,-0.26302734753012885,4.373632883453547
0.8901780356071214,PASSED,-0.2732122884487806,0.04898352465687808,-0.8403263166767956,2.695433443255563,-0.25860669808574877,4.451993818331127
0.8911782356471294,PASSED,-0.2731637310167707,0.048134359350942964,-0.8550579654406598,2.6951770935305293,-0.2541085286509972,4.528953179031914
0.8921784356871374,PASSED,-0.2731160300079159,0.047270623353087286,-0.8695213527990107,2.694925279883755,-0.24953425082090708,4.604494264128959
0.8931786357271454,PASSED,-0.273069199857447,0.04639258690802832,-0.8837131732322686,2.694678077707915,-0.2448852926822023,4.678600721755314
0.8941788357671534,PASSED,-0.2730232547287305,0.04550052351621835,-0.8976302041951112,2.694435560959668,-0.2401630983090566,4.751256807406
0.8951790358071614,PASSED,-0.27297820851005467,0.04459470985129274,-0.9112693054125941,2.694197802143854,-0.23536912732830376,4.82244709631739
0.8961792358471694,PASSED,-0.2729340748114985,0.04367542567515302,-0.9246274232911482,2.6939648722981158,-0.2305048545797465,4.892156516717121
0.8971794358871774,PASSED,-0.2728908669618842,0.042742953756183207,-0.937701582755595,2.6937368409779827,-0.2255717695828894,4.960370650283768
0.8981796359271854,PASSED,-0.27284859800581485,0.041797579782684856,-0.9504889006601906,2.6935137762423405,-0.22057137615211866,5.027075284428752
0.8991798359671934,PASSED,-0.27280728070079574,0.04083959227843794,-0.9629865733047249,2.6932957446393835,-0.21550519196925202,5.092256781825236
0.9001800360072014,PASSED,-0.27276692751444187,0.039869282518166405,-0.9751918849160768,2.6930828111929563,-0.21037474812956564,5.15590187826047
0.9011802360472094,PASSED,-0.2727275506217704,0.03888694444070413,-0.9871022058264038,2.69287503938938,-0.2051815886902571,5.217997813340561
0.9021804360872174,PASSED,-0.2726891619025797,0.0378928745621653,-0.9987149936804549,2.692672491164669,-0.19992727027263368,5.278532153811985
0.9031806361272254,PASSED,-0.27265177293891474,0.03688737189085704,-1.0100277897268048,2.6924752268922156,-0.19461336160817386,5.337493004891687
0.9041808361672334,PASSED,-0.2726153950126194,0.0358707378393185,-1.021038226079689,2.692283305370909,-0.1892414430642542,5.394868903271658
0.9051810362072414,PASSED,-0.2725800391029758,0.03484327613591661,-1.031744021616698,2.6920967838136978,-0.18381310623357108,5.4506487822907665
0.9061812362472494,PASSED,-0.27254571588443177,0.033805292738864554,-1.042142980675628,2.6919157178365807,-0.17832995351245906,5.504822013659494
0.9071814362872574,PASSED,-0.27251243572441564,0.03275709574718672,-1.0522329990126373,2.691740161448058,-0.17279359761128882,5.557378492844077
0.9081816363272655,PASSED,-0.2724802086812397,0.031698995312079,-1.0620120591711097,2.69157016703901,-0.16720566113073212,5.608308472365113
0.9091818363672735,PASSED,-0.27244904450209156,0.030631303549392308,-1.0714782316970772,2.691405785373032,-0.16156777613736661,5.657602674032468
0.9101820364072815,PASSED,-0.27241895262111515,0.029554334449895903,-1.0806296780292908,2.691247065577208,-0.15588158368540725,5.705252303910632
0.9111822364472895,PASSED,-0.2723899421575796,0.028468403789963393,-1.0894646478679926,2.6910940551333367,-0.1501487333756877,5.751248980258826
0.9121824364872975,PASSED,-0.27236202191413805,0.027373829043516422,-1.097981478832959,2.6909467998695766,-0.14437088296649309,5.795584695151854
0.9131826365273055,PASSED,-0.2723352003751753,0.026270929291927862,-1.1061786000922924,2.690805343952586,-0.13854969783117077,5.83825209543595
0.9141828365673135,PASSED,-0.2723094857052455,0.02516002513349103,-1.1140545306665297,2.6906697298800486,-0.13268685058674914,5.879244010412113
0.9151830366073215,PASSED,-0.27228488574759885,0.024041438595623525,-1.121607876001486,2.6905399984736933,-0.12678402064906613,5.918553889196954
0.9161832366473295,PASSED,-0.2722614080227987,0.022915493043926913,-1.128837335493363,2.690416188872743,-0.12084289371005578,5.956175638885947
0.9171834366873375,PASSED,-0.272239059727428,0.021782513091528455,-1.1357416970018535,2.6902983385277963,-0.1148651613846857,5.992103449692844
0.9181836367273455,PASSED,-0.2722178477328857,0.020642824511466706,-1.1423198354350148,2.690186483195177,-0.10885252073211803,6.026332121150868
0.9191838367673535,PASSED,-0.2721977785842738,0.01949675414406715,-1.148570722042587,2.6900806569317077,-0.10280667377517123,6.058856847477411
0.9201840368073615,PASSED,-0.27217885849937345,0.01834462980805984,-1.1544934119837897,2.689980892089952,-0.0967293270947719,6.089673235680595
0.9211842368473695,PASSED,-0.272161093367712,0.017186780211400896,-1.160087053109047,2.689887219313886,-0.09062219138306528,6.118777362390644
0.9221844368873775,PASSED,-0.2721444887497192,0.01602353485964365,-1.165350884189378,2.689799667535003,-0.08448698099843409,6.1461657327915615
0.9231846369273855,PASSED,-0.2721290498759743,0.014855223966534034,-1.170284232389776,2.689718263968893,-0.07832541349363105,6.171835352810703
0.9241848369673935,PASSED,-0.2721147816465426,0.013682178364690023,-1.1748865148135,2.6896430341122364,-0.07213920920587528,6.1957835777191566
0.9251850370074015,PASSED,-0.2721016886304018,0.01250472941545126,-1.1791572388556049,2.6895740017402634,-0.06593009080474567,6.21800828340326
0.9261852370474095,PASSED,-0.27208977506495824,0.011323208918266544,-1.183096002737454,2.6895111889046275,-0.05969978285364625,6.238507729563528
0.9271854370874175,PASSED,-0.2720790448556534,0.010137949021809436,-1.1867024922702112,2.689454615931752,-0.05345001135320791,6.257280681021551
0.9281856371274255,PASSED,-0.2720695015756589,0.008949282135134571,-1.1899764829446342,2.689404301421579,-0.04718250333263376,6.274326246942557
0.9291858371674335,PASSED,-0.27206114846566193,0.007757540837293596,-1.192917841105204,2.6893602622468054,-0.04089898637411308,6.289644099572765
0.9301860372074415,PASSED,-0.27205398843373907,0.006563057787839168,-1.1955265216872448,2.689322513552504,-0.03460118820398084,6.303234217171884
0.9311862372474495,PASSED,-0.27204802405531997,0.005366165639421319,-1.1978025662382532,2.6892910687562206,-0.02829083625427132,6.3150971047346145
0.9321864372874575,PASSED,-0.272043257573239,0.004167196948404866,-1.1997461075352527,2.68926593954848,-0.0219696572198782,6.325233654165456
0.9331866373274655,PASSED,-0.2720396908978763,0.0029664840852261956,-1.2013573669409483,2.689247135893756,-0.015639376605923485,6.333645253814219
0.9341868373674735,PASSED,-0.2720373256073867,0.0017643591473182761,-1.2026366518858997,2.68923466603184,-0.009301718338938123,6.340333609099458
0.9351870374074815,PASSED,-0.272036162948017,0.0005611538717198583,-1.2035843580734298,2.689228536479662,-0.0029584043218814434,6.345300955694828
0.9361872374474896,PASSED,-0.2720362038345109,-0.0006428004537649949,-1.204200970425802,2.6892287520335345,0.003388846024927841,6.348549940885589
0.9371874374874976,PASSED,-0.27203744885060105,-0.0018471730781658023,-1.2044870603841442,2.689235315771831,0.009738316166646445,6.350083608940612
0.9381876375275056,PASSED,-0.2720398982495895,-0.0030516338728515113,-1.2044432842200854,2.6892482290580784,0.016088292858303602,6.349905413468189
0.9391878375675135,PASSED,-0.27204355195501334,-0.004255853418704246,-1.2040703869411689,2.6892674915444847,0.02243706660623574,6.348019304241438
0.9401880376075215,PASSED,-0.2720484095613981,-0.005459503093984083,-1.203369200838948,2.689293101175885,0.028782932084752758,6.344429594700735
0.9411882376475295,PASSED,-0.2720544703350962,-0.00666225515757354,-1.2023406387564615,2.6893250541941045,0.0351241885171711,6.339140990896746
0.9421884376875375,PASSED,-0.27206173321521254,-0.007863782836351257,-1.2009857054585533,2.689363345142756,0.04145914014999595,6.332158727443598
0.9431886377275455,PASSED,-0.27207019681461314,-0.009063760409955686,-1.1993054857016814,2.6894079668724324,0.047786096635516535,6.323488324238579
0.9441888377675535,PASSED,-0.27207985942102086,-0.010261863294355515,-1.1973011501985908,2.689458910546325,0.054103373424175295,6.313135764938883
0.9451890378075615,PASSED,-0.272090718998194,-0.011457768127074754,-1.194973954399669,2.6895161656462587,0.06040929223613937,6.301107509980861
0.9461892378475695,PASSED,-0.27210277318718884,-0.012651152850063744,-1.192325235381872,2.6895797199791236,0.06670218142124998,6.287410301863786
0.9471894378875775,PASSED,-0.27211601930770685,-0.013841696794034093,-1.1893564163626664,2.6896495596837373,0.07298037638110103,6.272051398509213
0.9481896379275855,PASSED,-0.27213045435952316,-0.01502908075937753,-1.186068997997282,2.6897256692380793,0.07924221997044005,6.255038383225554
0.9491898379675935,PASSED,-0.2721460750239981,-0.0162129870988144,-1.1824645670632599,2.689808031466964,0.08548606290897563,6.236379308742274
0.9501900380076015,PASSED,-0.2721628776656708,-0.017393099800500286,-1.1785447914343037,2.689896627550087,0.0917102641702939,6.216082563035585
0.9511902380476095,PASSED,-0.2721808583339334,-0.01856910456658053,-1.1743114158442027,2.689991437030486,0.09791319137511509,6.1941569660116045
0.9521904380876175,PASSED,-0.2722000127647862,-0.01974068889413434,-1.1697662686935462,2.6900924378233824,0.10409322119370269,6.170611720304954
0.9531906381276255,PASSED,-0.2722203363826732,-0.020907542156857542,-1.1649112587429737,2.690199606225435,0.11024873974514472,6.145456438866746
0.9541908381676335,PASSED,-0.2722418243023961,-0.022069355681452834,-1.1597483684968317,2.6903129169243583,0.11637814295455268,6.1187010564354365
0.9551910382076415,PASSED,-0.27226447133110804,-0.02322582282700326,-1.1542796635861605,2.6904323430089487,0.1224798369671029,6.090355983293451
0.9561912382476495,PASSED,-0.27228827197038535,-0.024376639064808334,-1.148507287284345,2.6905578559794887,0.12855223853650868,6.060431960147341
0.9571914382876575,PASSED,-0.2723132204183758,-0.025521502051966787,-1.1424334537411889,2.6906894257585203,0.13459377536354017,6.028940071620902
0.9581916383276655,PASSED,-0.27233931057202504,-0.026660111709929258,-1.1360604607766611,2.690827020702016,0.14060288651002742,5.99589186306481
0.9591918383676735,PASSED,-0.272366536029378,-0.02779217030138158,-1.129390678569425,2.6909706076109057,0.14657802276727558,5.961299186703722
0.9601920384076815,PASSED,-0.27239489009195617,-0.028917382501726496,-1.1224265481952402,2.6911201517429872,0.1525176470035568,5.925174269332926
0.9611922384476895,PASSED,-0.2724243657672096,-0.03003545547614469,-1.1151705919001629,2.6912756168251977,0.15842023454854082,5.8875297287513835
0.9621924384876975,PASSED,-0.272454955771042,-0.031146098953088987,-1.1076254003070545,2.6914369650662566,0.164284273563445,5.8483785390060286
0.9631926385277055,PASSED,-0.27248665253041016,-0.0322490252948104,-1.0997936359976392,2.6916041571696594,0.1701082653738865,5.807733991398533
0.9641928385677135,PASSED,-0.27251944818599466,-0.033343949571790814,-1.0916780376355883,2.6917771523470457,0.17589072485607793,5.7656098093866675
0.9651930386077215,PASSED,-0.2725533345949423,-0.03443058963240993,-1.0832814092747909,2.6919559083319027,0.18163018077150073,5.7220199861135805
0.9661932386477295,PASSED,-0.2725883033336796,-0.03550866617244889,-1.074606627215084,2.6921403813936307,0.18732517610645588,5.676978900849534
0.9671934386877376,PASSED,-0.27262434570079597,-0.03657790280755688,-1.0656566403699315,2.6923305263519595,0.1929742684560979,5.630501315503673
0.9681936387277456,PASSED,-0.2726614527199958,-0.037638026139243115,-1.0564344592304364,2.692526296591687,0.19857603031447668,5.582602220295487
0.9691938387677536,PASSED,-0.27269961514311875,-0.038688765821978346,-1.046943165071754,2.6927276440777965,0.20412904945626933,5.533297089457479
0.9701940388077616,PASSED,-0.27273882345322753,-0.0397298546331891,-1.0371859086367636,2.6929345193708616,0.2096319292498152,5.482601596271453
0.9711942388477696,PASSED,-0.2727790678677616,-0.04076102853677597,-1.0271659002202618,2.693146871642819,0.21508328897186643,5.430531805904425
0.9721944388877776,PASSED,-0.2728203383417571,-0.0417820267479007,-1.0168864183943673,2.693364648693057,0.22048176417565085,5.3771041357044265
0.9731946389277856,PASSED,-0.2728626245711304,-0.04279259179909054,-1.00635080638683,2.693587796964832,0.2258260069917399,5.322335269678784
0.9741948389677936,PASSED,-0.2729059159960264,-0.04379246960239286,-0.9955624679126376,2.693816261561988,0.2311146864053919,5.266242176300825
0.9751950390078016,PASSED,-0.27295020180422835,-0.044781409509683075,-0.9845248668752706,2.6940499862660205,0.23634648863977367,5.208842273102391
0.9761952390478096,PASSED,-0.2729954709346301,-0.045759164377013106,-0.973241534299873,2.694288913553429,0.24152011744605806,5.150153161739039
0.9771954390878176,PASSED,-0.2730417120807694,-0.046725490624653025,-0.9617160565332851,2.6945329846133803,0.24663429434625825,5.090192725840905
0.9781956391278256,PASSED,-0.2730889136944198,-0.04768014829231981,-0.9499520750891228,2.6947821393656883,0.2516877590208702,5.0289793071259385
0.9791958391678336,PASSED,-0.2731370639892425,-0.048622901102155995,-0.9379532996675576,2.6950363164790745,0.25667926957499615,4.966531385459306
0.9801960392078416,PASSED,-0.27318615094449517,-0.04955351651471005,-0.9257234878117172,2.6952954533897353,0.26160760278854195,4.902867765603524
0.9811962392478496,PASSED,-0.2732361623087978,-0.050471765782444715,-0.9132664543499567,2.695559486320194,0.26647155446082355,4.838007610066986
0.9821964392878576,PASSED,-0.27328708560395404,-0.05137742400807205,-0.9005860731455773,2.695828350298439,0.2712699396793612,4.771970290851458
0.9831966393278656,PASSED,-0.2733389081288274,-0.05227027019855646,-0.8876862687102888,2.696101979177342,0.2760015930682544,4.704775454254292
0.9841968393678736,PASSED,-0.2733916169632707,-0.05315008731505338,-0.8745710150213434,2.696380305654348,0.28066536908516865,4.636443058687557
0.9851970394078816,PASSED,-0.27344519897210784,-0.05401666232696292,-0.8612443431683405,2.6966632612914485,0.2852601423090708,4.566993334045273
0.9861972394478896,PASSED,-0.27349964080916755,-0.05486978626443923,-0.8477103336816122,2.6969507765354117,0.2897848076742834,4.496446719324087
0.9871974394878976,PASSED,-0.27355492892136674,-0.0557092542645023,-0.8339731109840358,2.6972427807382653,0.29423828070788166,4.424823909781048
0.9881976395279056,PASSED,-0.27361104955284304,-0.056534865620933836,-0.8200368533965442,2.697539202178068,0.2986194978701732,4.352145997298574
0.9891978395679136,PASSED,-0.2736679887491359,-0.057346423833626786,-0.8059057855572265,2.6978399680798946,0.30292741672345636,4.278434090606236
0.9901980396079216,PASSED,-0.2737257323614136,-0.058143736652266825,-0.7915841740285768,2.6981450046370803,0.30716101615617375,4.203709660791422
0.9911982396479296,PASSED,-0.27378426605074724,-0.058926616122167354,-0.7770763338151577,2.6984542370327413,0.3113192967597442,4.127994565423125
0.9921984396879376,PASSED,-0.2738435752924274,-0.059694878629102055,-0.7623866223477388,2.6987675894614664,0.31540128091427727,4.051310547273082
0.9931986397279456,PASSED,-0.2739036453803266,-0.060448344941651605,-0.7475194393507615,2.699084985151296,0.3194060130389475,3.9736798429349824
0.9941988397679536,PASSED,-0.2739644614313013,-0.06118684025183919,-0.732479224078802,2.6994063463859086,0.3233325599411363,3.895124941691331
0.9951990398079616,PASSED,-0.2740260083896374,-0.061910194217055035,-0.7172704593072227,2.699731594527022,0.3271800108973437,3.8156682992181987
0.9961992398479695,PASSED,-0.27408827103153316,-0.06261824099790246,-0.7018976618742331,2.7000606500370115,0.3309474778681516,3.735332751867626
0.9971994398879775,PASSED,-0.27415123396962254,-0.06331081929658008,-0.6863653898798595,2.700393432501757,0.334634095840282,3.6541414523055624
0.9981996399279855,PASSED,-0.27421488165753477,-0.0639877723943024,-0.6706782362839422,2.7007298606536625,0.338239022890424,3.572117448699708
0.9991998399679936,PASSED,-0.2742791983944905,-0.06464894818584059,-0.6548408283743666,2.7010698523949146,0.3417614404190446,3.48928424856788
1.0002000400080016,PASSED,-0.2743441683299326,-0.06529419921346089,-0.6388578271175687,2.7014133248208956,0.3452005533949314,3.4056654607660946
1.0012002400480096,PASSED,-0.27440977546819023,-0.06592338270117339,-0.6227339281091164,2.701760194243814,0.3485555904725197,3.321284822136467
1.0022004400880176,PASSED,-0.2744760036731765,-0.06653636058602312,-0.6064738560101554,2.7021103762165097,0.35182580420715404,3.236166342966195
1.0032006401280256,PASSED,-0.27454283667311513,-0.06713299954707608,-0.5900823644148095,2.702463785556424,0.35501047122477536,3.150334134058123
1.0042008401680336,PASSED,-0.27461025806529893,-0.06771317103621041,-0.5735642389473374,2.7028203363697654,0.358108892389575,3.063812518627325
1.0052010402080416,PASSED,-0.2746782513208752,-0.06827675130583505,-0.5569242900761601,2.7031799420758107,0.3611203929520224,2.9766259249941633
1.0062012402480496,PASSED,-0.27474679978965955,-0.06882362143465313,-0.5401673546460305,2.7035425154314043,0.36404432274681114,2.888799041318452
1.0072014402880576,PASSED,-0.27481588670497453,-0.06935366735271954,-0.5232982936799776,2.703907968555571,0.3668800562964701,2.8003565552192917
1.0082016403280656,PASSED,-0.27488549518851363,-0.06986677986686761,-0.5063219944601187,2.7042762129543014,0.3696269929611274,2.7113234042826506
1.0092018403680736,PASSED,-0.2749556082552281,-0.07036285468169468,-0.4892433617383745,2.7046471595454786,0.3722845571315631,2.621724681204429
1.0102020404080816,PASSED,-0.2750262088182356,-0.07084179242102301,-0.4720673243883004,2.7050207186839357,0.3748521983115562,2.531585512518953
1.0112022404480896,PASSED,-0.2750972796937503,-0.07130349864960943,-0.4547988313851691,2.705396800186638,0.3773293912299925,2.44093118904782
1.0122024404880976,PASSED,-0.2751688036060309,-0.07174788388893126,-0.43744284461293836,2.705775313358007,0.37971563602550257,2.3497871998182975
1.0132026405281056,PASSED,-0.27524076319234786,-0.07217486363648748,-0.4200043495184219,2.706156167015341,0.38201045831816965,2.2581790212328685
1.0142028405681136,PASSED,-0.27531314100796606,-0.07258435838155068,-0.40248834209304907,2.7065392695143533,0.38421340928971837,2.1661322717592864
1.0152030406081216,PASSED,-0.2753859195311438,-0.0729762936182154,-0.38489983304579733,2.7069245287748394,0.3863240658754634,2.073672795068782
1.0162032406481296,PASSED,-0.2754590811681445,-0.07335059986027244,-0.36724384806454274,2.7073118523064004,0.3883420307773362,1.9808263064087623
1.0172034406881376,PASSED,-0.27553260825826215,-0.07370721265246807,-0.3495254216163647,2.7077011472342947,0.3902669325570396,1.8876187618998805
1.0182036407281456,PASSED,-0.27560648307885666,-0.07404607258023932,-0.33174959854115993,2.708092320325372,0.39209842581244375,1.7940762510736235
1.0192038407681536,PASSED,-0.27568068785039956,-0.07436712527955258,-0.31392143316132026,2.708485278014054,0.3938361911225364,1.700224682772095
1.0202040408081616,PASSED,-0.2757552047415284,-0.07467032144477778,-0.2960459866011303,2.70887992642844,0.39547993519286384,1.6060903286975894
1.0212042408481696,PASSED,-0.2758300158741075,-0.07495561683410976,-0.27812832448586167,2.7092761714164344,0.39702939094238154,1.5116993633977789
1.0222044408881776,PASSED,-0.2759051033282945,-0.07522297227505846,-0.2601735185905925,2.7096739185719665,0.39848431749733143,1.417078015984626
1.0232046409281856,PASSED,-0.2759804491476116,-0.07547235366852274,-0.2421866433800599,2.7100730732612437,0.3998445002663459,1.3222526043676657
1.0242048409681936,PASSED,-0.2760560353440188,-0.07570373198945188,-0.22417277262850732,2.7104735406490597,0.4011097510035907,1.227249492496197
1.0252050410082016,PASSED,-0.2761318439029896,-0.07591708328888408,-0.20613698396797867,2.7108752257251405,0.40227990782235706,1.132095036279774
1.0262052410482096,PASSED,-0.2762078567885858,-0.07611238869324273,-0.18808435128577528,2.711278033330536,0.40335483523898075,1.0368156701862432
1.0272054410882177,PASSED,-0.2762840559485315,-0.07628963440121907,-0.17001994577004512,2.7116818681840167,0.40433442418564547,0.9414377976504131
1.0282056411282257,PASSED,-0.2763604233192845,-0.07644881168203832,-0.1519488375187496,2.7120866349085078,0.4052185920303349,0.8459878760487364
1.0292058411682337,PASSED,-0.27643694083110326,-0.07658991686929185,-0.1338760870767269,2.7124922380575405,0.4060072826108841,0.7504923835495423
1.0302060412082417,PASSED,-0.27651359041310836,-0.07671295135477108,-0.11580675108091115,2.7128985821416784,0.4067004661779644,0.6549776894340916
1.0312062412482497,PASSED,-0.27659035399833704,-0.07681792158165202,-0.09774587741427512,2.7133055716549905,0.40729813945430254,0.5594703342741362
1.0322064412882577,PASSED,-0.27666721352879003,-0.07690483903567155,-0.07969850508971016,2.7137131111014794,0.4078003256156106,0.4639967126639714
1.0332066413282657,PASSED,-0.27674415096046795,-0.07697372023346052,-0.06166965958848165,2.7141211050215084,0.408207074214373,0.36858318949481617
1.0342068413682737,PASSED,-0.27682114826839666,-0.07702458671111437,-0.04366435636408532,2.7145294580182147,0.4085184612258076,0.2732562260611371
1.0352070414082817,PASSED,-0.2768981874516408,-0.07705746501264776,-0.025687598312946553,2.714938074783874,0.4087345889861634,0.17804211655223762
1.0362072414482897,PASSED,-0.27697525053830296,-0.07707238667361707,-0.007744369406891882,2.7153468601262554,0.408855586139391,0.08296717767790954
1.0372074414882977,PASSED,-0.27705231959050736,-0.07706938820490426,0.01016036079263629,2.7157557189949135,0.40888160762200043,-0.011942314102907973
1.0382076415283057,PASSED,-0.27712937670936777,-0.07704851107782527,0.028021637936568734,2.7161645565074406,0.40881283459294654,-0.10666017235460432
1.0392078415683137,PASSED,-0.2772064040399365,-0.07700980170312774,0.04583453253819783,2.7165732779756575,0.40864947436048066,-0.20116027254010058
1.0402080416083217,PASSED,-0.2772833837761347,-0.07695331141107452,0.0635941317299147,2.716981788931749,0.40839176034942287,-0.295416503402883
1.0412082416483297,PASSED,-0.2773602981656613,-0.076879096431774,0.08129554434760487,2.7173899951543086,0.4080399519884741,-0.3894029326460226
1.0422084416883377,PASSED,-0.2774371295148806,-0.07678721787075023,0.09893390547455196,2.7177978026943372,0.407594334654912,-0.4830936008394237
1.0432086417283457,PASSED,-0.27751386019368546,-0.07667774168482319,0.11650437289534976,2.7182051179011224,0.40705521958401886,-0.5764627175956408
1.0442088417683537,PASSED,-0.2775904726403365,-0.07655073865746975,0.13400213032550107,2.7186118474480496,0.40642294375076504,-0.6694845770258532
1.0452090418083617,PASSED,-0.27766694936627434,-0.0764062843714566,0.15142238980490216,2.7190178983582936,0.40569786977947025,-0.7621335674741245
1.0462092418483697,PASSED,-0.27774327296090534,-0.07624445918077148,0.16876039127192863,2.719423178030425,0.4048803858552309,-0.8543841620827933
1.0472094418883777,PASSED,-0.27781942609635696,-0.07606534818062226,0.18601140606741023,2.7198275942638848,0.40397090557163784,-0.9462110312665405
1.0482096419283857,PASSED,-0.2778953915322047,-0.07586904117728893,0.20317073484392387,2.720231055284338,0.4029698678039721,-1.037588925265231
1.0492098419683937,PASSED,-0.27797115212016577,-0.07565563265539395,0.22023371326236243,2.7206334697689183,0.4018777366255636,-1.1284926805039894
1.0502100420084017,PASSED,-0.2780466908087613,-0.07542522174476651,0.23719570887080474,2.7210347468713034,0.40069500111244094,-1.2188974015350487
1.0512102420484097,PASSED,-0.2781219906479435,-0.0751779121852295,0.2540521266478349,2.7214347962466725,0.3994221752001355,-1.3087782528189833
1.0522104420884177,PASSED,-0.2781970347936877,-0.07491381229055444,0.27079840669320354,2.721833528076515,0.39805979759734444,-1.3981105027724217
1.0532106421284257,PASSED,-0.2782718065125479,-0.07463303491186399,0.28743002668861717,2.7222308530932495,0.39660843152508324,-1.4868697852536559
1.0542108421684337,PASSED,-0.27834628918617355,-0.07433569739776383,0.3039425057078408,2.7226266826047194,0.3950686646030525,-1.5750316798820865
1.0552110422084418,PASSED,-0.278420466315788,-0.07402192155464914,0.3203314013859264,2.7230209285184794,0.39344110869502086,-1.6625720601314287
1.0562112422484498,PASSED,-0.2784943215266253,-0.07369183360668642,0.3365923123472492,2.7234135033659435,0.3917263996891628,-1.749466969675846
1.0572114422884578,PASSED,-0.27856783857232614,-0.07334556415206583,0.3527208828028129,2.72380432032628,0.38992519726397923,-1.8356927288553495
1.0582116423284658,PASSED,-0.2786410013392903,-0.07298324811915245,0.3687127996537613,2.7241932932501953,0.38803818480703006,-1.9212256090117543
1.0592118423684738,PASSED,-0.27871379385098466,-0.07260502472332422,0.38456379327786266,2.724580336683451,0.3860660691407637,-2.0060423711027777
1.0602120424084818,PASSED,-0.27878620027220613,-0.07221103741912774,0.4002696448088812,2.7249653658901902,0.3840095802365763,-2.0901199262437524
1.0612122424484898,PASSED,-0.2788582049132973,-0.07180143385303378,0.41582618028398133,2.72534829687607,0.3818694711521856,-2.1734351898218893
1.0622124424884978,PASSED,-0.278929792234315,-0.07137636581655113,0.43122927394841776,2.72572904641115,0.37964651773459707,-2.255965569432943
1.0632126425285058,PASSED,-0.27900094684914895,-0.07093598919503004,0.44647485323620767,2.726107532052534,0.37734151827826923,-2.3376887142578235
1.0642128425685138,PASSED,-0.2790716535295905,-0.07048046391665873,0.4615588951280545,2.7264836721668213,0.3749552934639844,-2.4185822143027886
1.0652130426085218,PASSED,-0.27914189720935045,-0.0700099539023497,0.47647742709634794,2.726857385952276,0.3724886860545715,-2.4986242061529103
1.0662132426485298,PASSED,-0.2792116629880233,-0.06952462701053384,0.49122653496219004,2.7272285934607616,0.36994256053269403,-2.577793065693832
1.0672134426885378,PASSED,-0.27928093613499905,-0.06902465498397332,0.5058023542927411,2.7275972156193986,0.3673178029513739,-2.65606725840432
1.0682136427285458,PASSED,-0.27934970209331933,-0.0685102133950936,0.5202010786043828,2.7279631742519914,0.3646153206926127,-2.7334255923324386
1.0692138427685538,PASSED,-0.27941794648347795,-0.06798148158777831,0.5344189597892164,2.7283263921001493,0.3618360420735087,-2.809847303618397
1.0702140428085618,PASSED,-0.27948565510716494,-0.06743864262173577,0.5484523035447627,2.7286867928441456,0.35898091612294886,-2.88531171518756
1.0712142428485698,PASSED,-0.2795528139509521,-0.0668818832134289,0.5622974781482765,2.729044301123495,0.3560509123590324,-2.9597984630690375
1.0722144428885778,PASSED,-0.2796194091899196,-0.06631139367538813,0.5759509113024281,2.7293988425572273,0.35304702038699476,-3.0332876446834445
1.0732146429285858,PASSED,-0.2796854271912231,-0.06572736785785843,0.5894090883478827,2.7297503437638673,0.3499702496244602,-3.1057595077686364
1.0742148429685938,PASSED,-0.27975085451759907,-0.06513000308604884,0.6026685607840633,2.7300987323811134,0.34682162906115566,-3.177194600328434
1.0752150430086018,PASSED,-0.27981567793080864,-0.06451950009626124,0.6157259424566351,2.7304439370852,0.34360220687102183,-3.247573916670717
1.0762152430486098,PASSED,-0.27987988439501804,-0.06389606297520355,0.6285779067917387,2.7307858876099553,0.34031305011143204,-3.316878654869196
1.0772154430886178,PASSED,-0.2799434610801158,-0.0632598990947227,0.6412211962735794,2.7311245147655,0.33695524439106483,-3.385090430699163
1.0782156431286258,PASSED,-0.2800063953649644,-0.06261121904426785,0.653652619909027,2.731459750456661,0.333529893565447,-3.4521910888969956
1.0792158431686338,PASSED,-0.2800686748405861,-0.061950236566994374,0.6658690488497734,2.7317915277010183,0.33003811937553135,-3.5181629239281085
1.0802160432086418,PASSED,-0.28013028731328304,-0.06127716849356459,0.6778674231497805,2.7321197806466193,0.3264810610788231,-3.5829885452283556
1.0812162432486496,PASSED,-0.28019122080768877,-0.06059223467102091,0.6896447554729516,2.7324444445893428,0.32285987514344844,-3.646650862138825
1.0822164432886576,PASSED,-0.280251463569752,-0.05989565789563239,0.7011981219988865,2.7327654559899064,0.3191757348678221,-3.7091332179512873
1.0832166433286656,PASSED,-0.280311004069651,-0.05918766384463875,0.7125246703234673,2.733082752490531,0.31542983002067454,-3.770419266611615
1.0842168433686736,PASSED,-0.28036983100463786,-0.058468481003961646,0.723621620912873,2.733396272931199,0.3116233664521676,-3.8304931031038256
1.0852170434086816,PASSED,-0.28042793330181237,-0.057738340596996514,0.7344862643332943,2.7337059573655993,0.30775756577107616,-3.8893390664164706
1.0862172434486896,PASSED,-0.280485300120824,-0.05699747651429939,0.7451159616063445,2.7340117470766407,0.3038336649206951,-3.9469420396907524
1.0872174434886976,PASSED,-0.2805419208565018,-0.056246125239889706,0.755508149611918,2.734313584591615,0.2998529157849182,-4.00328719983429
1.0882176435287056,PASSED,-0.280597785141411,-0.055484525777027796,0.7656603383619099,2.734611413696969,0.29581658486242746,-4.058360070928326
1.0892178435687137,PASSED,-0.28065288284833645,-0.05471291957672804,0.775570108258327,2.7349051794526775,0.29172595281431885,-4.112146699562075
1.0902180436087217,PASSED,-0.28070720409269145,-0.053931550460953874,0.7852351207847205,2.7351948282062155,0.2875823140502583,-4.164633473726194
1.0912182436487297,PASSED,-0.2807607392348516,-0.05314066454709722,0.7946531092379419,2.7354803076061494,0.28338697640805793,-4.215807087849801
1.0922184436887377,PASSED,-0.2808134788824129,-0.05234051017399615,0.8038218823431491,2.7357615666152957,0.2791412606727411,-4.265654833628203
1.0932186437287457,PASSED,-0.28086541389237374,-0.05153133782413287,0.8127393282100258,2.7360385555234856,0.2748465001501737,-4.314164315193436
1.0942188437687537,PASSED,-0.2809165353732407,-0.050713400046595254,0.8214034104226807,2.736311225959906,0.27050404032416714,-4.361323499881958
1.0952190438087617,PASSED,-0.2809668346870558,-0.04988695137964595,0.8298121713003832,2.736579530905033,0.2661152383940274,-4.40712088364492
1.0962192438487697,PASSED,-0.2810163034513474,-0.04905224827314376,0.8379637299700676,2.736843424702122,0.2616814628076942,-4.45154538812536
1.0972194438887777,PASSED,-0.2810649335410016,-0.04820954900927918,0.8458562864609213,2.737102863068289,0.2572040929034288,-4.494586248358693
1.0982196439287857,PASSED,-0.2811127170900553,-0.04735911362364024,0.85348811842429,2.737357803105147,0.25268451844939216,-4.536233257821974
1.0992198439687937,PASSED,-0.2811596464934101,-0.046501203826164905,0.8608575835093566,2.7376082033090117,0.24812413917038625,-4.576476626461897
1.1002200440088017,PASSED,-0.28120571440846653,-0.04563608292146664,0.8679631188242131,2.7378540235806827,0.24352436437785474,-4.615306903244595
1.1012202440488097,PASSED,-0.28125091375667827,-0.04476401572766756,0.8748032437823245,2.7380952252347486,0.23888661246489665,-4.652715252767097
1.1022204440888177,PASSED,-0.2812952377250255,-0.04388526849601418,0.8813765569007526,2.738331771008491,0.23421231048545815,-4.688693130552794
1.1032206441288257,PASSED,-0.2813386797674085,-0.043000108831686354,0.8876817359458686,2.738563625070301,0.22950289371244526,-4.723232534652961
1.1042208441688337,PASSED,-0.2813812336059589,-0.042108805610041954,0.8937175454434276,2.738790753027664,0.22475980515536903,-4.756325905358418
1.1052210442088417,PASSED,-0.2814228932322709,-0.04121162889638134,0.8994828258054104,2.739013121934701,0.21998449515190352,-4.787966068870244
1.1062212442488497,PASSED,-0.2814636529085499,-0.04030884986514602,0.9049765015219299,2.7392307002992258,0.21517842086990457,-4.818146424084758
1.1072214442888577,PASSED,-0.28150350716868017,-0.03940074071643095,0.9101975801771665,2.739443458089368,0.2103430458508907,-4.846860748966648
1.1082216443288657,PASSED,-0.2815424508192094,-0.03848757459393746,0.9151451507043642,2.7396513667397313,0.20547983959156702,-4.874103266228403
1.1092218443688737,PASSED,-0.2815804789402524,-0.037569625504404076,0.9198183820860629,2.7398543991570734,0.20059027702191584,-4.89986877193304
1.1102220444088817,PASSED,-0.2816175868863111,-0.03664716823344793,0.924216530202862,2.7400525297255514,0.19567583807665104,-4.924152394152664
1.1112222444488897,PASSED,-0.2816537702870136,-0.035720478263472105,0.9283389298244675,2.7402457343114675,0.19073800722799394,-4.946949818326692
1.1122224444888977,PASSED,-0.2816890250477687,-0.034789831691291066,0.9321850004187492,2.740433990267572,0.18577827299040953,-4.9682571837562275
1.1132226445289057,PASSED,-0.2817233473503401,-0.03385550514593668,0.9357542419781458,2.740617276436897,0.18079812749813873,-4.988071031280483
1.1142228445689137,PASSED,-0.2817567336533359,-0.032917775705231134,0.939046239857156,2.7407955731561007,0.1757990659895664,-5.006388493433545
1.1152230446089217,PASSED,-0.28178918069261677,-0.031976920812751164,0.9420606608951654,2.740968862258372,0.17078258635864413,-5.023207055914767
1.1162232446489297,PASSED,-0.2818206854816209,-0.031033218196891057,0.9447972525034003,2.741137127075832,0.16575018868775024,-5.038524747546653
1.1172234446889378,PASSED,-0.2818512453116065,-0.030086945786453802,0.9472558490598255,2.7413003524414945,0.1607033747712972,-5.052340029057294
1.1182236447289458,PASSED,-0.28188085775181154,-0.029138381629115948,0.9494363628565391,2.741458524690734,0.15564364763611016,-5.064651872606891
1.1192238447689538,PASSED,-0.2819095206495316,-0.02818780380895197,0.9513387917022721,2.7416116316622903,0.15057251107800512,-5.075459681770465
1.1202240448089618,PASSED,-0.2819372321301149,-0.02723549036408333,0.9529632136462208,2.741759662698801,0.1454914691953073,-5.084763349982745
1.1212242448489698,PASSED,-0.28196399059687516,-0.026281719204614744,0.9543097900168264,2.741902608646864,0.14040202590961282,-5.092563242835655
1.1222244448889778,PASSED,-0.28198979473092306,-0.025326768030715062,0.955378763154924,2.7420404618566327,0.13530568450190344,-5.098860184291834
1.1232246449289858,PASSED,-0.28201464349091543,-0.02437091425124293,0.95617045701694,2.742173216180933,0.13020394713537523,-5.103655488019103
1.1242248449689938,PASSED,-0.28203853611272295,-0.023414434901947796,0.9566852774805951,2.7423008669739177,0.12509831439548166,-5.10695090780989
1.1252250450090018,PASSED,-0.28206147210901683,-0.022457606564557857,0.9569237106628318,2.742423411089248,0.11999028481278075,-5.1087486992949325
1.1262252450490098,PASSED,-0.28208345126877454,-0.02150070528645264,0.9568863230668012,2.742540846877824,0.11488135441847266,-5.1090515243168575
1.1272254450890178,PASSED,-0.2821044736567045,-0.020544006498791473,0.9565737640574131,2.7426531741850257,0.10977301625437459,-5.107862590618891
1.1282256451290258,PASSED,-0.28212453961259093,-0.019587784937908328,0.9559867587669678,2.7427603943475094,0.1046667599120438,-5.105185510138727
1.1292258451690338,PASSED,-0.2821436497505585,-0.018632314565264083,0.9551261152290962,2.7428625101895427,0.09956407111216888,-5.101024326365736
1.1302260452090418,PASSED,-0.28216180495825743,-0.017677868486588925,0.9539927209725372,2.7429595260188635,0.09446643119129168,-5.095383650551494
1.1312262452490498,PASSED,-0.28217900639596966,-0.01672471887533186,0.9525875381134207,2.743051447622106,0.08937531667397494,-5.088268428493576
1.1322264452890578,PASSED,-0.2821952554956363,-0.015773136893109555,0.9509116116282232,2.743138282259742,0.08429219881846516,-5.079684140187278
1.1332266453290658,PASSED,-0.28221055395980654,-0.01482339261010474,0.9489660639225408,2.743220038660614,0.07921854318525513,-5.069636628558517
1.1342268453690738,PASSED,-0.2822249037605094,-0.01387575493093091,0.946752089341356,2.7432967270159607,0.07415580913026616,-5.058132339275945
1.1352270454090818,PASSED,-0.28223830713804804,-0.012930491515899692,0.9442709654911278,2.74336835897306,0.06910544941972353,-5.045177958053774
1.1362272454490898,PASSED,-0.2822507665997171,-0.011987868703322238,0.941524043968338,2.7434349476283684,0.06406890977431687,-5.030780770308609
1.1372274454890978,PASSED,-0.28226228491844474,-0.011048151436478183,0.9385127487611984,2.7434965075202657,0.05904762839521751,-5.014948451626519
1.1382276455291058,PASSED,-0.28227286513135863,-0.010111603187329897,0.9352385827396752,2.7435530546213496,0.054043035592146495,-4.997689037367349
1.1392278455691138,PASSED,-0.28228251053827724,-0.009178485880668245,0.9317031226096355,2.7436046063302895,0.04905655331254347,-4.979011107760144
1.1402280456091218,PASSED,-0.28229122470012696,-0.008249059821960605,0.9279080161063076,2.743651181463248,0.04408959467670629,-4.958923654555214
1.1412282456491298,PASSED,-0.2822990114372855,-0.007323583623922165,0.9238549859931948,2.743692800244906,0.03914356365667016,-4.937435930356735
1.1422284456891378,PASSED,-0.2823058748278531,-0.006402314133650126,0.9195458264579354,2.7437294842990294,0.03421985458183068,-4.914557837827978
1.1432286457291458,PASSED,-0.2823118192058508,-0.005485506360300378,0.9149824046109551,2.7437612566386584,0.02931985172468216,-4.890299536695556
1.1442288457691538,PASSED,-0.28231684915934757,-0.004573413404806614,0.9101666560823052,2.7437881416558407,0.024444928922895574,-4.864671645180598
1.1452290458091618,PASSED,-0.2823209695285172,-0.003666286390259963,0.9051005868562139,2.743810165111012,0.019596449184578785,-4.837685133740918
1.1462292458491699,PASSED,-0.2823241854036246,-0.0027643743906412346,0.8997862747937384,2.743827354121906,0.014775764214719975,-4.809351527270737
1.1472294458891779,PASSED,-0.2823265021229439,-0.001867924363434087,0.89422586214942,2.7438397371521477,0.009984214114505239,-4.779682482177405
1.1482296459291859,PASSED,-0.2823279252706075,-0.0009771810820983862,0.8884215607932218,2.743847343999383,0.005223126954463119,-4.748690278618596
1.1492298459691939,PASSED,-0.28232846067438827,-9.238706772498971e-05,0.8823756500935129,2.743850205783055,0.0004938183258527184,-4.716387528604937
1.1502300460092019,PASSED,-0.2823281144034148,0.0007862174760212992,0.8760904728481397,2.7438483549318016,-0.0042024089270199785,-4.682787069051203
1.1512302460492099,PASSED,-0.2823268927658213,0.0016583947281372474,0.8695684382944873,2.7438418251704673,-0.008864265123054728,-4.647902280690447
1.1522304460892179,PASSED,-0.2823248023063327,0.00252390931492211,0.8628120191117795,2.7438306515067463,-0.013490474173119736,-4.611746896314718
1.1532306461292259,PASSED,-0.2823218498037856,0.003382528373975313,0.8558237523474852,2.7438148702174585,-0.018079773864452406,-4.574334888011301
1.1542308461692339,PASSED,-0.2823180422685868,0.004234021614982585,0.8486062334471296,2.7437945188344712,-0.022630916223823537,-4.53568067361102
1.1552310462092419,PASSED,-0.2823133869401093,0.005078161382452849,0.8411621234856874,2.743769636130275,-0.027142667907403887,-4.495799023559903
1.1562312462492499,PASSED,-0.2823078912840277,0.005914722716945887,0.833494141831272,2.7437402621031897,-0.03161381053261601,-4.45470502631361
1.157231446289258,PASSED,-0.2823015629895935,0.006743483412292009,0.8256050643560218,2.743706437962265,-0.03604314096871724,-4.412414042626305
1.158231646329266,PASSED,-0.2822944099668515,0.007564224075493066,0.8174977290977474,2.7436682061118054,-0.040429471736363444,-4.368941917659467
1.159231846369274,PASSED,-0.28228644034379774,0.00837672818520936,0.8091750301286589,2.7436256101356076,-0.0447716312980915,-4.324304657773786
1.160232046409282,PASSED,-0.28227766246348135,0.009180782146193936,0.8006399148885189,2.743578694780847,-0.04906846435416592,-4.2785186549415
1.16123224644929,PASSED,-0.2822680848810496,0.009976175345207014,0.7918953884294504,2.743527505941665,-0.053318832202143,-4.231600643334137
1.162232446489298,PASSED,-0.28225771636073876,0.010762700206509589,0.782944509884659,2.7434720906424612,-0.05752161298906829,-4.183567549319394
1.163232646529306,PASSED,-0.2822465658728109,0.011540152243986631,0.7737903892052993,2.7434124970208362,-0.061675702070505864,-4.13443676951635
1.164232846569314,PASSED,-0.282234642590438,0.01230833011295882,0.7644361888167847,2.7433487743103036,-0.06578001224720026,-4.084225781479733
1.165233046609322,PASSED,-0.282221955886535,0.013067035661794828,0.7548851221821568,2.7432809728226815,-0.06983347403035599,-4.03295245093974
1.16623324664933,PASSED,-0.28220851533054137,0.013816073982692415,0.7451404533745387,2.7432091439301853,-0.07383503603143625,-3.980635034507262
1.167233446689338,PASSED,-0.28219433068515476,0.014555253457980335,0.7352054898968418,2.7431333400473066,-0.07778366509821934,-3.9272917549669786
1.168233646729346,PASSED,-0.2821794119030153,0.015284385809699302,0.7250835929337178,2.743053614612358,-0.08167834662620783,-3.8729413766695107
1.169233846769354,PASSED,-0.28216376912334357,0.016003286146264794,0.7147781656533432,2.742970022068816,-0.08551808486435654,-3.817602812468167
1.170234046809362,PASSED,-0.2821474126685324,0.016711773005684407,0.7042926552637933,2.7428826178463677,-0.08930190309686899,-3.761295179208626
1.17123424684937,PASSED,-0.2821303530406943,0.017409668400989134,0.6936305553320149,2.742791458341771,-0.09302884385626797,-3.704037812859214
1.172234446889378,PASSED,-0.2821126009181648,0.018096797864463207,0.6827954022354478,2.7426966008994063,-0.09669796927480248,-3.645850488984696
1.173234646929386,PASSED,-0.28209416715196467,0.018772990485923284,0.6717907676098307,2.7425981037916656,-0.10030836121165441,-3.5867529020967623
1.174234846969394,PASSED,-0.28207506276221966,0.019438078955877566,0.6606202715172492,2.742496026199073,-0.10385912146283378,-3.526765150567773
1.175235047009402,PASSED,-0.2820552989345413,0.02009189960518744,0.6492875678382939,2.7423904281902263,-0.1073493720425096,-3.465907532414517
1.17623524704941,PASSED,-0.2820348870163688,0.02073429244015901,0.6377963463937553,2.7422813707015194,-0.11077825532287087,-3.4042004456590944
1.177235447089418,PASSED,-0.2820138385132735,0.02136510118212414,0.6261503390127112,2.7421689155166424,-0.11414493427474176,-3.341664622678737
1.178235647129426,PASSED,-0.2819921650852269,0.021984173302442078,0.6143533078547554,2.7420531252459512,-0.1174485925941762,-3.2783207839382262
1.179235847169434,PASSED,-0.2819698785428344,0.02259136005546133,0.6024090497955805,2.7419340633055804,-0.12068843494469969,-3.2141900615803336
1.180236047209442,PASSED,-0.2819469908435344,0.02318651651343938,0.5903213967663564,2.7418117938964395,-0.12386368711615013,-3.149293578030511
1.18123624724945,PASSED,-0.28192351408776584,0.023769501597238875,0.5780942084882587,2.7416863819830217,-0.12697359611657233,-3.08365261534995
1.182236447289458,PASSED,-0.28189946051510395,0.024340178106996367,0.5657313772703116,2.7415578932720277,-0.1300174304506199,-3.017288813179309
1.183236647329466,PASSED,-0.2818748425003661,0.02489841275211386,0.5532368236822756,2.7414263941908934,-0.1329944801728359,-2.9502236615738653
1.184236847369474,PASSED,-0.2818496725496895,0.02544407617845453,0.5406144947795992,2.7412919518661107,-0.13590405704631908,-2.8824790147560395
1.185237047409482,PASSED,-0.2818239632965807,0.02597704299569348,0.5278683655451843,2.7411546341014597,-0.1387454947151133,-2.8140767714863726
1.18623724744949,PASSED,-0.2817977274979397,0.0264971918023538,0.5150024340704142,2.7410145093560856,-0.1415181487884288,-2.745038941201565
1.187237447489498,PASSED,-0.2817709780300587,0.02700440521030837,0.5020207238773353,2.7408716467224665,-0.14422139696206368,-2.6753876619237595
1.188237647529506,PASSED,-0.28174372788459723,0.027498569868360606,0.4889272808355007,2.740726115904261,-0.14685463915193586,-2.605145208504449
1.189237847569514,PASSED,-0.2817159901645357,0.027979576482485228,0.4757261696507077,2.740577987194044,-0.14941729759360856,-2.5343339304515062
1.190238047609522,PASSED,-0.28168777808010687,0.028447319837065017,0.46242147786583715,2.740427331450968,-0.1519088168909044,-2.4629762085254248
1.19123824764953,PASSED,-0.2816591049447082,0.028901698814530002,0.44901731053108374,2.7402742200783035,-0.15432866415933624,-2.391094641702772
1.192238447689538,PASSED,-0.2816299841707957,0.029342616412311343,0.4355177892815119,2.7401187250009147,-0.15667632909989476,-2.31871180646236
1.193238647729546,PASSED,-0.2816004292657607,0.029769979759020012,0.4219270516601047,2.739960918642659,-0.15895132401615494,-2.245850322792075
1.194238847769554,PASSED,-0.2815704538277899,0.03018370013129022,0.4082492526769416,2.7398008739037087,-0.16115318393793074,-2.172532987764969
1.1952390478095618,PASSED,-0.281540071541712,0.030583692966930566,0.3944885576159534,2.739638664137817,-0.16328146668004168,-2.09878257834156
1.1962392478495698,PASSED,-0.2815092961748301,0.030969877876633765,0.3806491444280297,2.739474363129542,-0.16533575282034937,-2.0246218482851144
1.1972394478895778,PASSED,-0.28147814157274215,0.03134217865694817,0.3667352042386524,2.739308045071397,-0.16731564582454408,-1.9500737748011086
1.1982396479295858,PASSED,-0.2814466216551511,0.031700523300083716,0.3527509357334831,2.739139784540993,-0.16922077205977593,-1.8751612088523053
1.1992398479695938,PASSED,-0.28141475041166486,0.03204484400225,0.3387005464548265,2.738969656478139,-0.17105078075598668,-1.799907021116388
1.2002400480096018,PASSED,-0.2813825418975881,0.03237507717176074,0.3245882515480174,2.738797736161897,-0.17280534413714163,-1.7243342878473809
1.2012402480496098,PASSED,-0.2813500102297077,0.03269116343504788,0.3104182711132355,2.738624099187672,-0.1744841573475787,-1.6484658254968725
1.2022404480896178,PASSED,-0.28131716958207154,0.032993047642329514,0.29619483139389535,2.73844882144422,-0.1760869384896026,-1.5723246863752764
1.2032406481296258,PASSED,-0.28128403418176334,0.03328067887144995,0.28192216093812367,2.7382719790907317,-0.17761342862624224,-1.4959337701492514
1.2042408481696338,PASSED,-0.2812506183046743,0.033554010429371124,0.267604489243217,2.7380936485338587,-0.17906339175556588,-1.4193160354398844
1.2052410482096418,PASSED,-0.2812169362712724,0.0338129998546343,0.2532460492764775,2.737913906404781,-0.18043661482967632,-1.3424944332241247
1.2062412482496498,PASSED,-0.2811830024423712,0.03405760891806747,0.23885107287097157,2.737732829536298,-0.1817329076775292,-1.2654917909387122
1.2072414482896578,PASSED,-0.28114883121489886,0.03428780362002941,0.22442378802258417,2.7375504949399225,-0.18295210302494444,-1.1883310517329035
1.2082416483296659,PASSED,-0.28111443701766975,0.034503554188364385,0.20996842187656797,2.7373669797830282,-0.18409405645231933,-1.1110350111362204
1.2092418483696739,PASSED,-0.28107983430715744,0.0347048350767881,0.19548919945514356,2.737182361366016,-0.18515864632687024,-1.0336264501607106
1.2102420484096819,PASSED,-0.28104503756327337,0.03489162495839721,0.18099033637841952,2.736996717099552,-0.1861457737632906,-0.9561280939268478
1.2112422484496899,PASSED,-0.28101006128515,0.03506390671858502,0.16647604272740704,2.7368101244818326,-0.187055362592,-0.8785626518977064
1.2122424484896979,PASSED,-0.28097491998693086,0.03522166745071046,0.15195052505746232,2.736622661075926,-0.1878873592639407,-0.8009526853026788
1.2132426485297059,PASSED,-0.28093962819356816,0.03536489844697958,0.13741797707688608,2.7364344044871656,-0.18864173280011687,-0.7233207700918075
1.2142428485697139,PASSED,-0.2809042004366297,0.0354935951861448,0.12288258055744018,2.7362454323406267,-0.1893184747179428,-0.6456893496487263
1.2152430486097219,PASSED,-0.2808686512501155,0.03560775732626745,0.10834851316612691,2.7360558222586757,-0.18991759893693003,-0.5680807985462208
1.2162432486497299,PASSED,-0.2808329951662859,0.03570738869178429,0.0938199337506551,2.7358656518385973,-0.1904391417109382,-0.4905174243161583
1.2172434486897379,PASSED,-0.28079724671150225,0.035792497259068794,0.07930098964040407,2.7356749986303326,-0.19088316150789617,-0.4130213787191715
1.2182436487297459,PASSED,-0.280761420402081,0.03586309514410886,0.0647958153065173,2.7354839401142845,-0.19124973893744782,-0.3356147967733233
1.219243848769754,PASSED,-0.2807255307401629,0.035919198586321636,0.05030852681693698,2.7352925536792467,-0.19153897664420255,-0.25831964674235497
1.220244048809762,PASSED,-0.2806895922095972,0.03596082793195063,0.03584322483702748,2.735100916600441,-0.19175099915476662,-0.18115775311190332
1.22124424884977,PASSED,-0.2806536192718445,0.03598800761646889,0.021403990972424618,2.7349091060176485,-0.19188595282493048,-0.10415094819850218
1.222244448889778,PASSED,-0.2806176263618955,0.03600076614719255,0.0069948905578154155,2.734717198913494,-0.19194400566917094,-0.027320774935049617
1.223244648929786,PASSED,-0.28058162788421126,0.03599913608140128,-0.007380036690663751,2.734525272091816,-0.19192534724638893,0.049311221260039804
1.224244848969794,PASSED,-0.2805456382086821,0.03598315400661333,-0.02171676685281058,2.7343334021562082,-0.19183018852942568,0.1257237140987311
1.225245049009802,PASSED,-0.2805096716666089,0.035952860519333864,-0.03601130089724361,2.734141665488659,-0.19165876177416888,0.20189544936223155
1.22624524904981,PASSED,-0.280473742546706,0.03590830020082367,-0.050259663585499034,2.733950138228372,-0.19141132034331906,0.27780541850822665
1.227245449089818,PASSED,-0.2804378650911286,0.03584952159314696,-0.06445790373751797,2.7337588962506945,-0.19108813859243795,0.35343263912974926
1.228245649129826,PASSED,-0.28040205349152414,0.035776577175006416,-0.0786020944092328,2.7335680151462345,-0.19068951169784007,0.4287563982432696
1.229245849169834,PASSED,-0.2803663218851091,0.03568952333482874,-0.09268833735663656,2.7333775702001057,-0.19021575549404035,0.5037560741706607
1.230246049209842,PASSED,-0.2803306843507732,0.03558842034381454,-0.10671276011924274,2.7331876363713556,-0.1896672063173951,0.5784112449616932
1.23124624924985,PASSED,-0.28029515490521023,0.03547333232780204,-0.12067151994134198,2.732998288272551,-0.1890442208261776,0.6527016553879929
1.232246449289858,PASSED,-0.2802597474990788,0.035344327238171276,-0.13456080275704108,2.7328096001495457,-0.18834717582695656,0.7266072284431285
1.233246649329866,PASSED,-0.28022447601319117,0.03520147682175662,-0.14837682551973297,2.732621645861412,-0.18757646810799328,0.8001080459767158
1.234246849369874,PASSED,-0.2801893542547342,0.035044856589519086,-0.16211583671607155,2.732434498860557,-0.18673251425351947,0.8731843934718562
1.235247049409882,PASSED,-0.2801543959535206,0.03487454578499678,-0.17577411639312038,2.732248232173047,-0.1858157504113693,0.9458168079357184
1.23624724944989,PASSED,-0.28011961475827374,0.03469062735070236,-0.18934797956196445,2.7320629183790826,-0.1848266321730493,1.0179858585762105
1.237247449489898,PASSED,-0.280085024232945,0.03449318789457954,-0.20283377383005854,2.7318786295937185,-0.18376563432027684,1.0896725155699156
1.238247649529906,PASSED,-0.28005063785306616,0.03428231765536793,-0.21622788279930327,2.7316954374477422,-0.1826332506199797,1.1608578234486189
1.239247849569914,PASSED,-0.2800164690021366,0.03405811046668961,-0.229526725931001,2.73151341306877,-0.18142999368631968,1.2315230071343015
1.240248049609922,PASSED,-0.2799825309680469,0.03382066371987785,-0.24272676073226615,2.7313326270625673,-0.18015639468437478,1.301649665151991
1.24124824964993,PASSED,-0.2799488369395394,0.033570078327570425,-0.25582448002420194,2.731153149494559,-0.17881300314160858,1.3712194611756685
1.242248449689938,PASSED,-0.27991540000270676,0.0333064586850861,-0.268816417457738,2.730975049871565,-0.17740038678474737,1.4402142873182167
1.243248649729946,PASSED,-0.2798822331375289,0.03302991263003807,-0.28169914677490016,2.7307983971237713,-0.1759191312343297,1.508616392483972
1.244248849769954,PASSED,-0.2798493492144502,0.03274055140435476,-0.2944692782889185,2.730623259586891,-0.17436983982410434,1.576408088719601
1.245249049809962,PASSED,-0.27981676099099634,0.03243848961221099,-0.30712346804699014,2.7304497049845837,-0.17275313339144255,1.6435719952898853
1.24624924984997,PASSED,-0.2797844811084331,0.03212384517776361,-0.3196584120476483,2.730277800411105,-0.17106964997022123,1.7100910385089663
1.247249449889978,PASSED,-0.2797525220884663,0.0317967393050215,-0.3320708465384077,2.730107612314166,-0.16932004462821754,1.775948211000135
1.248249649929986,PASSED,-0.2797208963299854,0.031457296432328634,-0.3443575567958379,2.7299392064780634,-0.16750498920641302,1.8411268956740954
1.249249849969994,PASSED,-0.2796896161058501,0.031105644189366503,-0.3565153670729879,2.7297726480070255,-0.16562517204423888,1.9056106731741544
1.250250050010002,PASSED,-0.2796586935597214,0.030741913353288283,-0.36854114874837623,2.729608001308825,-0.1636812977580703,1.9693833614981984
1.25125025005001,PASSED,-0.27962814070293757,0.03036623780189745,-0.38043181981914087,2.729445330078621,-0.16167408700779068,2.0324290094672683
1.252250450090018,PASSED,-0.27959796941143616,0.029978754468231582,-0.39218434289702114,2.7292846972830747,-0.15960427619899276,2.0947320083516994
1.253250650130026,PASSED,-0.27956819142272193,0.029579603294127167,-0.40379572824267695,2.7291261651446943,-0.1574726172629042,2.156276887913107
1.254250850170034,PASSED,-0.2795388183328826,0.029168927182320663,-0.41526303418239197,2.7289697951264618,-0.1552798773888167,2.217048531537083
1.255251050210042,PASSED,-0.27950986159365143,0.02874687194827856,-0.4265833672819058,2.7288156479167043,-0.1530268387466939,2.2770320491799456
1.25625125025005,PASSED,-0.2794813325095196,0.02831358627125543,-0.4377538835172822,2.7286637834142384,-0.15071429824102353,2.33621280999729
1.257251450290058,PASSED,-0.27945324223489626,0.02786922164563247,-0.44877178702673787,2.7285142607137702,-0.14834306724285454,2.3945764569501433
1.258251650330066,PASSED,-0.2794256017713191,0.027413932330666874,-0.45963433359150235,2.7283671380915817,-0.1459139712936812,2.452108943988787
1.259251850370074,PASSED,-0.27939842196471537,0.026947875298616333,-0.47033883102323665,2.7282224729914755,-0.1434278498547601,2.5087964355426853
1.260252050410082,PASSED,-0.27937171350271317,0.02647121018550242,-0.4808826345076922,2.7280803220109804,-0.14088555606456601,2.5646253599617115
1.26125225045009,PASSED,-0.27934548691200484,0.025984099238097438,-0.49126315600317766,2.727940740887875,-0.13828795637594,2.6195825744022274
1.262252450490098,PASSED,-0.27931975255576214,0.025486707261176744,-0.5014778575323696,2.727803784486945,-0.135635930335067,2.673655018520211
1.263252650530106,PASSED,-0.27929452063110366,0.024979201566697917,-0.5115242524431264,2.727669506787047,-0.13293037033063668,2.7268299950370127
1.264252850570114,PASSED,-0.2792698011666165,0.02446175191805382,-0.5213999127780781,2.727537960868448,-0.13017218122887347,2.7790951729139883
1.265253050610122,PASSED,-0.27924560401993,0.023934530477077033,-0.5311024597759308,2.72740919890045,-0.12736228012568765,2.830438390033747
1.26625325065013,PASSED,-0.2792219388753451,0.02339771175056948,-0.5406295709953001,2.727283272129304,-0.12450159609385937,2.880847793024619
1.267253450690138,PASSED,-0.2791988152415173,0.02285147253385615,-0.549978980525343,2.7271602308664056,-0.1215910698425482,2.93031189016891
1.268253650730146,PASSED,-0.27917624244919514,0.022295991856801207,-0.5591484747413454,2.7270401244768006,-0.11863165341704325,2.978819449062293
1.269253850770154,PASSED,-0.2791542296490141,0.021731450927343368,-0.5681358992688278,2.7269230013679566,-0.11562430996974166,3.0263594461278154
1.270254050810162,PASSED,-0.2791327858093466,0.021158033075005238,-0.5769391543843341,2.726808908978842,-0.11257001343249824,3.0729212646538047
1.27125425085017,PASSED,-0.27911191971420823,0.0205759236953517,-0.5855561964996704,2.7266978937693107,-0.10946974816447451,3.1184946036036854
1.272254450890178,PASSED,-0.27909163996122094,0.019985310192333294,-0.5939850406975636,2.7265900012097677,-0.10632450873685187,3.1630693103019487
1.273254650930186,PASSED,-0.27907195495963283,0.019386381921046,-0.6022237583471157,2.726485275771141,-0.10313529961810132,3.206635657716263
1.274254850970194,PASSED,-0.27905287292839653,0.018779330129593135,-0.6102704801900285,2.72638376091516,-0.09990313480562571,3.249184248981835
1.275255051010202,PASSED,-0.2790344018943044,0.018164347901725487,-0.6181233929860616,2.7262854990849066,-0.0966290376206518,3.2907058089686334
1.27625525105021,PASSED,-0.2790165496901827,0.017541630098454886,-0.6257807434602933,2.7261905316957207,-0.09331404033786694,3.331191598662341
1.277255451090218,PASSED,-0.27899932395314375,0.016911373298677135,-0.6332408373227226,2.72609889912636,-0.08995918387818948,3.3706330336875605
1.278255651130226,PASSED,-0.2789827321228974,0.016273775740402726,-0.6405020389088701,2.7260106407104883,-0.08656551756804777,3.409021827777792
1.279255851170234,PASSED,-0.27896678144012155,0.015629037261600347,-0.647562772064715,2.725925794728471,-0.0831340987664619,3.4463501174579356
1.280256051210242,PASSED,-0.27895147894489153,0.014977359241476777,-0.6544215188294735,2.725844398399464,-0.07966599257360388,3.482610243124742
1.2812562512502501,PASSED,-0.2789368314751701,0.014318944538952867,-0.6610768249868654,2.725766487873832,-0.07616227154271661,3.5177948893955953
1.2822564512902581,PASSED,-0.2789228456653568,0.01365399743351506,-0.6675272924051001,2.725692098225847,-0.07262401536659625,3.5518970339368603
1.2832566513302661,PASSED,-0.2789095279448968,0.012982723566144804,-0.6737715840136923,2.725621263446721,-0.0690523105450144,3.5849100133451834
1.2842568513702741,PASSED,-0.2788968845369518,0.012305329876597609,-0.6798084265695311,2.7255540164379353,-0.06544825009368864,3.616827409979486
1.2852570514102821,PASSED,-0.27888492145712956,0.011622024543960885,-0.6856366033481861,2.7254903890048863,-0.06181293323364273,3.6476431600901873
1.2862572514502901,PASSED,-0.2788736445122757,0.01093301692685227,-0.691254959615567,2.72543041185084,-0.05814746506864079,3.677351501609768
1.2872574514902981,PASSED,-0.2788630592993249,0.010238517500762347,-0.6966624037394925,2.725374114571198,-0.054452956286469054,3.7059469692130502
1.2882576515303061,PASSED,-0.2788531712042147,0.009538737797043053,-0.701857903705828,2.7253215256480656,-0.050730522854262744,3.733424407535141
1.2892578515703141,PASSED,-0.27884398540085914,0.008833890343735851,-0.7068404863747852,2.7252726724451635,-0.04698128565472724,3.7597790608690715
1.2902580516103221,PASSED,-0.27883550685018405,0.008124188602080026,-0.7116092451765187,2.7252275812030082,-0.043206370241839105,3.7850063142341868
1.2912582516503301,PASSED,-0.27882774029922414,0.007409846905383767,-0.7161633310427514,2.7251862770344424,-0.039406906507910774,3.809102013724416
1.2922584516903382,PASSED,-0.2788206902802809,0.006691080399263788,-0.7205019561714644,2.725148783920448,-0.03558402833487585,3.832062279241928
1.2932586517303462,PASSED,-0.2788143611101424,0.0059681049782609645,-0.7246243975570626,2.7251151247063032,-0.03173887330944602,3.8538835228884416
1.2942588517703542,PASSED,-0.2788087568893644,0.0052411372243807,-0.7285299914290673,2.7250853210980175,-0.027872582439363133,3.8745624348791825
1.2952590518103622,PASSED,-0.2788038815016133,0.004510394347186354,-0.7322181343711973,2.72505939365911,-0.023986299784111355,3.8940961355001735
1.2962592518503702,PASSED,-0.27879973861307006,0.0037760941207604323,-0.735688287795738,2.725037361807687,-0.020081172155656114,3.9124819570919507
1.2972594518903782,PASSED,-0.27879633167189694,0.003038454821198371,-0.7389399740729441,2.7250192438138217,-0.016158348864099517,3.9297175145330283
1.2982596519303862,PASSED,-0.2787936639077645,0.0022976951676189376,-0.7419727732504261,2.7250050567972677,-0.012218981333166071,3.945800875200391
1.2992598519703942,PASSED,-0.2787917383314409,0.001554034259198176,-0.7447863318676519,2.724994816725462,-0.00826422280830777,3.9607302912969096
1.3002600520104022,PASSED,-0.27879055773444267,0.0008076915123678375,-0.7473803568054633,2.7249885384118575,-0.0042952280824816455,3.9745043488455996
1.3012602520504102,PASSED,-0.2787901246887469,5.888660167908334e-05,-0.7497546132776148,2.724986235514553,-0.000313153144309159,3.987121997723745
1.3022604520904182,PASSED,-0.2787904415465646,-0.0006921606019872025,-0.7519089305920665,2.7249879205352405,0.0036808451257400268,3.99858245159948
1.3032606521304262,PASSED,-0.2787915104401758,-0.0014452300948927202,-0.7538432011144851,2.724993604818455,0.0076856092364461686,4.008885216777249
1.3042608521704342,PASSED,-0.27879333328182515,-0.0022001017987708237,-0.7555573723871819,2.7250032985511465,0.011699981429767302,4.018030177683722
1.3052610522104422,PASSED,-0.27879591176367974,-0.002956555622769843,-0.7570514584069108,2.725017010762545,0.01572280397424665,4.026017455676429
1.3062612522504502,PASSED,-0.27879924735784667,-0.0037143715257839972,-0.7583255327523162,2.725034749324333,0.019752919446791847,4.032847483791044
1.3072614522904582,PASSED,-0.27880334131645207,-0.004473329575185026,-0.7593797271668372,2.7250565209511453,0.02378917108980015,4.0385210824864775
1.3082616523304662,PASSED,-0.27880819467178086,-0.00523321000790602,-0.7602142364237636,2.725082331201346,0.02783040308304363,4.043039267081482
1.309261852370474,PASSED,-0.27881380823647645,-0.005993793292044507,-0.7608293159483043,2.7251121844781254,0.03187546082963389,4.046403399596103
1.310262052410482,PASSED,-0.27882018260380137,-0.0067548601855563955,-0.7612252785542765,2.725146084030907,0.03592319131368037,4.0486152070133885
1.31126225245049,PASSED,-0.27882731814795736,-0.007516191796276867,-0.7614024988312679,2.7251840319570326,0.0399724433536479,4.049676595270289
1.312262452490498,PASSED,-0.2788352150244657,-0.008277569643107373,-0.7613614121633352,2.7252260292037773,0.044022067914750405,4.04958987165731
1.313262652530506,PASSED,-0.2788438731706072,-0.00903877571466208,-0.7611025111489578,2.725272075570649,0.048070918439558914,4.048357626909308
1.314262852570514,PASSED,-0.27885329230592115,-0.009799592527050803,-0.7606263465485654,2.7253221697119745,0.05211785108119891,4.045982651460458
1.315263052610522,PASSED,-0.2788634719327639,-0.01055980318528045,-0.759933532683702,2.725376309139816,0.05616172506441174,4.042468204381085
1.31626325265053,PASSED,-0.2788744113369257,-0.0113191914411975,-0.7590247380726141,2.725434490227151,0.06020140296063641,4.037817690787065
1.317263452690538,PASSED,-0.27888610958830656,-0.012077541750371786,-0.7579006899087358,2.725496708211371,0.06423575095820203,4.032034868751317
1.318263652730546,PASSED,-0.27889856554165043,-0.012834639332558781,-0.7565621770391687,2.7255629571980444,0.06826363916466156,4.025123764931681
1.319263852770554,PASSED,-0.2789117778373365,-0.013590270227609145,-0.7550100403911618,2.725633230165019,0.07228394195210265,4.017088802447381
1.320264052810562,PASSED,-0.27892574490222904,-0.014344221353314628,-0.7532451825816979,2.7257075189667455,0.07629553814329064,4.0079344503483805
1.32126425285057,PASSED,-0.27894046495058367,-0.015096280563327489,-0.7512685616336378,2.725785814338958,0.0802973113674111,3.9976657399685096
1.322264452890578,PASSED,-0.27895593598501156,-0.015846236703127386,-0.7490811919107337,2.7258681059036007,0.08428815038169453,3.9862878638267283
1.323264652930586,PASSED,-0.27897215579749857,-0.01659387966588028,-0.7466841433143399,2.725954382174047,0.08826694925101566,3.9738062063174
1.324264852970594,PASSED,-0.27898912197048215,-0.017339000449178087,-0.7440785432867827,2.7260446305606005,0.09223260768081151,3.9602265787814677
1.325265053010602,PASSED,-0.2790068318779829,-0.018081391210939466,-0.7412655740777726,2.7261388373762863,0.09618403135152566,3.9455550653359466
1.32626525305061,PASSED,-0.2790252826867917,-0.01882084532286552,-0.738246470491574,2.72623698784292,0.10012013213013882,3.9297979207979683
1.327265453090618,PASSED,-0.2790444713577121,-0.019557157426583267,-0.7350225258685342,2.7263390660974243,0.10403982830761362,3.9129616819260353
1.328265653130626,PASSED,-0.27906439464685623,-0.020290123487200166,-0.7315950837824712,2.7264450551984702,0.10794204499158787,3.89505335200639
1.329265853170634,PASSED,-0.279085049106996,-0.021019540847756746,-0.7279655450726527,2.7265549371333586,0.11182571432466586,3.8760799871257063
1.330266053210642,PASSED,-0.27910643108896666,-0.02174520828157607,-0.724135359650435,2.726668692825167,0.11568977566305606,3.8560489058998897
1.33126625325065,PASSED,-0.2791285367431241,-0.022466926045273644,-0.7201060330623326,2.7267863021401886,0.11953317598144617,3.8349679267169305
1.332266453290658,PASSED,-0.27915136202085433,-0.02318449593191568,-0.7158791223618416,2.726907743895619,0.12335487009808684,3.8128449099231547
1.333266653330666,PASSED,-0.2791749026761355,-0.023897721322148416,-0.7114562354800041,2.7270329958675257,0.12715382087687502,3.789688024698176
1.334266853370674,PASSED,-0.2791991542671506,-0.02460640723500826,-0.7068390311130669,2.7271620347990426,0.13092899952656814,3.7655057330230735
1.335267053410682,PASSED,-0.27922411215795234,-0.0253103603796769,-0.7020292203723605,2.7272948364088645,0.13467938589891704,3.7403067985661376
1.33626725345069,PASSED,-0.27924977152017777,-0.026009389205803965,-0.6970285632968695,2.7274313753999797,0.1384039686985506,3.7141001336784956
1.337267453490698,PASSED,-0.27927612733481255,-0.026703303951472253,-0.691838867249233,2.727571625468654,0.1421017457146892,3.6868949377786815
1.338267653530706,PASSED,-0.27930317439400565,-0.027391916694043283,-0.6864619927855602,2.727715559313669,0.14577172412806505,3.6587007304406147
1.339267853570714,PASSED,-0.27933090730293186,-0.028075041398574238,-0.6808998456945501,2.7278631486458043,0.14941292072257345,3.6295271705535854
1.340268053610722,PASSED,-0.27935932048170303,-0.02875249396440126,-0.6751543792486712,2.728014364197583,0.15302436213604848,3.599384242089317
1.34126825365073,PASSED,-0.27938840816732674,-0.029424092273700596,-0.6692275959997778,2.7281691757332482,0.15660508512306606,3.568282150303157
1.342268453690738,PASSED,-0.2794181644157121,-0.030089656237958805,-0.6631215430971606,2.7283275520589556,0.1601541367285625,3.5362312422919358
1.343268653730746,PASSED,-0.27944858310372184,-0.03074900784353973,-0.6568383139034364,2.728489461033269,0.16367057462512943,3.503242332750312
1.3442688537707541,PASSED,-0.2794796579312703,-0.0314019711978975,-0.6503800479939984,2.728654869577817,0.16715346727788655,3.469326199428287
1.3452690538107621,PASSED,-0.27951138242346635,-0.03204837257394475,-0.6437489280827522,2.7288237436882246,0.17060189414315383,3.4344939758266295
1.3462692538507701,PASSED,-0.2795437499328013,-0.0326880404539908,-0.636947181354906,2.728996048445271,0.17401494600534517,3.398757119767799
1.3472694538907781,PASSED,-0.27957675364137957,-0.03332080557363714,-0.6299770785073013,2.7291717480262614,0.17739172512624632,3.3621271216567146
1.3482696539307861,PASSED,-0.279610386563194,-0.03394650096493855,-0.6228409331641502,2.7293508057166216,0.18073134542432437,3.3246157490256207
1.3492698539707941,PASSED,-0.27964464154644203,-0.03456496199731169,-0.6155410985124732,2.7295331839217236,0.1840329328049059,3.2862351349521655
1.3502700540108021,PASSED,-0.2796795112758852,-0.03517602641995239,-0.6080799720595157,2.7297188441789184,0.18729562531555358,3.246997427778011
1.3512702540508101,PASSED,-0.27971498827524843,-0.03577953440279516,-0.6004599900316063,2.7299077471697855,0.19051857330872873,3.2069150367732284
1.3522704540908181,PASSED,-0.27975106490966034,-0.036375328575288954,-0.5926836274685827,2.730099852732594,0.19370093974559977,3.166000703602916
1.3532706541308261,PASSED,-0.2797877333881333,-0.03696325406699451,-0.5847534011968648,2.7302951198749645,0.19684190035937793,3.1242672205616326
1.3542708541708341,PASSED,-0.27982498576608195,-0.03754315854561891,-0.5766718635760912,2.7304935067867433,0.19994064381644347,3.0817276147348225
1.3552710542108422,PASSED,-0.2798628139478802,-0.038114892253986704,-0.5684416048956034,2.7306949708530657,0.20299637197563644,3.0383951888317475
1.3562712542508502,PASSED,-0.2799012096894555,-0.0386783080484707,-0.5600652542095913,2.730899468667633,0.20600830007908533,2.9942833798603408
1.3572714542908582,PASSED,-0.27994016460091997,-0.03923326143524831,-0.5515454751562899,2.7311069560461565,0.20897565688134434,2.949405750524812
1.3582716543308662,PASSED,-0.27997967014923736,-0.03977961060417264,-0.5428849647697007,2.73131738804002,0.2118976849025575,2.903776201672106
1.3592718543708742,PASSED,-0.2800197176609248,-0.04031721646468527,-0.5340864576745874,2.731530718950109,0.2147736406109252,2.8574087128314094
1.3602720544108822,PASSED,-0.2800602983247896,-0.040845942680735034,-0.5251527216332182,2.7317469023408285,0.2176027945443605,2.810317413837876
1.3612722544508902,PASSED,-0.28010140319469884,-0.04136565570190406,-0.5160865541928866,2.731965891054302,0.22038443154421708,2.7625167238691
1.3622724544908982,PASSED,-0.28014302319238205,-0.04187622479654666,-0.5068907882757417,2.732187637224739,0.22311785092216385,2.7140211473318696
1.3632726545309062,PASSED,-0.28018514911026626,-0.042377522084437354,-0.49756828763399197,2.732412092292976,0.22580236659049657,2.664845348999985
1.3642728545709142,PASSED,-0.2802277716143412,-0.04286942256592471,-0.4881219440562549,2.7326392070211982,0.22843730728001446,2.6150042498631456
1.3652730546109222,PASSED,-0.2802708812470557,-0.04335180415198997,-0.47855468073792307,2.732868931507808,0.23102201667980649,2.5645128330779077
1.3662732546509302,PASSED,-0.280314468430243,-0.043824547694769796,-0.46886945080775816,2.7331012152024514,0.23355585355827488,2.5133862420620803
1.3672734546909382,PASSED,-0.28035852346807516,-0.0442875370143852,-0.4590692321538379,2.7333360069212183,0.2360381919805975,2.461639875829621
1.3682736547309462,PASSED,-0.28040303655004467,-0.044740658925875844,-0.44915703104850857,2.7335732548619847,0.23846842144293176,2.4092891866707005
1.3692738547709542,PASSED,-0.28044799775397367,-0.045183803267501606,-0.43913588201059756,2.733812906619902,0.24084594697437525,2.356349761292054
1.3702740548109622,PASSED,-0.2804933970490484,-0.045616862925248546,-0.42900884157116004,2.7340549092030297,0.24317018931637535,2.302837395805476
1.3712742548509702,PASSED,-0.28053922429887995,-0.04603973385697865,-0.4187789918360651,2.7342992090481104,0.24544058507243033,2.248767996221313
1.3722744548909782,PASSED,-0.28058546926458827,-0.04645231511773164,-0.40844944003093525,2.7345457520364835,0.24765658681181332,2.194157568157453
1.3732746549309862,PASSED,-0.2806321216079104,-0.046854508882253044,-0.3980233141817277,2.7347944835101385,0.24981766322561305,2.139022310894588
1.3742748549709942,PASSED,-0.28067917089433064,-0.047246220466112814,-0.38750376364513794,2.7350453482878545,0.25192329920345236,2.0833784224691807
1.3752750550110022,PASSED,-0.2807266065962334,-0.04762735834874674,-0.37689396195978775,2.7352982906815346,0.2539729960345117,2.0272424367861475
1.3762752550510102,PASSED,-0.28077441809607534,-0.04799783419233432,-0.3661970980060956,2.7355532545125953,0.2559662714762759,1.9706307784161476
1.3772754550910182,PASSED,-0.280822594689579,-0.048357562861477715,-0.35541638323494074,2.735810183128491,0.25790265981481847,1.9135600452934982
1.3782756551310262,PASSED,-0.2808711255889442,-0.04870646244285221,-0.3445550468008609,2.7360690194193773,0.2597817121068198,1.856047123139837
1.3792758551710342,PASSED,-0.2809199999260782,-0.04904445426134033,-0.3336163329462897,2.7363297058348315,0.26160299617791044,1.7981087030579794
1.3802760552110422,PASSED,-0.2809692067558425,-0.04937146289724478,-0.32260350454321685,2.736592184400724,0.26336609672653477,1.7397617790019029
1.3812762552510502,PASSED,-0.2810187350593167,-0.04968741620252885,-0.3115198391113091,2.73685639673614,0.2650706154741375,1.6810233933366472
1.3822764552910582,PASSED,-0.2810685737470766,-0.04999224531549215,-0.30036862886461535,2.737122284070436,0.2667161712282642,1.62191066132004
1.3832766553310663,PASSED,-0.28111871166248753,-0.05028588467373616,-0.2891531778302701,2.737389787260366,0.2683023999585688,1.562440776294276
1.3842768553710743,PASSED,-0.2811691375850106,-0.05056827202857974,-0.27787680618579186,2.7376588468072818,0.26982895487474,1.5026310094224373
1.3852770554110823,PASSED,-0.2812198402335221,-0.05083934845671938,-0.26654284277553597,2.7379294028744385,0.27129550654580625,1.4424987788288202
1.3862772554510903,PASSED,-0.28127080826964346,-0.051099058370286714,-0.2551546274285367,2.738201395304354,0.27270174293474875,1.3820614623516658
1.3872774554910983,PASSED,-0.28132203030108316,-0.05134734952796151,-0.243715511172307,2.738474763636248,0.27404736945827346,1.321336564306815
1.3882776555311063,PASSED,-0.28137349488498714,-0.051584173044769456,-0.2322288538983792,2.7387494471235425,0.2753321090846205,1.2603416677072061
1.3892778555711143,PASSED,-0.28142519053129855,-0.05180948339883422,-0.22069802084236226,2.7390253847514305,0.2765557023844709,1.1990943879459381
1.3902780556111223,PASSED,-0.2814771057061254,-0.052023238439686995,-0.20912638752639742,2.739302515254502,0.2777179075693608,1.13761238285254
1.3912782556511303,PASSED,-0.2815292288351146,-0.05222539939489978,-0.19751733367037477,2.7395807771344067,0.27881850053891366,1.0759133606863462
1.3922784556911383,PASSED,-0.28158154830683246,-0.0524159308743165,-0.18587424324763097,2.73986010867758,0.27985727494810186,1.0140151081894222
1.3932786557311463,PASSED,-0.2816340524761493,-0.05259480087543809,-0.1742005063708901,2.740140447973008,0.28083404224307,0.9519354194872967
1.3942788557711543,PASSED,-0.28168672966762914,-0.05276198078733266,-0.16249951557701892,2.740421732930021,0.2817486316663325,0.8896920924459968
1.3952790558111623,PASSED,-0.2817395681789215,-0.05291744539184334,-0.15077466379980234,2.7407039012961474,0.2826008903382617,0.8273030582513401
1.3962792558511703,PASSED,-0.28179255628415556,-0.0530611728660475,-0.13902934780706655,2.7409868906749444,0.28339068322980854,0.7647861137438537
1.3972794558911783,PASSED,-0.28184568223733564,-0.05319314478308407,-0.12726696318955671,2.7412706385439143,0.2841178932189749,0.7021592394480436
1.3982796559311863,PASSED,-0.28189893427573665,-0.05331334611089357,-0.1154909042228029,2.7415550822723893,0.2847824211088206,0.6394403234441536
1.3992798559711943,PASSED,-0.28195230062329824,-0.0534217652117864,-0.10370456533950996,2.7418401591394503,0.28538418559196965,0.5766472562856507
1.4002800560112023,PASSED,-0.28200576949401834,-0.05351839384026199,-0.09191133723299119,2.742125806351871,0.28592312333362746,0.5137980652392458
1.4012802560512103,PASSED,-0.28205932909534287,-0.05360322713868995,-0.08011460589127296,2.7424119610620252,0.2863991889084502,0.45091058121174427
1.4022804560912183,PASSED,-0.282112967631552,-0.05367626363406748,-0.06831775503502166,2.7426985603858216,0.2868123547899421,0.3880027483454447
1.4032806561312263,PASSED,-0.2821666733071425,-0.0537375052334608,-0.056524162298845174,2.7429855414206434,0.2871626114384817,0.3250925820022799
1.4042808561712343,PASSED,-0.2822204343302033,-0.05378695721608808,-0.04473719617958906,2.743272841263242,0.28744996717845195,0.2621978452822078
1.4052810562112423,PASSED,-0.2822742389157852,-0.05382462822757032,-0.032960221684010645,2.74356039702764,0.2876744481998418,0.19933647212827388
1.4062812562512503,PASSED,-0.2823280752892633,-0.053850530272411976,-0.021196593613421678,2.7438481458630077,0.28783609860776116,0.13652636511344263
1.4072814562912583,PASSED,-0.28238193168969017,-0.05386467870357484,-0.00944965619583085,2.7441360249715054,0.2879349803134748,0.07378526611378453
1.4082816563312663,PASSED,-0.2824357963731404,-0.05386709221351349,0.002277254232805494,2.7444239716261216,0.28797117303728986,0.01113102894916734
1.4092818563712743,PASSED,-0.2824896576160441,-0.05385779282350313,0.01398081386206022,2.744711923188427,0.28794477425840065,-0.051418650781373275
1.4102820564112823,PASSED,-0.2825435037185095,-0.053836805871219584,0.02565771123119549,2.7449998171263466,0.2878558991899154,-0.11384601362118449
1.4112822564512904,PASSED,-0.28259732300763346,-0.053804159998505095,0.03730464703667527,2.745287591031831,0.28770468070583344,-0.1761334643891219
1.4122824564912984,PASSED,-0.2826511038407981,-0.05375988713731586,0.04891833729093996,2.745575182638521,0.2874912693034843,-0.23826336098908954
1.4132826565313064,PASSED,-0.2827048346089542,-0.05370402249548652,0.06049551152160822,2.7458625298393198,0.2872158330369414,-0.300218203578745
1.4142828565713144,PASSED,-0.28275850373988876,-0.05363660454151136,0.07203291561084656,2.7461495707039467,0.2868785574793226,-0.36198046031221154
1.4152830566113224,PASSED,-0.28281209970147714,-0.05355767498689499,0.08352731395339595,2.7464362434963667,0.2864796455964432,-0.4235328312575479
1.4162832566513304,PASSED,-0.2828656110049178,-0.0534672787696862,0.09497548604572396,2.7467224866922177,0.2860193177389298,-0.484857875017308
1.4172834566913384,PASSED,-0.2829190262079499,-0.05336546403705687,0.10637423035173206,2.7470082389961026,0.28549781154084203,-0.5459384134681122
1.4182836567313464,PASSED,-0.2829723339180515,-0.053252282124213554,0.11772036783770948,2.747293439358833,0.28491538179312187,-0.6067573038881696
1.4192838567713544,PASSED,-0.2830255227956183,-0.0531277875350388,0.12901073673278524,2.7475780269945798,0.28427230042276125,-0.6672974146755721
1.4202840568113624,PASSED,-0.2830785815571223,-0.05299203792225596,0.14024219681620648,2.747861941397934,0.28356885638287077,-0.7275417900337664
1.4212842568513704,PASSED,-0.2831314989782484,-0.0528450940642573,0.15141163212028083,2.748145122360865,0.2828053555023466,-0.787473607517729
1.4222844568913784,PASSED,-0.28318426389700907,-0.05268701984195612,0.1625159490884439,2.748427509989585,0.28198212043628673,-0.8470760384212744
1.4232846569313862,PASSED,-0.28323686521683555,-0.052517882216916834,0.17355207567317768,2.7487090447213105,0.2810994905711219,-0.9063324163271559
1.4242848569713942,PASSED,-0.2832892919096453,-0.05233775120565926,0.18451696831384343,2.7489896673409038,0.28015782185271765,-0.9652262531223097
1.4252850570114022,PASSED,-0.28334153301888443,-0.052146699853593034,0.19540760790115042,2.749269318997408,0.2791574866974392,-1.023741090049134
1.4262852570514102,PASSED,-0.28339357766254375,-0.0519448042104507,0.20622099996978285,2.749547941220446,0.27809887388467563,-1.0818606279065643
1.4272854570914182,PASSED,-0.2834454150361492,-0.05173214330229177,0.21695418028502936,2.749825475936526,0.27698238842552075,-1.1395686799870122
1.4282856571314262,PASSED,-0.28349703441572366,-0.05150879910314487,0.22760421172147885,2.750101865485178,0.27580845139754606,-1.196849259966552
1.4292858571714342,PASSED,-0.2835484251607216,-0.05127485650734478,0.23816818518583002,2.7503770526349895,0.2745774998429353,-1.2536864177069487
1.4302860572114422,PASSED,-0.28359957671693337,-0.05103040329911429,0.24864322359359792,2.750650980599474,0.2732899866179357,-1.3100644298614315
1.4312862572514502,PASSED,-0.28365047861936016,-0.05077553012186561,0.25902647968541526,2.7509235930528093,0.2719463802242544,-1.365967702894603
1.4322864572914582,PASSED,-0.28370112049505825,-0.05051033044870825,0.2693151354719817,2.75119483414543,0.27054716469230206,-1.4213807513240981
1.4332866573314662,PASSED,-0.2837514920659511,-0.05023490054833324,0.2795064103103705,2.7514646485194656,0.2690928394229542,-1.4762882813636053
1.4342868573714742,PASSED,-0.2838015831516098,-0.04994933945297077,0.2895975520638727,2.7517329813239946,0.2675839189625711,-1.530675246396056
1.4352870574114822,PASSED,-0.2838513836719993,-0.04965374892593292,0.2995858436871695,2.7519997782301746,0.26602093292007095,-1.584526573236276
1.4362872574514902,PASSED,-0.283900883650192,-0.049348233425485936,0.309468604953523,2.752264985446185,0.26440442579121426,-1.6378274992702748
1.4372874574914982,PASSED,-0.2839500732150453,-0.0490329000706248,0.3192431881328793,2.7525285497319802,0.26273495668319663,-1.6905635138492976
1.4382876575315062,PASSED,-0.2839989426038446,-0.04870785860581852,0.3289069825885526,2.7527904184139103,0.2610130992622389,-1.7427200256965594
1.4392878575715142,PASSED,-0.28404748216490955,-0.04837322136293671,0.3384574164106492,2.7530505393991143,0.25923944152899747,-1.7942828716046708
1.4402880576115222,PASSED,-0.28409568236016386,-0.04802910322545049,0.34789195153659314,2.7533088611897494,0.25741458555181596,-1.8452380475660355
1.4412882576515302,PASSED,-0.28414353376766677,-0.047675621589317374,0.35720809253079294,2.753565332897038,0.25553914739601274,-1.8955715612946298
1.4422884576915382,PASSED,-0.2841910270841069,-0.04731289632478879,0.36640337919377886,2.753819904255102,0.25361375687617504,-1.9452698255330703
1.4432886577315462,PASSED,-0.2842381531272562,-0.04694104973683341,0.37547539379644884,2.754072525634607,0.25163905729791225,-1.9943194134159807
1.4442888577715542,PASSED,-0.28428490283838515,-0.04656020652537025,0.3844217565743087,2.7543231480562005,0.24961570534194683,-2.0427069843316756
1.4452890578115622,PASSED,-0.2843312672846363,-0.046170493743860466,0.3932401314667591,2.7545717232037537,0.24754437083540315,-2.090419521351718
1.4462892578515703,PASSED,-0.2843772376613582,-0.04577204075843535,0.4019282213973429,2.7548182034373756,0.24542573647747365,-2.137444248981326
1.4472894578915783,PASSED,-0.284422805294396,-0.04536497920539317,0.4104837741387371,2.7550625418062187,0.243260497679638,-2.183768497071874
1.4482896579315863,PASSED,-0.28446796164234106,-0.04494944294931507,0.41890457737100883,2.7553046920610744,0.24104936236255545,-2.229379863756373
1.4492898579715943,PASSED,-0.2845126982987368,-0.04452556803919007,0.42718846529433546,2.755544608666731,0.23879305066091822,-2.274266260224427
1.4502900580116023,PASSED,-0.2845570069942412,-0.04409349266378953,0.4353333154713431,2.7557822468141024,0.23649229472218117,-2.3184157244121417
1.4512902580516103,PASSED,-0.28460087959874497,-0.04365335710892724,0.4433370477895898,2.756017562432152,0.23414783853488222,-2.3618164958901646
1.4522904580916183,PASSED,-0.2846443081234453,-0.043205303711291033,0.4511976308672774,2.756250512199546,0.23176043760250672,-2.4044572233657098
1.4532906581316263,PASSED,-0.28468728472287397,-0.04274947681256654,0.4589130772959646,2.7564810535561004,0.22933085873471523,-2.4463266307420026
1.4542908581716343,PASSED,-0.28472980169687945,-0.0422860227140242,0.46648144603993297,2.7567091447139545,0.22685987983272576,-2.4874137494877777
1.4552910582116423,PASSED,-0.28477185149256323,-0.04181508962990073,0.4739008428458234,2.756934744668532,0.2243482896153657,-2.527707862608251
1.4562912582516503,PASSED,-0.28481342670616855,-0.04133682763952838,0.4811694220567001,2.7571578132092287,0.2217968873622675,-2.5671985134248567
1.4572914582916583,PASSED,-0.28485452008492207,-0.04085138863991558,0.4882853846502002,2.757378310929855,0.21920648266918685,-2.605875479517847
1.4582916583316663,PASSED,-0.28489512452882737,-0.040358926297842206,0.49524698035548725,2.75759619923883,0.21657789520766166,-2.6437287828633758
1.4592918583716743,PASSED,-0.2849352330924103,-0.0398595960011667,0.5020525075555178,2.7578114403691,0.21391195443069547,-2.6807487730347432
1.4602920584116823,PASSED,-0.2849748389864154,-0.039353554809531545,0.5087003143549197,2.758023997387823,0.21120949934060737,-2.716925968123679
1.4612922584516903,PASSED,-0.28501393557945287,-0.03884096140461423,0.5151887986255711,2.7582338342057535,0.20847137820267347,-2.752251251140708
1.4622924584916983,PASSED,-0.28505251639959583,-0.03832197604102787,0.5215164068935676,2.758440915586385,0.2056984482753684,-2.786715711414664
1.4632926585317063,PASSED,-0.2850905751359278,-0.03779676049528736,0.5276816383051519,2.7586452071548164,0.20289157556231147,-2.820310714151777
1.4642928585717143,PASSED,-0.2851281056400391,-0.03726547801505777,0.5336830415125451,2.7588466754063368,0.20005163451037783,-2.8530279437882298
1.4652930586117223,PASSED,-0.2851651019274728,-0.03672829326825673,0.5395192169933795,2.7590452877147422,0.19717950773495707,-2.8848593298424814
1.4662932586517303,PASSED,-0.285201558179119,-0.036185372291833655,0.545188816042871,2.7592410123403734,0.19427608576343394,-2.9157970659768644
1.4672934586917383,PASSED,-0.2852374687425579,-0.03563688243990055,0.5506905425265961,2.759433818437867,0.19134226672909635,-2.945833679911407
1.4682936587317463,PASSED,-0.28527282813335036,-0.035082992330433105,0.5560231540946818,2.7596236760636206,0.18837895607662292,-2.9749619675148025
1.4692938587717543,PASSED,-0.2853076310362769,-0.03452387179457693,0.561185457030518,2.759810556182995,0.1853870663294327,-3.0031749336405453
1.4702940588117623,PASSED,-0.28534187230652336,-0.03395969182388519,0.5661763131325621,2.759994430677192,0.18236751673910556,-3.030466028118194
1.4712942588517703,PASSED,-0.28537554697081463,-0.03339062451539812,0.5709946387233967,2.7601752723498714,0.17932123300348046,-3.056828873963033
1.4722944588917783,PASSED,-0.28540865022849427,-0.03281684301988478,0.5756394000399633,2.7603530549334727,0.17624914703827832,-3.0822573593615643
1.4732946589317863,PASSED,-0.28544117745255165,-0.032238521489429545,0.5801096173987501,2.760527753095212,0.17315219658198566,-3.106745854246741
1.4742948589717944,PASSED,-0.28547312419059484,-0.03165583502101553,0.5844043690908575,2.760699342442834,0.17003132496400059,-3.130288793810648
1.4752950590118024,PASSED,-0.28550448616577034,-0.03106895960454396,0.5885227813920493,2.7608677995300246,0.1668874808264688,-3.152881033345868
1.4762952590518104,PASSED,-0.2855352592776283,-0.030478072069062098,0.5924640382084054,2.761033101861538,0.16372161773680935,-3.1745177938684987
1.4772954590918184,PASSED,-0.285565439602934,-0.0298833500269606,0.5962273780302297,2.7611952278980456,0.1605346939813875,-3.195194396457415
1.4782956591318264,PASSED,-0.28559502339642473,-0.029284971820805087,0.5998120915723654,2.761354157060629,0.15732767220550709,-3.214906695495795
1.4792958591718344,PASSED,-0.2856240070915125,-0.02868311646875961,0.6032175256942213,2.761509869735032,0.15410151911848158,-3.2336506813786645
1.4802960592118424,PASSED,-0.2856523873009317,-0.02807796360882273,0.6064430827653181,2.761662347275577,0.15085720523226406,-3.251422689443374
1.4812962592518504,PASSED,-0.285680160817333,-0.027469693446148486,0.6094882159468561,2.761811572008761,0.1475957044754335,-3.268219468422026
1.4822964592918584,PASSED,-0.28570732461382153,-0.02685848669663856,0.6123524385519725,2.7619575272365884,0.1443179939548666,-3.28403788866347
1.4832966593318664,PASSED,-0.28573387584444093,-0.026244524531880795,0.6150353155616328,2.7621001972395534,0.14102505363795878,-3.298875269070736
1.4842968593718744,PASSED,-0.28575981184460186,-0.025627988525891463,0.617536466274465,2.762239567279352,0.13771786601403274,-3.312729193829529
1.4852970594118824,PASSED,-0.28578513013145673,-0.025009060599391224,0.6198555666507546,2.7623756236012573,0.13439741580859957,-3.3255975465022845
1.4862972594518904,PASSED,-0.28580982840421804,-0.024387922963604505,0.6219923485440235,2.7625083534362043,0.13106468968274304,-3.337478512092703
1.4872974594918984,PASSED,-0.2858339045444233,-0.023764758067405252,0.6239465946360736,2.7626377450025505,0.1277206758954373,-3.3483706374477427
1.4882976595319064,PASSED,-0.2858573566161439,-0.02313974854181753,0.625718146222156,2.76276378750755,0.12436636402465329,-3.3582726930082356
1.4892978595719144,PASSED,-0.2858801828661398,-0.02251307714417111,0.6273068985959277,2.762886471148503,0.12100274466103418,-3.3671838106929886
1.4902980596119224,PASSED,-0.2859023817239593,-0.021884926704679765,0.6287128000882907,2.763005787113591,0.11763080904735176,-3.3751034823420634
1.4912982596519304,PASSED,-0.2859239518019841,-0.021255480071300674,0.6299358555729522,2.7631217275824147,0.1142515488216904,-3.3820313878742154
1.4922984596919384,PASSED,-0.2859448918954194,-0.02062492005442444,0.6309761244117583,2.763234285726232,0.11086595572899047,-3.3879675625837695
1.4932986597319464,PASSED,-0.2859652009822303,-0.019993429374055263,0.6318337176741206,2.7633434557078576,0.10747502122617451,-3.392912462970753
1.4942988597719544,PASSED,-0.28598487822302304,-0.01936119060426859,0.6325088045283739,2.763449232681285,0.10407973624063036,-3.396866667259772
1.4952990598119624,PASSED,-0.2860039229608723,-0.018728386118621147,0.6330016063934912,2.7635516127909927,0.10068109089185258,-3.3998311364564393
1.4962992598519704,PASSED,-0.2860223347210947,-0.018095198038087422,0.6333123966272104,2.7636505931709308,0.09728007408766158,-3.4018072493473706
1.4972994598919784,PASSED,-0.28604011321096784,-0.017461808175786454,0.633441506083473,2.763746171943218,0.09387767328471064,-3.4027965053533142
1.4982996599319864,PASSED,-0.2860572583193965,-0.016828397982862155,0.6333893174848507,2.763838348216537,0.09047487422554877,-3.4028007617009
1.4992998599719944,PASSED,-0.28607377011652435,-0.016195148497150178,0.6331562645300618,2.7639271220842083,0.08707266053516212,-3.4018223095104787
1.5003000600120024,PASSED,-0.28608964885329347,-0.01556224028868368,0.6327428377574544,2.7640124946219724,0.08367201345584704,-3.3998635925181406
1.5013002600520104,PASSED,-0.28610489496095004,-0.01492985340630774,0.6321495787882605,2.764094467885479,0.08027391162217787,-3.3969273277698595
1.5023004600920185,PASSED,-0.2861195090504977,-0.01429816732687757,0.63137707985811,2.7641730449074595,0.0768793306634068,-3.393016712771861
1.5033006601320265,PASSED,-0.28613349191209875,-0.013667360901508345,0.630425989043304,2.7642482296946165,0.07348924291943928,-3.3881350980979636
1.5043008601720345,PASSED,-0.28614684451442246,-0.013037612303750744,0.6292970035671314,2.7643200272242168,0.07010461723197355,-3.382286080377598
1.5053010602120425,PASSED,-0.2861595680039423,-0.01240909897911382,0.6279908720167839,2.764388443440365,0.0667264185407734,-3.375473765081874
1.5063012602520505,PASSED,-0.28617166370418157,-0.01178199759206244,0.6265083970744448,2.764453485250023,0.06335560763257961,-3.3677023369350603
1.5073014602920585,PASSED,-0.2861831331149074,-0.011156483976098124,0.6248504285575613,2.764515160518713,0.05999314091198813,-3.3589763096957532
1.5083016603320665,PASSED,-0.28619397791127454,-0.010532733083407957,0.6230178687785739,2.764573478065932,0.05663997001147736,-3.3493006277207864
1.5093018603720745,PASSED,-0.2862041999429184,-0.009910918933582785,0.6210116705229051,2.7646284476602956,0.05329704155688387,-3.3386803391752906
1.5103020604120825,PASSED,-0.2862138012329984,-0.009291214564875597,0.6188328341633758,2.7646800800143834,0.049965296919532054,-3.3271208361361664
1.5113022604520905,PASSED,-0.28622278397719164,-0.00867379198479041,0.6164824106997243,2.7647283867792996,0.046645671857393815,-3.314627879472947
1.5123024604920985,PASSED,-0.2862311505426372,-0.008058822119856012,0.6139615010908493,2.764773380538983,0.043339096298926974,-3.301207344462773
1.5133026605321065,PASSED,-0.2862389034668318,-0.007446474768276573,0.6112712519051667,2.7648150748041926,0.040046494046877615,-3.286865523773752
1.5143028605721145,PASSED,-0.2862460454564779,-0.006836918553046247,0.6084128574471008,2.7648534840062577,0.03676878248044395,-3.2716089282069523
1.5153030606121225,PASSED,-0.28625257938628257,-0.00623032087124821,0.6053875646986601,2.7648886234905556,0.033506872357423355,-3.2554442528963454
1.5163032606521305,PASSED,-0.2862585082977106,-0.005626847849274726,0.6021966601567004,2.764920509509685,0.030261667455962076,-3.2383786671712413
1.5173034606921385,PASSED,-0.28626383539768974,-0.005026664297100185,0.5988414801864358,2.7649491592164135,0.027034064350752857,-3.2204193972345365
1.5183036607321465,PASSED,-0.28626856405727036,-0.004429933659593932,0.595323409052796,2.764974590656351,0.023824952211020257,-3.2015739680646442
1.5193038607721545,PASSED,-0.2862726978102389,-0.0038368179724727787,0.5916438725000578,2.764996822760348,0.020635212433745716,-3.181850316747807
1.5203040608121625,PASSED,-0.286276240351686,-0.003247477818016938,0.5878043424263623,2.7650158753366534,0.017465718435148984,-3.161256453162683
1.5213042608521705,PASSED,-0.28627919553653053,-0.0026620722797945488,0.5838063354197406,2.765031769062823,0.014317335464423311,-3.1398006491010038
1.5223044608921785,PASSED,-0.28628156737799937,-0.002080758898559198,0.579651411779091,2.765044525477374,0.011190920272821031,-3.1174915532697973
1.5233046609321865,PASSED,-0.286283360046063,-0.0015036936297569952,0.5753411734842773,2.765054166971165,0.008087320836080417,-3.0943380257211603
1.5243048609721945,PASSED,-0.28628457786582906,-0.0009310308011432621,0.5708772653667039,2.765060716778597,0.005007376264798904,-3.070348934988415
1.5253050610122025,PASSED,-0.2862852253158931,-0.00036292306959746475,0.5662613756651931,2.7650641989685085,0.0019519164441966575,-3.0455337443448016
1.5263052610522105,PASSED,-0.28628530702664795,0.00020047861950707623,0.5614952313974396,2.765064638434889,-0.0010782382062111985,-3.0199019211165594
1.5273054610922185,PASSED,-0.28628482777855135,0.0007590250728546882,0.5565806013143937,2.7650620608873187,-0.004082276878182069,-2.9934631725404124
1.5283056611322265,PASSED,-0.28628379250035413,0.0013125688896169618,0.5515192937275267,2.765056492841209,-0.007059398651448737,-2.9662275070841715
1.5293058611722345,PASSED,-0.28628220626728784,0.0018609645010478006,0.5463131565663804,2.7650479616078125,-0.010008812730335544,-2.938205126755231
1.5303060612122426,PASSED,-0.2862800742992135,0.0024040682091942592,0.5409640758665101,2.7650364952840105,-0.012929738614786237,-2.9094063895810036
1.5313062612522506,PASSED,-0.2862774019587319,0.002941738224583614,0.5354739750712514,2.765022122741881,-0.01582140635024172,-2.8798419660384695
1.5323064612922586,PASSED,-0.28627419474925647,0.0034738347039449434,0.5298448155547151,2.7650048736180746,-0.018683056723721732,-2.849522645107711
1.5333066613322666,PASSED,-0.2862704583130482,0.004000219787691812,0.5240785958749707,2.7649847783029555,-0.021513941464323887,-2.818459470931787
1.5343068613722746,PASSED,-0.2862661984292152,0.004520757634288887,0.5181773470784781,2.764961867929557,-0.02431332346730326,-2.7866636910111025
1.5353070614122826,PASSED,-0.286261421011676,0.005035314456596949,0.5121431391277853,2.7649361743623486,-0.027080476940558474,-2.754146661417951
1.5363072614522904,PASSED,-0.28625613210708806,0.005543758557335618,0.5059780751459234,2.7649077301857843,-0.029814687641009783,-2.7209200598068817
1.5373074614922984,PASSED,-0.286250337892742,0.0060459603608346724,0.499684289067809,2.7648765686926704,-0.03251525308181426,-2.686995694802876
1.5383076615323064,PASSED,-0.2862440446744226,0.006541792447235463,0.49326395128944706,2.764842723872362,-0.035181482634077686,-2.6523854572371226
1.5393078615723144,PASSED,-0.28623725888423684,0.0070311295854364525,0.48671926280868477,2.764806230398761,-0.03781269776271798,-2.6171015762424092
1.5403080616123224,PASSED,-0.28622998707840996,0.007513848763921422,0.4800524556024919,2.7647671236181464,-0.04040823222969939,-2.58115639414075
1.5413082616523304,PASSED,-0.28622223593505036,0.007989829221427755,0.47326579210889436,2.7647254395368357,-0.04296743217767904,-2.5445623172055836
1.5423084616923384,PASSED,-0.2862140122518845,0.008458952476914937,0.46636156440604065,2.764681214808664,-0.04548965636061176,-2.50733209341748
1.5433086617323464,PASSED,-0.2862053229439612,0.008921102360621514,0.4593420965736009,2.7646344867223256,-0.04797427630217453,-2.469478506992966
1.5443088617723544,PASSED,-0.2861961750413281,0.009376165039826181,0.4522097342920452,2.7645852931885364,-0.05042067639941621,-2.4310144907408264
1.5453090618123624,PASSED,-0.2861865756866791,0.009824029047952324,0.4449668573488764,2.7645336727270564,-0.052828254123109944,-2.391953212328998
1.5463092618523704,PASSED,-0.2861765321329754,0.010264585312157978,0.43761586877683845,2.764479664453556,-0.0551964201620259,-2.352307923307275
1.5473094618923784,PASSED,-0.28616605174103915,0.010697727178021794,0.43015919725513496,2.7644233080663447,-0.057524598526504024,-2.31209199192535
1.5483096619323864,PASSED,-0.2861551419771223,0.011123350435217482,0.4225992971560555,2.7643646438329617,-0.05981222670844674,-2.2713189752876293
1.5493098619723944,PASSED,-0.28614381041044984,0.011541353342682996,0.4149386476718166,2.7643037125766314,-0.06205875582168015,-2.2300025385305924
1.5503100620124024,PASSED,-0.2861320647107397,0.011951636651614033,0.40717974977052057,2.7642405556625853,-0.06426365071515112,-2.188156463431226
1.5513102620524104,PASSED,-0.2861199126456985,0.012354103628241863,0.39932512786603425,2.764175214984267,-0.06642639009188633,-2.145794652271197
1.5523104620924184,PASSED,-0.286107362078496,0.012748660075815276,0.39137732737833286,2.764107732949419,-0.06854646662694273,-2.102931123579851
1.5533106621324264,PASSED,-0.28609442096521703,0.013135214356443013,0.38333891612733684,2.7640381524660516,-0.07062338708634634,-2.059580016619452
1.5543108621724344,PASSED,-0.28608109735229303,0.013513677410960618,0.3752124801111193,2.7639665169283067,-0.07265667242018026,-2.015755545310235
1.5553110622124424,PASSED,-0.28606739937391423,0.013883962777161989,0.3670006235948702,2.76389287020221,-0.07464585788385324,-1.97147207591479
1.5563112622524504,PASSED,-0.2860533352494217,0.014245986610997755,0.3587059739963606,2.7638172566113313,-0.07659049312608915,-1.92674401978332
1.5573114622924584,PASSED,-0.2860389132806822,0.014599667702869265,0.3503311704549422,2.7637397209223544,-0.07849014225039772,-1.8815858606587428
1.5583116623324664,PASSED,-0.28602414184944486,0.014944927493288171,0.34187887039488374,2.763660308330549,-0.08034438394929125,-1.8360122577167324
1.5593118623724744,PASSED,-0.286009029414682,0.015281690092006226,0.3333517509335017,2.763579064445159,-0.08215281157763306,-1.7900378754251842
1.5603120624124824,PASSED,-0.28599358450991375,0.015609882291331647,0.32475249825336744,2.7634960352747244,-0.08391503318406651,-1.74367742710563
1.5613122624524904,PASSED,-0.28597781574051845,0.015929433579402175,0.316083814615304,2.7634112672123026,-0.08563067164176809,-1.6969458114322349
1.5623124624924984,PASSED,-0.2859617317810283,0.016240276156894374,0.3073484194101247,2.7633248070206586,-0.08729936467688447,-1.649857850905812
1.5633126625325064,PASSED,-0.28594534137241273,0.01654234494742098,0.29854903793758986,2.763236701817355,-0.08892076493984108,-1.6024285376571354
1.5643128625725145,PASSED,-0.2859286533193486,0.016835577609334722,0.289688411231177,2.763146999059804,-0.09049454007432102,-1.55467286569517
1.5653130626125225,PASSED,-0.28591167648748017,0.01711991454745968,0.2807692893874739,2.7630557465302577,-0.09202037274985327,-1.506605882090288
1.5663132626525305,PASSED,-0.28589441980066727,0.01739529892370174,0.271794434145118,2.762962992320747,-0.0934979607245189,-1.4582427030491825
1.5673134626925385,PASSED,-0.2858768922382249,0.017661676664613716,0.2627666120898797,2.7628687848179867,-0.09492701687015775,-1.4095984406986632
1.5683136627325465,PASSED,-0.2858591028321529,0.017918996471321474,0.2536886031196799,2.762773172688228,-0.0963072692264971,-1.3606883000998036
1.5693138627725545,PASSED,-0.28584106066435877,0.018167209826649856,0.24456319013418407,2.76267620486208,-0.09763846103655617,-1.3115274833652557
1.5703140628125625,PASSED,-0.2858227748638726,0.01840627100105129,0.2353931639129304,2.762577930519304,-0.09892035075202357,-1.2621312035354948
1.5713142628525705,PASSED,-0.2858042546040557,0.01863613706029356,0.22618132279516392,2.7624783990735984,-0.10015271204541466,-1.2125146866281653
1.5723144628925785,PASSED,-0.2857855090998044,0.01885676786824283,0.21693046471867083,2.7623776601573207,-0.10133533389571953,-1.1626932927560119
1.5733146629325865,PASSED,-0.2857665476047489,0.019068126091870127,0.20764339623305525,2.7622757636062336,-0.10246802054757935,-1.1126822245956944
1.5743148629725945,PASSED,-0.28574737940844813,0.019270177205995866,0.19832292605419458,2.7621727594442333,-0.10355059147790965,-1.0624967341533627
1.5753150630126025,PASSED,-0.2857280138335822,0.019462889493905233,0.18897186247948883,2.7620686978680604,-0.10458288149552926,-1.012152206597104
1.5763152630526105,PASSED,-0.28570846023314267,0.01964623404871661,0.17959301636596675,2.76196362923201,-0.10556474071077247,-0.9616638876739613
1.5773154630926185,PASSED,-0.28568872798762135,0.019820184776083927,0.1701892013682191,2.7618576040326697,-0.10649603444042438,-0.911046957637204
1.5783156631326265,PASSED,-0.2856688265021994,0.019984718392665954,0.16076322672457088,2.761750672893616,-0.10737664333731692,-0.8603168563960941
1.5793158631726345,PASSED,-0.2856487652039357,0.020139814425901823,0.15131790424340621,2.761642886550191,-0.10820646328880051,-0.8094886815419324
1.5803160632126425,PASSED,-0.28562855353895816,0.020285455211444047,0.14185603974143965,2.7615342958342337,-0.10898540537847975,-0.758577695104123
1.5813162632526505,PASSED,-0.28560820096965556,0.020421625891672783,0.13238044055359818,2.761424951658868,-0.10971339595270783,-0.7075991603107183
1.5823164632926585,PASSED,-0.28558771697187346,0.020548314411970157,0.12289390679322387,2.761314905003319,-0.11039037650362231,-0.6565681446503241
1.5833166633326665,PASSED,-0.28556711103211313,0.020665511516240007,0.1133992359209282,2.7612042068977334,-0.11101630366861218,-0.6054998452162451
1.5843168633726745,PASSED,-0.2855463926447356,0.020773210742193907,0.10389921930922105,2.7610929084080666,-0.11159114921613889,-0.5544093490670323
1.5853170634126825,PASSED,-0.2855255713091709,0.020871408415523075,0.0943966426758011,2.760981060620983,-0.11211489997056706,-0.5033116913355915
1.5863172634526905,PASSED,-0.28550465652713314,0.020960103643438772,0.08489428474229174,2.7608687146288275,-0.11258755775802941,-0.452221851546851
1.5873174634926985,PASSED,-0.28548365779984336,0.021039298306683923,0.0753949155803858,2.7607559215146185,-0.11300913939886405,-0.4011548336931591
1.5883176635327065,PASSED,-0.2854625846252593,0.02110899705274286,0.06590129971130375,2.7606427323371183,-0.11337967661968221,-0.35012547890149454
1.5893178635727145,PASSED,-0.28544144649531433,0.021169207285175642,0.05641618758043433,2.7605291981159326,-0.11369921600146511,-0.2991486503705115
1.5903180636127225,PASSED,-0.28542025289316547,0.021219939154559598,0.046942323919637714,2.7604153698166987,-0.1139678189239584,-0.2482391039084669
1.5913182636527305,PASSED,-0.28539901329045153,0.02126120554921154,0.03748244180680997,2.7603012983363366,-0.1141855614604234,-0.19741149150269904
1.5923184636927386,PASSED,-0.2853777371445624,0.02129302208154032,0.028039259343428217,2.7601870344883275,-0.11435253439749656,-0.1466805674534911
1.5933186637327466,PASSED,-0.2853564338959195,0.021315407077515842,0.018615487063582358,2.76007262898814,-0.11446884304896641,-0.09606070748075175
1.5943188637727546,PASSED,-0.28533511296526937,0.02132838156448845,0.009213820245295932,2.759958132438662,-0.11453460722280455,-0.04556648474304767
1.5953190638127626,PASSED,-0.2853137837509896,0.021331969255878883,-0.00016306117947617333,2.759843595315754,-0.11454996119939408,0.004787695512801003
1.5963192638527706,PASSED,-0.2852924556264091,0.02132619653791812,-0.009512489148290842,2.759729067953886,-0.11451505352817559,0.05498765502229437
1.5973194638927786,PASSED,-0.2852711379371435,0.02131109245465298,-0.018831812676372368,2.7596146005318505,-0.1144300469935442,0.10501912103744648
1.5983196639327866,PASSED,-0.28524983999844467,0.02128668869235525,-0.028118395378627193,2.759500243058558,-0.11429511859518418,0.15486791657506635
1.5993198639727946,PASSED,-0.28522857109256755,0.021253019562779453,-0.0373696190405818,2.759386045358977,-0.11411045929056861,0.20452022997592062
1.6003200640128026,PASSED,-0.2852073404661532,0.02121012198511871,-0.04658288340751465,2.759272057060114,-0.11387627399836596,0.25396200035382505
1.6013202640528106,PASSED,-0.2851861573276296,0.02115803546963273,-0.05575560353828976,2.759158327577144,-0.11359278152127128,0.303179461588591
1.6023204640928186,PASSED,-0.28516503084463013,0.02109680209946172,-0.06488521459281944,2.7590449060996103,-0.11326021434700115,0.35215898272449536
1.6033206641328266,PASSED,-0.28514397014143195,0.021026466508818134,-0.07396917467743512,2.7589318415777804,-0.11287881855536053,0.4008869975846811
1.6043208641728346,PASSED,-0.2851229842964127,0.020947075865020984,-0.08300495654362448,2.7588191827090753,-0.11244885376688332,0.44934998240555984
1.6053210642128426,PASSED,-0.2851020823395289,0.020858679848156345,-0.09199005707865085,2.7587069779246365,-0.11197059297191529,0.49753467000968854
1.6063212642528506,PASSED,-0.28508127324981386,0.02076133062897982,-0.10092199390843885,2.758595275376011,-0.11144432238496167,0.5454278649162391
1.6073214642928586,PASSED,-0.28506056595289814,0.020655082846719776,-0.10979830782778612,2.7584841229219634,-0.11087034137004258,0.593016448254357
1.6083216643328666,PASSED,-0.28503996931855197,0.02053999358737453,-0.11861656035688348,2.7583735681154056,-0.1102489623066407,0.6402874735002041
1.6093218643728746,PASSED,-0.28501949215825023,0.020416122360547205,-0.12737433780761998,2.7582636581904794,-0.10958051039489984,0.6872282039012997
1.6103220644128826,PASSED,-0.28499914322276143,0.02028353107446933,-0.13606925159138208,2.758154440049745,-0.10886532359388561,0.7338258657561937
1.6113222644528906,PASSED,-0.2849789311997604,0.02014228401263393,-0.14469893533141637,2.7580459602515295,-0.10810375246731205,0.780067967118473
1.6123224644928986,PASSED,-0.28495886471146603,0.019992447809280677,-0.1532610487011382,2.757938264997406,-0.1072961599872227,0.8259421554032598
1.6133226645329066,PASSED,-0.2849389523123041,0.01983409142201507,-0.16175327964191977,2.757831400119811,-0.10644292146250306,0.8714361042638805
1.6143228645729146,PASSED,-0.2849192024865959,0.019667286106594635,-0.17017333927278197,2.757725411069826,-0.10554442435178277,0.9165377816912531
1.6153230646129226,PASSED,-0.2848996236462739,0.01949210539097408,-0.1785189665190686,2.757620342905083,-0.10460106810839222,0.9612352178567466
1.6163232646529306,PASSED,-0.28488022412862424,0.019308625045990697,-0.18678793062625754,2.7575162402778477,-0.10361326404962934,1.0055166193669833
1.6173234646929386,PASSED,-0.2848610121940563,0.01911692305903906,-0.19497802450189083,2.757413147423236,-0.10258143519006165,1.049370353034843
1.6183236647329466,PASSED,-0.28484199602390137,0.01891707960569619,-0.2030870725701885,2.757311108147597,-0.10150601607979447,1.0927849484220575
1.6193238647729546,PASSED,-0.2848231837182395,0.018709177018705784,-0.21111292993721775,2.7572101658170607,-0.10038745264400169,1.1357490940399233
1.6203240648129626,PASSED,-0.28480458329375585,0.018493299760791254,-0.21905347656606694,2.757110363346238,-0.09922620202312311,1.1782516387710233
1.6213242648529707,PASSED,-0.28478620268162663,0.01826953439362398,-0.22690662756807434,2.757011743187091,-0.09802273241198302,1.2202815927194854
1.6223244648929787,PASSED,-0.28476804972543557,0.018037969546790322,-0.2346703263440506,2.7569143473179683,-0.09677752287978525,1.2618281585166198
1.6233246649329867,PASSED,-0.28475013217912093,0.017798695887841418,-0.24234254735214164,2.7568182172328166,-0.09549106319432946,1.3028807034152374
1.6243248649729947,PASSED,-0.28473245770495414,0.017551806089680287,-0.24992129870045698,2.756723393930551,-0.09416385368045356,1.3434287208496642
1.6253250650130027,PASSED,-0.2847150338715501,0.017297394798909033,-0.25740461881845406,2.7566299179046103,-0.09279640501462212,1.3834619624859663
1.6263252650530107,PASSED,-0.28469786815190956,0.017035558604139994,-0.2647905787360968,2.756537829132693,-0.0913892380344048,1.422970325371553
1.6273254650930187,PASSED,-0.2846809679214942,0.016766396001407752,-0.2720772853963394,2.7564471670666495,-0.08994288361725179,1.4619438116739791
1.6283256651330267,PASSED,-0.2846643404563354,0.016490007362192104,-0.2792628750951882,2.7563579706225894,-0.08845788243726754,1.500372758857764
1.6293258651730347,PASSED,-0.28464799293117576,0.016206494899411734,-0.2863455212371556,2.7562702781711304,-0.08693478481098846,1.5382475378933058
1.6303260652130427,PASSED,-0.2846319324176456,0.01591596263237518,-0.2933234309028255,2.7561841275278733,-0.08537415051312573,1.5755588045090128
1.6313262652530507,PASSED,-0.28461616588247296,0.015618516352909428,-0.30019484517436434,2.7560995559440373,-0.08377654856597062,1.6122973755858476
1.6323264652930587,PASSED,-0.2846007001857291,0.015314263590037196,-0.3069580413374739,2.756016600097275,-0.08214255710562049,1.6484541835263118
1.6333266653330667,PASSED,-0.28458554207910897,0.015003313574648083,-0.31361133142353953,2.7559352960827153,-0.08047276311432075,1.6840205298153568
1.6343268653730747,PASSED,-0.28457069820424763,0.014685777203283557,-0.3201530646585177,2.7558556794041653,-0.07876776226205119,1.7189877339056858
1.6353270654130827,PASSED,-0.28455617509107195,0.01436176700291039,-0.326581624182933,2.7557777849655136,-0.07702815876114538,1.7533473455725663
1.6363272654530907,PASSED,-0.28454197915618934,0.01403139709326209,-0.3328954332918775,2.7557016470623314,-0.07525456509585689,1.7870912117657685
1.6373274654930987,PASSED,-0.2845281167013132,0.013694783149880072,-0.33909295010877766,2.75562729937368,-0.07344760182646584,1.8202113078078825
1.6383276655331067,PASSED,-0.28451459391172496,0.01335204236893865,-0.3451726681631876,2.7555547749540876,-0.07160789748002012,1.8526997055375933
1.6393278655731147,PASSED,-0.2845014168547736,0.01300329342718823,-0.35113312414190956,2.7554841062257607,-0.06973608825891964,1.88454889814241
1.6403280656131227,PASSED,-0.2844885914784133,0.012648656444901924,-0.3569728877159016,2.7554153249709707,-0.06783281783990218,1.9157514329341572
1.6413282656531307,PASSED,-0.28447612360977864,0.012288252948927244,-0.3626905681471989,2.7553484623246627,-0.06589873724048469,1.9463000437397342
1.6423284656931387,PASSED,-0.28446401895379814,0.011922205832694804,-0.3682848149559327,2.7552835487672382,-0.063934504584356,1.9761877310546458
1.6433286657331467,PASSED,-0.2844522830918465,0.01155063931804176,-0.3737543144511186,2.7552206141175897,-0.06194078482355027,2.005407780639785
1.6443288657731547,PASSED,-0.2844409214804356,0.011173678916804935,-0.37909779242729524,2.7551596875262807,-0.059918249653132104,2.0339534302704174
1.6453290658131627,PASSED,-0.28442993944994494,0.010791451390333889,-0.3843140158335488,2.7551007974689963,-0.0578675772363531,2.0618184077847364
1.6463292658531707,PASSED,-0.28441934220339055,0.010404084711573109,-0.38940178737893344,2.75504397174015,-0.05578945196779731,2.0889965090698253
1.6473294658931787,PASSED,-0.2844091348152345,0.010011708024480159,-0.39435995356896086,2.754989237446726,-0.053684564343528654,2.115481701067874
1.6483296659331867,PASSED,-0.2843993222302338,0.009614451603353379,-0.3991873994986552,2.7549366210023325,-0.051553610692681724,2.1412682840329653
1.6493298659731948,PASSED,-0.2843899092623289,0.009212446814505355,-0.40388304841426964,2.754886148121447,-0.049397292969227326,2.1663506830686856
1.6503300660132025,PASSED,-0.2843809005935729,0.0088058260751461,-0.40844586665591137,2.7548378438139,-0.047216318563007724,2.1907235549868793
1.6513302660532105,PASSED,-0.2843723007731018,0.008394722811138665,-0.4128748622417843,2.75479173237954,-0.04501140008778541,2.214381755379273
1.6523304660932185,PASSED,-0.28436411421614344,0.007979271419791737,-0.41716907741702114,2.7547478374031424,-0.04278325513383546,2.237320419663738
1.6533306661332265,PASSED,-0.2843563452030694,0.007559607226341936,-0.42132760413832154,2.7547061817495138,-0.04053260607572796,2.2595348170700156
1.6543308661732345,PASSED,-0.2843489978784861,0.007135866443183494,-0.42534956917185557,2.754666787558808,-0.03826017988793932,2.2810204349343857
1.6553310662132426,PASSED,-0.2843420762503681,0.006708186130285234,-0.4292341420491969,2.754629676242071,-0.035966707875791634,2.3017730636232177
1.6563312662532506,PASSED,-0.2843355841892321,0.006276704152375826,-0.43298053514954865,2.7545948684769925,-0.03365292547170076,2.3217886310693086
1.6573314662932586,PASSED,-0.284329525427352,0.005841559138187314,-0.4365880002144872,2.7545623842038762,-0.03131957206083042,2.3410632640710283
1.6583316663332666,PASSED,-0.2843239035580162,0.0054028904389859305,-0.44005583185931463,2.7545322426218193,-0.02896739072738488,2.3595933796952098
1.6593318663732746,PASSED,-0.2843187220348254,0.004960838086931399,-0.4433833655180096,2.7545044621851145,-0.026597128031468534,2.377375573397105
1.6603320664132826,PASSED,-0.28431398417103293,0.004515542753608022,-0.44656997852695385,2.75447906059988,-0.024209533809280336,2.3944066547155924
1.6613322664532906,PASSED,-0.2843096931389263,0.0040671457077860115,-0.44961509068538336,2.75445605482088,-0.021805360970300433,2.410683628489443
1.6623324664932986,PASSED,-0.28430585196925023,0.0036157887740544017,-0.4525181624290943,2.7544354610485846,-0.01938536525103016,2.42620377979083
1.6633326665333066,PASSED,-0.2843024635506725,0.003161614291009311,-0.45527869678908844,2.7544172947264367,-0.016950305004640114,2.440964557456195
1.6643328665733146,PASSED,-0.28429953062929025,0.0027047650694557632,-0.4578962380631873,2.7544015705383447,-0.014500940993354536,2.4549636471718324
1.6653330666133226,PASSED,-0.2842970558081796,0.0022453843497753432,-0.46037037409190845,2.754388302406379,-0.012038036173033735,2.468198935753448
1.6663332666533306,PASSED,-0.2842950415469858,0.0017836157611050133,-0.46270073172261106,2.754377503488702,-0.009562355455818856,2.480668571522497
1.6673334666933386,PASSED,-0.2842934901615564,0.0013196032791143203,-0.4648869821694143,2.7543691861776973,-0.007074665519718511,2.4923708458189116
1.6683336667333466,PASSED,-0.284292403823616,0.000853491182461566,-0.4669288396416478,2.754363362098338,-0.004575734567725811,2.5033043561085586
1.6693338667733546,PASSED,-0.28429178456048204,0.0003854240143815187,-0.4688260537056469,2.754360042106753,-0.0020663321181678797,2.513467845190847
1.6703340668133626,PASSED,-0.2842916342548241,-8.445346234584157e-05,-0.4705784254085026,2.7543592362890106,0.00045277118598642063,2.5228602767966026
1.6713342668533706,PASSED,-0.28429195464446355,-0.0005559963067599438,-0.4721857904178355,2.7543609539601435,0.0029808038488570486,2.531480920253312
1.6723344668933786,PASSED,-0.28429274732221577,-0.0010290594391466033,-0.47364802703254194,2.7543652036633515,0.00551699368666636,2.5393291161799763
1.6733346669333866,PASSED,-0.28429401373577373,-0.0015034976853095725,-0.4749650589165875,2.7543719931694444,0.008060568042111922,2.5464045149559547
1.6743348669733946,PASSED,-0.2842957551876336,-0.0019791658177544386,-0.4761368481303849,2.7543813294765056,0.010610754065683467,2.5527070293152696
1.6753350670134026,PASSED,-0.2842979728350617,-0.0024559185957579357,-0.4771633979189057,2.754393218809749,0.013166778853481977,2.5582366267873367
1.6763352670534106,PASSED,-0.28430066769010254,-0.002933610807802942,-0.4780447547957395,2.754407666621609,0.015727869681501954,2.5629936288417414
1.6773354670934186,PASSED,-0.28430384061962943,-0.003412097314239445,-0.47878100753034575,2.754424677592024,0.018293254245797846,2.566978521265325
1.6783356671334266,PASSED,-0.2843074923454349,-0.0038912330856644144,-0.4793722806880515,2.754444255628955,0.020862160853243338,2.570191998232268
1.6793358671734346,PASSED,-0.2843116234443634,-0.004370873245905222,-0.4798187466093122,2.7544664038691087,0.02343381864217984,2.5726349827393187
1.6803360672134426,PASSED,-0.2843162343484846,-0.0048508731135175655,-0.48012061494769664,2.754491124678864,0.0260074577814016,2.5743085768767253
1.6813362672534506,PASSED,-0.28432132534530713,-0.005331088240071733,-0.4802781342918143,2.754518419655418,0.0285823096886219,2.5752141274493523
1.6823364672934586,PASSED,-0.2843268965780341,-0.005811374453497356,-0.4802915995148301,2.754548289628136,0.03115760724241252,2.575353171351468
1.6833366673334667,PASSED,-0.28433294804585807,-0.006291587897534343,-0.4801613403850923,2.7545807346601223,0.03373258499780134,2.5747274780803764
1.6843368673734747,PASSED,-0.2843394796042973,-0.006771585071186454,-0.47988772916345684,2.75461575404998,0.036306479364530436,2.573338959161581
1.6853370674134827,PASSED,-0.2843464909655714,-0.007251222869953827,-0.4794711785033163,2.7546533463337948,0.038878528839060136,2.5711898181084494
1.6863372674534907,PASSED,-0.2843539816990175,-0.007730358625203979,-0.4789121397480442,2.754693509287329,0.04144797423896228,2.5682824544312677
1.6873374674934987,PASSED,-0.28436195123154656,-0.008208850144759014,-0.47821110609302864,2.7547362399283855,0.04401405881627785,2.5646193259051135
1.6883376675335067,PASSED,-0.28437039884813786,-0.008686555750579325,-0.4773686056384995,2.754781534519428,0.046576028546896325,2.5602033337607093
1.6893378675735147,PASSED,-0.28437932369237495,-0.009163334319437071,-0.4763852110039119,2.7548293885703647,0.049133132336618326,2.5550374270295255
1.6903380676135227,PASSED,-0.2843887247670183,-0.009639045321944695,-0.4752615301767665,2.7548797968415486,0.0516846221375469,2.5491247168612707
1.6913382676535307,PASSED,-0.28439860093461933,-0.010113548860491123,-0.47399821079286936,2.754932753346967,0.05422975319866343,2.542468623953379
1.6923384676935387,PASSED,-0.28440895091817087,-0.010586705708313562,-0.47259593917548626,2.754988251357666,0.05676778433859127,2.5350728172441426
1.6933386677335467,PASSED,-0.28441977330179735,-0.011058377347256223,-0.47105543878744116,2.7550462834053175,0.05929797800714919,2.526940902767114
1.6943388677735547,PASSED,-0.2844310665314827,-0.0115284260064337,-0.469377472770834,2.755106841286026,0.06181960052414046,2.5180769264740395
1.6953390678135627,PASSED,-0.2844428289158358,-0.01199671469954443,-0.4675628400039906,2.7551699160643164,0.0643319223749441,2.5084851336900638
1.6963392678535707,PASSED,-0.2844550586268937,-0.012463107261349098,-0.4656123763384525,2.7552354980773126,0.06683421827293169,2.498169740852604
1.6973394678935787,PASSED,-0.2844677537009621,-0.01292746838638763,-0.4635269575052495,2.755303576939118,0.06932576738509832,2.487135359709315
1.6983396679335867,PASSED,-0.2844809120394925,-0.013389663664723004,-0.4613074922221269,2.7553741415453663,0.07180585357722503,2.475386747071637
1.6993398679735947,PASSED,-0.2844945314099959,-0.013849559617941836,-0.4589549272166357,2.7554471800779927,0.07427376555501077,2.4629287982618004
1.7003400680136027,PASSED,-0.2845086094469933,-0.014307023736515169,-0.4564702461444629,2.75552268001017,0.07672879704662519,2.449766620516192
1.7013402680536107,PASSED,-0.28452314365300096,-0.014761924513999956,-0.45385446504500626,2.755600628111421,0.07917024698754256,2.4359054878515067
1.7023404680936187,PASSED,-0.28453813139955264,-0.015214131483597593,-0.4511086392993903,2.755681010452957,0.08159741976158713,2.421350964839942
1.7033406681336267,PASSED,-0.2845535699282558,-0.01566351525323545,-0.44823385653016706,2.755763812413149,0.08400962530742201,2.40610859983148
1.7043408681736347,PASSED,-0.28456945635188347,-0.016109947538868276,-0.44523123836792977,2.7558490186832154,0.08640617931262534,2.390184275451225
1.7053410682136427,PASSED,-0.2845857876555001,-0.016553301199969523,-0.44210194292346006,2.755936613273078,0.08878640345804524,2.373584058732364
1.7063412682536507,PASSED,-0.28460256069762147,-0.01699345027327176,-0.4388471602214231,2.756026579517374,0.0911496254921173,2.3563140176318487
1.7073414682936587,PASSED,-0.2846197722114089,-0.017430270005956455,-0.4354681143268748,2.756118900081693,0.09349517948711705,2.3383806465783445
1.7083416683336667,PASSED,-0.2846374188058958,-0.01786363688873042,-0.43196606173868946,2.7562135569689263,0.09582240598095226,2.319790392006438
1.7093418683736747,PASSED,-0.284655496967248,-0.018293428688471104,-0.42834229174201316,2.7563105315258376,0.09813065212609086,2.3005499805600476
1.7103420684136827,PASSED,-0.2846740030600557,-0.018719524480862334,-0.42459812615737014,2.7564098044497785,0.10041927190751124,2.280666315327255
1.7113422684536908,PASSED,-0.28469293332865825,-0.019141804681981445,-0.4207349177602734,2.7565113557955683,0.10268762625914035,2.2601463758303595
1.7123424684936988,PASSED,-0.28471228389849995,-0.01956015107928742,-0.416754050336444,2.7566151649825574,0.10493508325726443,2.238997412986559
1.7133426685337068,PASSED,-0.2847320507775174,-0.01997444686330563,-0.4126569398060529,2.7567212108018384,0.10716101828562047,2.217226771935686
1.7143428685737148,PASSED,-0.28475222985755716,-0.02038457665754502,-0.40844503052828357,2.7568294714236194,0.1093648141646061,2.1948419503522594
1.7153430686137228,PASSED,-0.28477281691582407,-0.02079042654891123,-0.40411979859149344,2.756939924404764,0.11154586133886461,2.171850656862668
1.7163432686537308,PASSED,-0.28479380761635925,-0.021191884116925262,-0.39968274762905737,2.757052546696481,0.1137035580323034,2.1482607178228683
1.7173434686937388,PASSED,-0.2848151975115472,-0.02158883846290153,-0.3951354115410746,2.7571673146521714,0.1158373103769025,2.124080095783257
1.7183436687337468,PASSED,-0.2848369820436522,-0.02198118023907456,-0.3904793525943376,2.75728420403543,0.11794653258568372,2.099316950779848
1.7193438687737548,PASSED,-0.2848591565463825,-0.02236880167601814,-0.3857161598430752,2.757403190028185,0.12003064709251468,2.0739795441983917
1.7203440688137628,PASSED,-0.28488171624648295,-0.022751596610347927,-0.38084745065426234,2.7575242472389947,0.12208908469229991,2.048076303509784
1.7213442688537708,PASSED,-0.2849046562653548,-0.023129460512523,-0.3758748698556146,2.757647349711494,0.12412128470538752,2.021615819472851
1.7223444688937788,PASSED,-0.28492797162070216,-0.0235022905127052,-0.37080008706658746,2.757772470932969,0.12612669509926014,1.9946067768057822
1.7233446689337868,PASSED,-0.28495165722820526,-0.02386998542744126,-0.3656247998490402,2.757899583843087,0.12810477262898307,1.9670580316676873
1.7243448689737948,PASSED,-0.284975707903219,-0.024232445784650548,-0.3603507287827915,2.758028660842745,0.13005498297823886,1.9389785609812284
1.7253450690138028,PASSED,-0.2850001183624975,-0.024589573849269915,-0.3549796218437512,2.7581596738030743,0.13197680089966315,1.9103774950530283
1.7263452690538108,PASSED,-0.2850248832259429,-0.024941273647834283,-0.34951324971144854,2.7582925940745664,0.13386971033706166,1.8812640656288193
1.7273454690938188,PASSED,-0.28504999701837846,-0.025287450991329764,-0.3439534060181733,2.7584273924963174,0.13573320453606685,1.8516476212561246
1.7283456691338268,PASSED,-0.285075454171346,-0.025628013500255644,-0.3383019108643496,2.7585640394054325,0.1375667862228947,1.8215377305422833
1.7293458691738348,PASSED,-0.2851012490249256,-0.02596287062692735,-0.3325606038766124,2.758702504646512,0.13936996766793705,1.7909439213757237
1.7303460692138428,PASSED,-0.2851273758295786,-0.02629193367659676,-0.3267313468646082,2.758842757581303,0.1411422708375289,1.759876001735936
1.7313462692538508,PASSED,-0.28515382874801215,-0.026615115831210016,-0.3208160264456865,2.758984767098428,0.14288322751532867,1.72834379517568
1.7323464692938588,PASSED,-0.2851806018570659,-0.026932332169746515,-0.31481654659704184,2.759128501623269,0.1445923794017518,1.696357280588106
1.7333466693338668,PASSED,-0.2852076891496191,-0.027243499687975195,-0.3087348326497774,2.759273929127931,0.14626927822748947,1.6639265225040556
1.7343468693738748,PASSED,-0.28523508453651797,-0.027548537319997974,-0.302572831604778,2.759421017141345,0.14791348588041886,1.6310617398795824
1.7353470694138828,PASSED,-0.28526278184852333,-0.027847365957119986,-0.29633250746683976,2.75956973275946,0.14952457449934184,1.597773204951928
1.7363472694538908,PASSED,-0.2852907748382772,-0.028139908466580828,-0.2900158441235086,2.759720042655538,0.15110212655088284,1.5640712826003744
1.7373474694938988,PASSED,-0.2853190571822876,-0.02842608970960978,-0.28362484229924595,2.759871913090576,0.1526457349949451,1.5299665517035401
1.7383476695339068,PASSED,-0.2853476224829321,-0.02870583656005755,-0.277161522546789,2.760025309923797,0.1541550033362983,1.4954695344529876
1.7393478695739149,PASSED,-0.2853764642704781,-0.02897907792059468,-0.2706279191973544,2.760180198623259,0.15562954570299165,1.460590921520261
1.7403480696139229,PASSED,-0.28540557600512045,-0.029245744740013103,-0.26402608623247226,2.760336544276541,0.1570689869869251,1.4253415255422355
1.7413482696539309,PASSED,-0.28543495107903477,-0.02950577002795869,-0.2573580890876638,2.760494311601537,0.15847296291679663,1.3897321994243808
1.7423484696939389,PASSED,-0.2854645828184467,-0.029759088871451192,-0.2506260130957272,2.760653464957319,0.15984112010855744,1.353773853318455
1.7433486697339469,PASSED,-0.28549446448571625,-0.030005638449570993,-0.2438319548025214,2.7608139683551096,0.1611731162054874,1.317477592670931
1.7443488697739549,PASSED,-0.2855245892814358,-0.03024535804554663,-0.23697802342438018,2.76097578546929,0.16246861990219189,1.2808544327268205
1.7453490698139629,PASSED,-0.285554950346543,-0.030478189062654502,-0.23006634623019906,2.7611388796485516,0.1637273110702719,1.2439156583155067
1.7463492698539709,PASSED,-0.2855855407644455,-0.030704075036321783,-0.22309905862533075,2.761303213927063,0.16494888080869072,1.206672458487668
1.7473494698939789,PASSED,-0.28561635356315906,-0.0309229616447487,-0.2160783082946425,2.761468751035738,0.16613303148368347,1.1691361526628046
1.7483496699339869,PASSED,-0.2856473817174575,-0.03113479672249522,-0.20900625738109727,2.7616354534135787,0.16727947687476882,1.1313182167004079
1.7493498699739949,PASSED,-0.28567861815103296,-0.031339530270681065,-0.2018850753890134,2.7618032832190584,0.16838794216703476,1.0932300093096614
1.750350070014003,PASSED,-0.28571005573866814,-0.03153711446679794,-0.19471694326878805,2.7619722023415894,0.16945816401576996,1.0548830750188896
1.751350270054011,PASSED,-0.28574168730841726,-0.031727503674437274,-0.18750405055303587,2.7621421724130464,0.17048989067464396,1.0162890481107356
1.752350470094019,PASSED,-0.285773505643797,-0.031910654452981996,-0.18024859720585146,2.7623131548193323,0.17148288196504644,0.9774594519303105
1.753350670134027,PASSED,-0.28580550348598605,-0.03208652556566781,-0.17295278967246108,2.7624851107120225,0.17243690936557024,0.938406032919462
1.754350870174035,PASSED,-0.28583767353603234,-0.032255077986374975,-0.16561884139697183,2.7626580010200232,0.17335175607177716,0.8991404883985623
1.755351070214043,PASSED,-0.28587000845706817,-0.03241627490792308,-0.15824897498219265,2.7628317864613137,0.1742272170201323,0.8596745883261688
1.756351270254051,PASSED,-0.2859025008765316,-0.03257008174820888,-0.15084541715487182,2.763006427554707,0.1750630989310542,0.8200201259857373
1.757351470294059,PASSED,-0.28593514338839415,-0.03271646615532077,-0.14341040041657396,2.7631818846316554,0.17585922035505122,0.7801889560045391
1.758351670334067,PASSED,-0.28596792855539394,-0.032855398013049854,-0.13594616260409456,2.7633581178481057,0.1766154117226646,0.7401929753525813
1.759351870374075,PASSED,-0.28600084891127364,-0.03298684944574036,-0.128454946081443,2.7635350871963578,0.17733151531950517,0.7000440111659542
1.760352070414083,PASSED,-0.2860338969630224,-0.03311079482167907,-0.12093899584355909,2.7637127525169887,0.17800738537649935,0.6597540875463174
1.761352270454091,PASSED,-0.2860670651931213,-0.033227210755726204,-0.11340055951618544,2.7638910735107793,0.178642888090561,0.6193351317385478
1.762352470494099,PASSED,-0.2861003460617919,-0.0333360761129311,-0.10584188899737303,2.7640700097506716,0.17923790158596586,0.578799071182397
1.763352670534107,PASSED,-0.28613373200924647,-0.03343737201004128,-0.09826523585205693,2.764249520693744,0.1797923159873339,0.5381579548251495
1.7643528705741147,PASSED,-0.2861672154579401,-0.03353108181583938,-0.09067285242879336,2.764429565693208,0.180306033444922,0.49742379276343435
1.7653530706141227,PASSED,-0.28620078881482375,-0.033617191152537404,-0.08306699287751333,2.7646101040104107,0.18077896808674448,0.45660854119518096
1.7663532706541307,PASSED,-0.28623444447359697,-0.03369568789594426,-0.07544991042641365,2.7647910948268546,0.18121104607373492,0.41572428418724267
1.7673534706941387,PASSED,-0.28626817481696115,-0.033766562173572524,-0.06782385576283838,2.76497249725621,0.18160220559745768,0.3747830167464564
1.7683536707341467,PASSED,-0.2863019722188705,-0.03382980636401342,-0.060191080226276034,2.765154270356342,0.18195239685187742,0.33379674620193356
1.7693538707741547,PASSED,-0.2863358290467819,-0.033885415094871967,-0.0525538312800614,2.7653363731413516,0.18226158209720017,0.29277757806996774
1.7703540708141627,PASSED,-0.2863697376639029,-0.03393338523986951,-0.04491435414253982,2.7655187645935606,0.1825297355604689,0.25173738673455454
1.7713542708541707,PASSED,-0.2864036904314355,-0.03397371591542415,-0.03727488982937728,2.7657014036755636,0.18275684350486693,0.2106883161737098
1.7723544708941787,PASSED,-0.28643767971081696,-0.03400640847651244,-0.029637675260906368,2.7658842493421942,0.18294290419526502,0.1696422732143397
1.7733546709341867,PASSED,-0.28647169786595633,-0.03403146651239768,-0.022004942968131706,2.766067260552532,0.18308792784406375,0.12861123252166817
1.7743548709741948,PASSED,-0.2865057372654657,-0.0340488958411864,-0.014378919335784751,2.766250396281869,0.18319193665665776,0.08760719930890784
1.7753550710142028,PASSED,-0.28653979028488574,-0.03405870450339193,-0.006761824118679568,2.7664336155336486,0.18325496475997588,0.0466420393242768
1.7763552710542108,PASSED,-0.28657384930890545,-0.034060902756177236,0.000844128103614865,2.766616877351394,0.18327705817709905,0.005727668989093029
1.7773554710942188,PASSED,-0.2866079067335745,-0.0340555030657835,0.008436731920483689,2.7668001408306115,0.1832582748486238,-0.03512399345144148
1.7783556711342268,PASSED,-0.28664195496850847,-0.03404252009894965,0.016013790109428345,2.7669833651306397,0.18319868453445487,-0.07590119464727436
1.7793558711742348,PASSED,-0.2866759864390852,-0.034021970715470556,0.02357311239219078,2.7671665094864863,0.1830983687956704,-0.1165921015426103
1.7803560712142428,PASSED,-0.2867099935886333,-0.03399387395911348,0.031112519000333325,2.767349533220613,0.1829574209903162,-0.1571849412286099
1.7813562712542508,PASSED,-0.28674396888061043,-0.03395825104622639,0.03862984214491082,2.767532395754696,0.18277594620577164,-0.19766801342188134
1.7823564712942588,PASSED,-0.2867779048007719,-0.033915125357637785,0.04612291955106773,2.767715056621312,0.18255406117453876,-0.23802970977352278
1.7833566713342668,PASSED,-0.2868117938593285,-0.03386452242616521,0.05358960608690924,2.7678974754756065,0.18229189428446446,-0.27825834360815094
1.7843568713742748,PASSED,-0.28684562859309276,-0.033806469924939776,0.061027764651117,2.7680796121068902,0.18198958551267685,-0.3183423905739526
1.7853570714142828,PASSED,-0.286879401567614,-0.03374099765631582,0.06843527127250142,2.7682614264501955,0.18164728633430183,-0.35827037024241226
1.7863572714542908,PASSED,-0.28691310537930004,-0.03366813753842511,0.07581001563617655,2.768442878597748,0.18126515967070414,-0.3980308591678502
1.7873574714942988,PASSED,-0.2869467326575262,-0.033587923590728014,0.08314990240438337,2.768623928810417,0.18084337988437993,-0.4376124044284725
1.7883576715343068,PASSED,-0.2869802760667306,-0.033500391921782086,0.09045284664028695,2.768804537529059,0.18038213263768002,-0.47700380821418065
1.7893578715743148,PASSED,-0.28701372830849486,-0.03340558071366319,0.0977167824379732,2.7689846653858132,0.17988161482326176,-0.5161938185542909
1.7903580716143228,PASSED,-0.28704708212361,-0.03330353020605064,0.1049396577289377,2.769164273215339,0.17934203458835252,-0.5551711791458671
1.7913582716543308,PASSED,-0.2870803302941273,-0.03319428268258276,0.1121194339604985,2.7693433220659367,0.17876361113403583,-0.5939249710972438
1.7923584716943388,PASSED,-0.2871134656453918,-0.033077882452037924,0.11925409493439465,2.76952177321064,0.17814657469280462,-0.6324440879871825
1.7933586717343468,PASSED,-0.28714648104806073,-0.032954375831942925,0.12634163686873434,2.76969958815818,0.17749116646750135,-0.6707176501806568
1.7943588717743548,PASSED,-0.2871793694201034,-0.032823811132922126,0.13338007378883748,2.7698767286639048,0.17679763850483718,-0.708734837653192
1.7953590718143628,PASSED,-0.287212123728784,-0.03268623863866774,0.1403674412314138,2.7700531567405844,0.17606625362035713,-0.7464849156979545
1.7963592718543708,PASSED,-0.28724473699262565,-0.032541710586631675,0.14730179257249282,2.7702288346691266,0.17529728529543928,-0.7839572643977785
1.7973594718943788,PASSED,-0.28727720228335585,-0.03239028115155589,0.15418119674464803,2.770403725009208,0.1744910175982315,-0.8211413190811342
1.7983596719343868,PASSED,-0.2873095127278319,-0.032232006423678364,0.1610037486327828,2.7705777906098183,0.17364774510605835,-0.8580266075678292
1.7993598719743948,PASSED,-0.28734166150994717,-0.03206694438829964,0.1677675598760032,2.7707509946196613,0.17276777272029784,-0.8946029045556113
1.8003600720144028,PASSED,-0.2873736418725159,-0.031895154906022426,0.1744707638780267,2.770923300497498,0.17185141563239378,-0.930859876803003
1.8013602720544108,PASSED,-0.2874054471191373,-0.03171669969089213,0.18111151596513986,2.7710946720223677,0.17089899924680413,-0.966787391447417
1.8023604720944189,PASSED,-0.2874370706160383,-0.03153164228891489,0.18768799265197203,2.771265073303677,0.16991085894878813,-1.0023755690617553
1.8033606721344269,PASSED,-0.2874685057938938,-0.03134004805467043,0.19419839530610608,2.771434468791215,0.1688873400858208,-1.0376143922377046
1.8043608721744349,PASSED,-0.28749974614962426,-0.031141984129022877,0.20064094587517567,2.771602823285022,0.16782879786886354,-1.0724941001036281
1.8053610722144429,PASSED,-0.2875307852481704,-0.030937519416771964,0.20701388983473706,2.7717701019451537,0.16673559715440994,-1.1070051240202414
1.8063612722544509,PASSED,-0.28756161672424424,-0.030726724560959602,0.21331549979744502,2.771936270301315,0.16560811238108877,-1.1411378728551604
1.8073614722944589,PASSED,-0.28759223428405567,-0.030509671918878198,0.2195440702707079,2.7721012942623786,0.16444672748055275,-1.1748829189899683
1.8083616723344669,PASSED,-0.28762263170701485,-0.03028643553874944,0.2256979200341181,2.7722651401257727,0.16325183567721552,-1.208231059568743
1.8093618723744749,PASSED,-0.2876528028474096,-0.030057091133328766,0.23177539567838198,2.7724277745867325,0.1620238393681968,-1.241173141985354
1.8103620724144829,PASSED,-0.28768274163605656,-0.029821716052821638,0.23777487039295703,2.772589164747432,0.16076315005554165,-1.273700093101706
1.8113622724544909,PASSED,-0.2877124420819271,-0.029580389261360755,0.2436947388395004,2.7727492781259584,0.15947018812437475,-1.3058031565436936
1.8123624724944989,PASSED,-0.2877418982737465,-0.02933319130887481,0.24953342825024044,2.7729080826651815,0.15814538274685114,-1.337473524843562
1.813362672534507,PASSED,-0.2877711043815665,-0.029080204303259357,0.25528939052559596,2.7730655467414405,0.15678917174283274,-1.3687026568016392
1.814362872574515,PASSED,-0.2878000546583097,-0.028821511884524875,0.2609611042070693,2.7732216391731295,0.15540200142175908,-1.3994820972550335
1.815363072614523,PASSED,-0.2878287434412878,-0.028557199196099652,0.26654707790398696,2.7733763292291034,0.1539843264312647,-1.4298035859873206
1.816363272654531,PASSED,-0.28785716515368986,-0.02828735285605496,0.2720458481384964,2.773529586636953,0.15253660961976015,-1.4596589618493265
1.817363472694539,PASSED,-0.28788531430604386,-0.02801206092894592,0.27745597975607206,2.773681381591122,0.1510593218826618,-1.4890402539310164
1.818363672734547,PASSED,-0.28791318549764766,-0.027731412896585317,0.2827760674302871,2.773831684760883,0.14955294200903957,-1.5179396200830528
1.819363872774555,PASSED,-0.2879407734179719,-0.027445499628715557,0.2880047348294108,2.7739804672981307,0.1480179564986992,-1.546349437178583
1.820364072814563,PASSED,-0.2879680728480326,-0.027154413352583655,0.29314063700022336,2.7741277008450513,0.1464548594446901,-1.5742621318960786
1.821364272854571,PASSED,-0.28799507866173385,-0.02685824762312178,0.2981824577696404,2.7742733575416074,0.14486415235962688,-1.6016703871746447
1.822364472894579,PASSED,-0.28802178582718013,-0.02655709729261451,0.3031289123323587,2.774417410032868,0.14324634397624583,-1.6285670475186447
1.823364672934587,PASSED,-0.2880481894079579,-0.026251058479193536,0.30797874748005505,2.7745598314761697,0.14160195012043056,-1.6549450613463927
1.824364872974595,PASSED,-0.28807428456438605,-0.02594022853570762,0.3127307408231553,2.7747005955481234,0.13993149355229123,-1.6807975726679931
1.825365073014603,PASSED,-0.2881000665547349,-0.025624706018909055,0.31738370078216904,2.774839676451436,0.1382355037506396,-1.7061179543073977
1.826365273054611,PASSED,-0.2881255307364138,-0.025304590656484858,0.3219364701855482,2.774977048921577,0.13651451677941476,-1.730899649169735
1.827365473094619,PASSED,-0.28815067256712595,-0.024979983315355107,0.32638792175921477,2.775112688233255,0.13476907510343844,-1.7551363605140569
1.828365673134627,PASSED,-0.2881754876059921,-0.02465098597001816,0.3307369610554336,2.775246570206737,0.13299972740308375,-1.7788219269150882
1.829365873174635,PASSED,-0.28819997151464044,-0.02431770166801776,0.3349825292970432,2.775378671213975,0.13120702840582488,-1.8019503774880627
1.830366073214643,PASSED,-0.28822412005826414,-0.02398023449830575,0.33912359665531805,2.775508968184578,0.12939153872864595,-1.8245158769728476
1.831366273254651,PASSED,-0.2882479291066463,-0.023638689558286675,0.3431591689282522,2.7756374386115694,0.12755382464202922,-1.846512893045974
1.832366473294659,PASSED,-0.2882713946351503,-0.023293172918753165,0.34708828660367497,2.775764060556992,0.12569445792618889,-1.867935931036592
1.833366673334667,PASSED,-0.2882945127256775,-0.022943791591333765,0.3509100212965464,2.7758888126573305,0.12381401572631436,-1.8887797124331647
1.834366873374675,PASSED,-0.2883172795675908,-0.0225906534943217,0.3546234808224061,2.7760116741287173,0.12191308026220352,-1.9090392985626286
1.835367073414683,PASSED,-0.288339691458604,-0.02223386741873994,0.3582278054213281,2.7761326247719964,0.11999223872671988,-1.9287096934309702
1.836367273454691,PASSED,-0.2883617448056371,-0.02187354299278032,0.3617221729851484,2.776251644977559,0.11805208309472855,-1.9477862576982312
1.837367473494699,PASSED,-0.2883834361256367,-0.021509790648415204,0.3651057919517555,2.7763687157300247,0.11609320987972516,-1.9662645198734785
1.838367673534707,PASSED,-0.2884047620463626,-0.021142721587033998,0.36837790766750717,2.776483818612708,0.11411621998898337,-1.9841401379873043
1.839367873574715,PASSED,-0.28842571930713823,-0.02077244774259524,0.3715378022862537,2.7765969358119045,0.11212171852328552,-2.0014090175048693
1.840368073614723,PASSED,-0.28844630475956756,-0.02039908174829788,0.3745847889714277,2.776708050120978,0.11011031456277331,-2.0180672558504176
1.841368273654731,PASSED,-0.28846651536821555,-0.02002273690091023,0.37751821966512655,2.776817144944281,0.10808262102302896,-2.0341110623403167
1.842368473694739,PASSED,-0.28848634821125435,-0.019643527124939907,0.3803374801737866,2.7769242043008266,0.10603925438909347,-2.0495370149989247
1.843368673734747,PASSED,-0.2885058004810733,-0.01926156693796598,0.38304199150735174,2.7770292128278213,0.1039808345610847,-2.06434170334865
1.844368873774755,PASSED,-0.28852486948485406,-0.018876971413715048,0.38563121274665146,2.7771321557839714,0.10190798469519988,-2.078521974242272
1.845369073814763,PASSED,-0.2885435526451093,-0.01848985614811074,0.38810463417607444,2.777233019052593,0.09982133091493973,-2.092074984272037
1.846369273854771,PASSED,-0.2885618475001862,-0.018100337222153248,0.3904617871451043,2.7773317891445473,0.09772150218898928,-2.104997887069375
1.847369473894779,PASSED,-0.2885797517047347,-0.017708531166558312,0.3927022345614953,2.777428453200935,0.09560913010426479,-2.1172882164945737
1.848369673934787,PASSED,-0.28859726303013805,-0.017314554925731872,0.3948255783364029,2.777522998995642,0.09348484866178387,-2.128943593138467
1.849369873974795,PASSED,-0.28861437936490947,-0.01691852582179088,0.3968314543440584,2.77761541493765,0.09134929410189013,-2.1399618710639117
1.850370074014803,PASSED,-0.2886310987150514,-0.016520561518701647,0.3987195355860115,2.7777056900731587,0.08920310466662838,-2.1503411447269807
1.851370274054811,PASSED,-0.28864741920437936,-0.016120779986182582,0.40048953047443375,2.777793814087501,0.08704692041354987,-2.160079658646205
1.852370474094819,PASSED,-0.2886633390748095,-0.01571929946317861,0.40214118469033583,2.7778797773068846,0.08488138306510494,-2.1691758083107477
1.853370674134827,PASSED,-0.28867885668661025,-0.015316238422453865,0.4036742780810171,2.7779635706998924,0.08270713572433278,-2.1776283624130897
1.854370874174835,PASSED,-0.2886939705186177,-0.014911715534320875,0.40508862816763874,2.7780451858788107,0.0805248227042371,-2.1854361252174153
1.855371074214843,PASSED,-0.2887086791684152,-0.014505849630056883,0.40638408832822764,2.7781246151007473,0.07833508937908135,-2.1925981251146625
1.856371274254851,PASSED,-0.2887229813524763,-0.014098759666318652,0.40756054734490027,2.7782018512685474,0.07613858191289863,-2.1991136935614106
1.857371474294859,PASSED,-0.2887368759062726,-0.013690564689640819,0.4086179295664557,2.7782768879315105,0.07393594707163362,-2.204982273067408
1.858371674334867,PASSED,-0.2887503617843447,-0.01328138379942952,0.40955619730786,2.778349719285914,0.07172783207996249,-2.210203470740262
1.859371874374875,PASSED,-0.288763438060338,-0.012871336112744998,0.41037534626896577,2.7784203401753143,0.0695148843447393,-2.214777244878454
1.860372074414883,PASSED,-0.2887761039270021,-0.012460540728472,0.4110754096090216,2.7784887460906753,0.06729775128183768,-2.218703608250413
1.861372274454891,PASSED,-0.2887883586961546,-0.012049116691109408,0.411656455864972,2.778554933170267,0.06507708014116738,-2.22198282895021
1.862372474494899,PASSED,-0.2888002017986096,-0.011637182955926991,0.4121185880607119,2.7786188981994067,0.06285351780422951,-2.22461534226296
1.863372674534907,PASSED,-0.28881163278406985,-0.011224858353038623,0.4124619461068042,2.7786806386099427,0.060627710515364336,-2.2266019199333233
1.864372874574915,PASSED,-0.2888226513209841,-0.010812261551254011,0.4126867055698191,2.778740152479604,0.058400303783671996,-2.227943272865027
1.865373074614923,PASSED,-0.28883325719636893,-0.010399511024058321,0.41279307494627043,2.7787974385310923,0.05617194213712574,-2.2286405623337453
1.866373274654931,PASSED,-0.28884345031559505,-0.009986725014207226,0.41278129978764677,2.7788524961310284,0.05394326889942201,-2.2286950212837056
1.867373474694939,PASSED,-0.2888532307021391,-0.009574021497741565,0.41265166091766947,2.778905325288648,0.05171492602392674,-2.2281081116363253
1.868373674734947,PASSED,-0.2888625984972999,-0.00916151815015291,0.41240447203597824,2.77895592665437,0.049487553942451065,-2.226881394701899
1.869373874774955,PASSED,-0.2888715539598807,-0.00874933231159327,0.41204008290874566,2.7790043015181025,0.04726179128699705,-2.2250168292887644
1.870374074814963,PASSED,-0.28888009746583615,-0.00833758095217094,0.4115588770980547,2.779050451807386,0.045038274698746966,-2.22251642755763
1.871374274854971,PASSED,-0.2888882295078852,-0.007926380637157164,0.4109612736242553,2.77909438008536,0.04281763875195525,-2.21938229294776
1.872374474894979,PASSED,-0.2888959506950901,-0.007515847494546957,0.4102477219341748,2.779136089548507,0.04060051565182535,-2.2156169715846676
1.873374674934987,PASSED,-0.28890326175240083,-0.007106097179523255,0.40941871041671984,2.779175584024215,0.038387535016624896,-2.211223077610969
1.874374874974995,PASSED,-0.2889101635201663,-0.006697244840990772,0.40847475727632526,2.7792128679681594,0.0361793238140704,-2.206203285850174
1.8753750750150031,PASSED,-0.28891665695361174,-0.006289405089560491,0.40741641419958535,2.7792479464614996,0.03397650612134559,-2.2005606306412306
1.8763752750550111,PASSED,-0.288922743122283,-0.005882691962993894,0.40624426814460457,2.7792808252078642,0.031779702844821366,-2.194298373779561
1.8773754750950191,PASSED,-0.2889284232094577,-0.005477218893589207,0.40495893691140716,2.7793115105301833,0.029589531667537798,-2.187419712952904
1.878375675135027,PASSED,-0.2889336985115238,-0.0050730986760506545,0.4035610712899819,2.7793400093673104,0.02740660683540949,-2.17992824491191
1.879375875175035,PASSED,-0.28893857043732496,-0.004670443434480878,0.40205135508963946,2.7793663292704776,0.02523153889499965,-2.1718277374084716
1.880376075215043,PASSED,-0.2889430405074749,-0.004269364590623446,0.40043050303595973,2.779390478399566,0.023064934604590682,-2.163121992409297
1.881376275255051,PASSED,-0.28894711035363907,-0.0038699728330304595,0.39869926063100464,2.779412465519193,0.020907396740032076,-2.153815112658146
1.882376475295059,PASSED,-0.2889507817177843,-0.0034723780830018124,0.39685840962707564,2.7794322999946317,0.018759523870280265,-2.1439113744809153
1.883376675335067,PASSED,-0.2889540564513984,-0.003076689465875954,0.39490875545838017,2.779449991787536,0.016621910216912127,-2.133415172626286
1.884376875375075,PASSED,-0.2889569365146771,-0.002683015280176577,0.39285113919337616,2.77946555145153,0.014495145522607562,-2.122331042090085
1.885377075415083,PASSED,-0.2889594239756819,-0.0022914629647684506,0.39068643288462584,2.779478990127563,0.012379814775974633,-2.110663882994824
1.886377275455091,PASSED,-0.28896152100946676,-0.0019021390708243613,0.388415534650398,2.7794903195391654,0.01027649812470031,-2.098418496793987
1.887377475495099,PASSED,-0.28896322989717466,-0.0015151492322289036,0.38603937455883053,2.7794995519874903,0.00818577073147056,-2.0855999908535923
1.888377675535107,PASSED,-0.2889645530251048,-0.0011305981338235605,0.3835589143030179,2.779506700346196,0.006108202496645065,-2.0722137308067623
1.889377875575115,PASSED,-0.28896549288375084,-0.0007485894844047934,0.3809751394959331,2.779511778056184,0.004044357993437823,-2.0582650181408977
1.890378075615123,PASSED,-0.2889660520668094,-0.0003692259880923848,0.3782890675233923,2.7795147991201503,0.0019947963018675996,-2.043759473856441
1.891378275655131,PASSED,-0.28896623327016097,7.39068613032207e-06,0.37550174535558334,2.7795157780969966,-3.992921271191911e-05,-2.0287028750615708
1.892378475695139,PASSED,-0.2889660392908217,0.00038115993031141796,0.3726142433981043,2.7795147300960745,-0.002059271001901743,-2.0131010652753267
1.893378675735147,PASSED,-0.28896547302586856,0.0007519822250987383,0.36962766238013106,2.7795116707712766,-0.0040626874908543855,-1.9969601047375194
1.894378875775155,PASSED,-0.28896453747133594,0.0011197591689057606,0.3665431314249497,2.7795066163149844,-0.0060496432468380235,-1.9802861901477176
1.895379075815163,PASSED,-0.28896323572108634,0.0014843935028592092,0.3633618023057813,2.779499583451843,-0.00801960913873487,-1.963085693062932
1.896379275855171,PASSED,-0.28896157096565384,0.001845789136505508,0.3600848545399774,2.779490589432414,-0.009972062449739026,-1.9453650562983054
1.897379475895179,PASSED,-0.2889595464910618,0.002203851176000306,0.3567134961313457,2.7794796520266707,-0.011906487033157602,-1.9271309348320922
1.898379675935187,PASSED,-0.28895716567761504,0.0025584859482547253,0.3532489563364682,2.7794667895173513,-0.013822373474366153,-1.9083901121261895
1.899379875975195,PASSED,-0.288954431998666,0.0029096010252085366,0.34969249069870756,2.7794520206931765,-0.015719219205489857,-1.8891494771220465
1.900380076015203,PASSED,-0.2889513490193575,0.0032571052494691113,0.3460453799684861,2.7794353648419117,-0.017596528663604415,-1.8694161121095658
1.901380276055211,PASSED,-0.28894792039533945,0.0036009087590528083,0.3423089293271711,2.7794168417433336,-0.01945381338471064,-1.8491971271039973
1.902380476095219,PASSED,-0.2889441498714634,0.003940923008619553,0.33848446305979246,2.779396471662016,-0.021290592181359674,-1.828499909679057
1.903380676135227,PASSED,-0.2889400412804522,0.004277060794951996,0.3345733351808769,2.7793742753400292,-0.02310639124750486,-1.8073318371226077
1.904380876175235,PASSED,-0.2889355985415478,0.004609236279356582,0.3305769172203923,2.779350273989478,-0.024900744279309356,-1.785700494925758
1.905381076215243,PASSED,-0.28893082565913597,0.004937365008580225,0.3264966038924762,2.779324489284946,-0.0266731926089022,-1.7636135527042374
1.906381276255251,PASSED,-0.28892572672134914,0.005261363937458084,0.3223338122014472,2.7792969433557944,-0.028423285316324404,-1.74107881056751
1.907381476295259,PASSED,-0.28892030589864787,0.005581151450617512,0.31808998046474907,2.7792676587783554,-0.03015057935741083,-1.7181041947657072
1.908381676335267,PASSED,-0.2889145674423814,0.005896647382280611,0.3137665657953328,2.779236658568012,-0.03185463965853102,-1.6946977053565053
1.909381876375275,PASSED,-0.28890851568332737,0.006207773037103011,0.30936504750711097,2.779203966171158,-0.03353503924143407,-1.6708675012674195
1.910382076415283,PASSED,-0.2889021550302116,0.006514451209916395,0.30488692301756487,2.779169605457045,-0.03519135934546303,-1.6466218392033125
1.911382276455291,PASSED,-0.2888954899682087,0.006816606204744796,0.30033370936895837,2.779133600709543,-0.0368231894881596,-1.621969011692074
1.912382476495299,PASSED,-0.28888852505742324,0.007114163853589177,0.2957069418279968,2.7790959766187777,-0.03843012759961145,-1.5969175112916993
1.913382676535307,PASSED,-0.2888812649313526,0.007407051535029903,0.29100817451587846,2.7790567582726715,-0.04001178014312566,-1.5714758983292254
1.914382876575315,PASSED,-0.2888737142953324,0.007695198190985311,0.28623897691509514,2.7790159711483846,-0.041567762169180206,-1.5456527778714297
1.915383076615323,PASSED,-0.2888658779249631,0.007978534345333492,0.2814009393035706,2.7789736411036814,-0.04309769739895449,-1.5194568643761912
1.916383276655331,PASSED,-0.2888577606645217,0.008256992119067202,0.2764956633538026,2.7789297943681777,-0.044601218371466585,-1.492897044602689
1.917383476695339,PASSED,-0.2888493674253547,0.008530505247520862,0.2715247718535641,2.778884457534519,-0.0460779664946735,-1.4659821756097358
1.918383676735347,PASSED,-0.2888407031842577,0.008799009095556384,0.2664898988234938,2.7788376575494556,-0.04752759211927955,-1.4387212572702663
1.919383876775355,PASSED,-0.2888317729818375,0.009062440671740918,0.2613926944252275,2.778789421704866,-0.04894975463136471,-1.4111233486284218
1.920384076815363,PASSED,-0.28882258192086097,0.009320738644613922,0.2562348251715218,2.778739777628662,-0.05034412254811499,-1.3831976288315189
1.921384276855371,PASSED,-0.2888131351645888,0.00957384335543489,0.2510179679205999,2.778688753275654,-0.0517103735618187,-1.3549532702851637
1.922384476895379,PASSED,-0.2888034379350961,0.009821696831454839,0.24574381475284937,2.7786363769183184,-0.05304819461690423,-1.3263995782857674
1.923384676935387,PASSED,-0.2887934955115794,0.010064242799601586,0.2404140704093463,2.7785826771375057,-0.05435728200638626,-1.2975459302795274
1.924384876975395,PASSED,-0.28878331322865175,0.01030142669785338,0.2350304501467582,2.7785276828130883,-0.055637341396479856,-1.2684016966363187
1.925385077015403,PASSED,-0.288772896474625,0.010533195687861594,0.22959468324918597,2.7784714231145315,-0.056888087905070134,-1.2389763832262595
1.926385277055411,PASSED,-0.288762250689781,0.010759498666082265,0.22410850820165765,2.7784139274914126,-0.05810924618412589,-1.2092795429420917
1.927385477095419,PASSED,-0.28875138136463196,0.010980286273240047,0.21857367312853307,2.778355225663886,-0.059300550429223074,-1.1793207132005694
1.928385677135427,PASSED,-0.28874029403817053,0.011195510905359658,0.2129919381136632,2.7782953476130823,-0.06046174446144,-1.149109578227828
1.929385877175435,PASSED,-0.2887289942961095,0.011405126724188138,0.2073650726383576,2.7782343235714717,-0.061592581781042,-1.1186558138514509
1.930386077215443,PASSED,-0.2887174877691129,0.011609089664237751,0.20169485165711554,2.7781721840131786,-0.06269282557728798,-1.0879691178423183
1.931386277255451,PASSED,-0.28870578013101816,0.011807357442045054,0.19598306190742804,2.778108959644236,-0.06376224881688333,-1.0570593207640517
1.932386477295459,PASSED,-0.28869387709705013,0.011999889564904059,0.19023149682672189,2.778044681392816,-0.06480063426347925,-1.0259361971504877
1.933386677335467,PASSED,-0.28868178442202747,0.012186647336537387,0.18444195483773337,2.7779793803994153,-0.06580777449403448,-0.9946095861584043
1.934386877375475,PASSED,-0.2886695078985622,0.01236759386477026,0.17861624382963426,2.777913088007017,-0.06678347194734635,-0.9630893647474947
1.935387077415483,PASSED,-0.288657053355253,0.012542694067716964,0.17275617569141474,2.777845835751196,-0.06772753898901626,-0.9313854929515213
1.936387277455491,PASSED,-0.2886444266548719,0.01271191467898632,0.16686356832131696,2.777777655350227,-0.06863979787332325,-0.8995078118773013
1.937387477495499,PASSED,-0.2886316336925465,0.012875224253041606,0.1609402445445987,2.777708578695145,-0.06952008079441081,-0.867466327227716
1.9383876775355071,PASSED,-0.28861868039393707,0.013032593169635075,0.15498803129271274,2.7776386378397957,-0.07036822994174532,-0.835271027405716
1.9393878775755151,PASSED,-0.2886055727134093,0.013183993636894044,0.14900875790313897,2.777567864990861,-0.07118409745943771,-0.8029318445501575
1.9403880776155231,PASSED,-0.28859231663220386,0.013329399696058428,0.1430042600052119,2.777496292497872,-0.07196754548892201,-0.770458819440393
1.9413882776555311,PASSED,-0.2885789181566022,0.013468787223967148,0.1369763731777217,2.7774239528432147,-0.07271844618421482,-0.7378619458610784
1.9423884776955391,PASSED,-0.28856538331609083,0.013602133933803192,0.13092693427492183,2.7773508786321095,-0.07343668171710391,-0.7051512575744425
1.9433886777355471,PASSED,-0.2885517181615226,0.013729419378355206,0.1248577847367448,2.7772771025826093,-0.07412214426078594,-0.6723367344204272
1.9443888777755551,PASSED,-0.28853792876327744,0.01385062495109658,0.11877076474446242,2.777202657515573,-0.07477473601359377,-0.6394284317327859
1.9453890778155631,PASSED,-0.2885240212094215,0.013965733886017762,0.11266771503899373,2.77712757634465,-0.07539436920612862,-0.6064363664028914
1.9463892778555711,PASSED,-0.28851000160386686,0.014074731257357705,0.10655047554057863,2.777051892066257,-0.07598096607573755,-0.5733705384129629
1.9473894778955791,PASSED,-0.2884958760645305,0.014177603980732756,0.10042088859803379,2.7769756377495947,-0.07653445882675622,-0.5402408927558073
1.9483896779355871,PASSED,-0.2884816507214948,0.01427434081062263,0.0942807907511018,2.776898846526613,-0.07705478972004372,-0.5070575603086509
1.9493898779755952,PASSED,-0.28846733171516964,0.014364932337994836,0.08813201845294323,2.7768215515820454,-0.07754191098293743,-0.4738303979504267
1.9503900780156032,PASSED,-0.28845292519445503,0.014449370991090685,0.08197640952445351,2.776743786143437,-0.07799578474915858,-0.4405693450682919
1.9513902780556112,PASSED,-0.28843843731490804,0.014527651029582775,0.07581579113718186,2.7766655834711806,-0.07841638316548288,-0.40728446382830763
1.9523904780956192,PASSED,-0.288423874236911,0.014599768542751605,0.06965199452326068,2.7765869768485874,-0.07880368829432445,-0.37398557218373835
1.9533906781356272,PASSED,-0.28840924212384456,0.014665721446208571,0.0634868427461019,2.7765079995719777,-0.07915769204665808,-0.3406825391002322
1.9543908781756352,PASSED,-0.28839454714026375,0.014725509476453309,0.05732215524382716,2.7764286849408024,-0.07947839623903367,-0.3073852945591639
1.9553910782156432,PASSED,-0.2883797954500795,0.01477913418601073,0.051159745766484244,2.776349066247785,-0.07976581253557387,-0.2741036311942376
1.9563912782556512,PASSED,-0.2883649932147444,0.014826598939732613,0.045001425692147067,2.776269176769099,-0.08001996238095652,-0.24084732150823698
1.9573914782956592,PASSED,-0.28835014659144487,0.01486790890742228,0.03884899568801476,2.776189049754592,-0.08024087697950952,-0.20762611658284463
1.9583916783356672,PASSED,-0.28833526173129886,0.014903071056968533,0.03270425211841247,2.776108718418035,-0.08042859728656837,-0.17444976737620912
1.9593918783756752,PASSED,-0.2883203447775609,0.014932094148790905,0.026568984958346264,2.776028215927417,-0.08058317393327623,-0.14132789959563521
1.9603920784156832,PASSED,-0.28830540186383324,0.014954988728335412,0.020444975935278432,2.7759475753952785,-0.08070466718340183,-0.1082701504789055
1.9613922784556912,PASSED,-0.28829043911228597,0.014971767116836959,0.014333996879059356,2.7758668298691056,-0.08079314689519254,-0.07528608599858605
1.9623924784956992,PASSED,-0.28827546263188414,0.014982443404244225,0.00823781442607025,2.7757860123217513,-0.0808486924834241,-0.042385256386894894
1.9633926785357072,PASSED,-0.28826047851662456,0.014987033439462207,0.00215818241259033,2.7757051556419423,-0.08087139281716377,-0.009577051974840338
1.9643928785757152,PASSED,-0.2882454928437809,0.01498555482129718,-0.003903151883440895,2.7756242926247925,-0.08086134622743825,0.02312901752576313
1.9653930786157232,PASSED,-0.28823051167215935,0.014978026888613915,-0.009944453216479056,2.7755434559624192,-0.08081866042243248,0.055723663325792094
1.9663932786557312,PASSED,-0.28821554104036323,0.014964470709824394,-0.015963995838217906,2.7754626782345935,-0.08074345238845071,0.08819761441910239
1.9673934786957392,PASSED,-0.2882005869650697,0.014944909071703434,-0.021960066309456183,2.7753819918994616,-0.08063584838940314,0.12054158879987086
1.9683936787357472,PASSED,-0.28818565543931646,0.014919366468237634,-0.02793096157003024,2.7753014292843186,-0.08049598389044013,0.15274643907178015
1.9693938787757552,PASSED,-0.28817075243080037,0.01488786908970909,-0.03387498983422017,2.77522102257648,-0.08032400341529082,0.18480316586768572
1.9703940788157632,PASSED,-0.28815588388018837,0.014850444808841458,-0.039790474889907966,2.7751408038141743,-0.08012006058209965,0.21670261140680672
1.9713942788557712,PASSED,-0.28814105569944043,0.014807123168512215,-0.045675750622133214,2.775060804877563,-0.07988431797296523,0.24843594095283902
1.9723944788957792,PASSED,-0.2881262737701459,0.014757935370148377,-0.051529163524976544,2.7749810574797817,-0.07961694704438942,0.2799942536577972
1.9733946789357872,PASSED,-0.288111543941873,0.014702914258005387,-0.05734907788833251,2.774901593158105,-0.07931812808334944,0.31136876596142005
1.9743948789757952,PASSED,-0.28809687203053247,0.01464209430522045,-0.06313386938267636,2.77482244326516,-0.0789880501170204,0.34255076657413347
1.9753950790158032,PASSED,-0.28808226381675506,0.014575511601371596,-0.06888192682630567,2.7747436389602163,-0.07862691084388315,0.37353161084598413
1.9763952790558112,PASSED,-0.2880677250442841,0.014503203835597802,-0.07459165840544978,2.7746652112006034,-0.07823491648636441,0.4043028553005854
1.9773954790958193,PASSED,-0.288053261418383,0.014425210280989307,-0.08026148541052562,2.7745871907331483,-0.07781228179974405,0.434855907500205
1.9783956791358273,PASSED,-0.28803887860425886,0.014341571780669318,-0.08588984359296441,2.774509608085768,-0.07735922991849888,0.46518253040847735
1.9793958791758353,PASSED,-0.28802458222550115,0.014252330730341784,-0.09147518815058145,2.774432493559097,-0.0768759922590946,0.49527441206815065
1.9803960792158433,PASSED,-0.28801037786253775,0.014157531060910576,-0.09701599028495797,2.7743558772182384,-0.07636280848956346,0.5251233411731164
1.9813962792558513,PASSED,-0.28799627105110714,0.01405721822317764,-0.10251073603159237,2.774279788884601,-0.07581992636848744,0.5547213076779365
1.9823964792958593,PASSED,-0.287982267280748,0.013951439170115895,-0.10795793108184411,2.774204258127837,-0.07524760165631665,0.5840603151660214
1.9833966793358673,PASSED,-0.2879683719933066,0.013840242337357103,-0.11335610054342529,2.774129314257857,-0.0746460980840536,0.6131324103277351
1.9843968793758753,PASSED,-0.2879545905814619,0.013723677627005366,-0.11870378355727974,2.774054986316979,-0.07401568716224197,0.6419299294675653
1.9853970794158833,PASSED,-0.28794092838726904,0.013601796388973311,-0.12399954101523718,2.773981303072152,-0.07335664810975402,0.670445134501532
1.9863972794558913,PASSED,-0.28792739070072176,0.013474651400224457,-0.12924195390460042,2.7739082930072874,-0.0726692678029844,0.6986704216150273
1.9873974794958993,PASSED,-0.2879139827583336,0.01334229684745399,-0.13442961868104297,2.7738359843157188,-0.07195384057638025,0.7265984299302439
1.9883976795359073,PASSED,-0.2879007097417388,0.013204788307031987,-0.13956115491597723,2.7737644048927317,-0.0712106681722727,0.7542217202257585
1.9893978795759153,PASSED,-0.287887576776313,0.013062182724105876,-0.14463520159953006,2.773693582328237,-0.0704400596432814,0.7815330681683348
1.9903980796159233,PASSED,-0.2878745889298141,0.01291453839295384,-0.14965041752037447,2.7736235438995354,-0.06964233118510811,0.8085253848432582
1.9913982796559313,PASSED,-0.287861751211043,0.012761914937221563,-0.15460548120687428,2.773554316564194,-0.06881780607211843,0.8351915984206366
1.992398479695939,PASSED,-0.2878490685685264,0.012604373287097966,-0.15949909606807872,2.773485926953057,-0.06796681452026311,0.8615248541451281
1.993398679735947,PASSED,-0.2878365458892192,0.012441975659080581,-0.16432998265025703,2.7734184013633434,-0.06708969357158814,0.8875183450282057
1.994398879775955,PASSED,-0.28782418799722975,0.012274785534847244,-0.16909688528872513,2.7733517657518876,-0.06618678698770925,0.9131654097793594
1.995399079815963,PASSED,-0.28781199965256604,0.012102867638127858,-0.17379857100649493,2.7732860457284763,-0.06525844512372307,0.9384595001240439
1.996399279855971,PASSED,-0.28779998554990416,0.011926287913198176,-0.1784338275451402,2.7732212665493288,-0.064305024789332,0.963394223902411
1.997399479895979,PASSED,-0.2877881503173789,0.011745113503020902,-0.18300146526536298,2.773157453110682,-0.06332688915301145,0.9879632445993314
1.998399679935987,PASSED,-0.28777649851539777,0.011559412724621928,-0.18750032048804824,2.773094629942505,-0.06232440761696012,1.0121603970193274
1.999399879975995,PASSED,-0.2877650346354764,0.011369255048048853,-0.19192924729642705,2.7730328212023347,-0.06129795567061174,1.0359796459010875
2.000400080016003,PASSED,-0.2877537630990993,0.011174711071931704,-0.1962871286642998,2.7729720506692437,-0.0602479147723473,1.0594150665066773
2.001400280056011,PASSED,-0.28774268825660176,0.010975852499625132,-0.200572868068085,2.7729123417379267,-0.05917467224425876,1.0824608358097916
2.002400480096019,PASSED,-0.2877318143860774,0.010772752116651175,-0.204785392911207,2.772853717412924,-0.05807862111166079,1.10511133045675
2.003400680136027,PASSED,-0.28772114569230833,0.010565483765585052,-0.2089236565027326,2.7727962003029667,-0.05696015998450892,1.127360991615269
2.004400880176035,PASSED,-0.2877106863057201,0.010354122321588829,-0.21298663565854878,2.772739812615459,-0.05581969293415966,1.1492044228385956
2.005401080216043,PASSED,-0.2877004402813615,0.010138743668308673,-0.21697333169456112,2.772684576151083,-0.05465762936106466,1.1706363399326112
2.006401280256051,PASSED,-0.2876904115979077,0.009919424673969151,-0.22088276943616234,2.7726305122985524,-0.05347438383738107,1.1916516461842404
2.007401480296059,PASSED,-0.2876806041566899,0.009696243164483738,-0.22471400285158166,2.772577642029487,-0.05227037599445881,1.2122453074142787
2.008401680336067,PASSED,-0.2876710217807488,0.009469277899017003,-0.2284661072101678,2.7725259858934064,-0.051046030423233205,1.2324124137664891
2.009401880376075,PASSED,-0.2876616682139142,0.009238608545888306,-0.23213818374105016,2.772475564012919,-0.049801776426478844,1.252148385412937
2.010402080416083,PASSED,-0.2876525471199092,0.00900431565551737,-0.2357293614575251,2.772426396078959,-0.048538048005956146,1.271448443929202
2.011402280456091,PASSED,-0.28764366208148123,0.008766480634131105,-0.23923879467209122,2.7723785013462487,-0.04725528367481701,1.290308255945749
2.012402480496099,PASSED,-0.287635016599558,0.00852518571986994,-0.24266566065388076,2.772331898628831,-0.045953926282129895,1.3087234838480253
2.013402680536107,PASSED,-0.2876266140924298,0.008280513955360232,-0.24600916708026152,2.772286606295789,-0.04463442292445139,1.326689940232166
2.014402880576115,PASSED,-0.2876184578949581,0.008032549160770841,-0.24926854626214537,2.7722426422670754,-0.04329722479950674,1.3442035814196305
2.015403080616123,PASSED,-0.2876105512578103,0.007781375909100172,-0.252443055276351,2.7722000240094955,-0.04194278703792045,1.3612605483640634
2.016403280656131,PASSED,-0.2876028973467213,0.007527079498575691,-0.25553198068989996,2.772158768532824,-0.04057156858762527,1.3778570515825828
2.017403480696139,PASSED,-0.28759549924178096,0.007269745925994972,-0.25853463384126496,2.7721188923860764,-0.039184032061046065,1.3939895099102935
2.018403680736147,PASSED,-0.2875883599367496,0.0070094618594486935,-0.261450355016287,2.7720804116539157,-0.03778064357642497,1.409654467761625
2.019403880776155,PASSED,-0.287581482338399,0.006746314613028269,-0.26427850735651476,2.7720433419531934,-0.036361872656858515,1.4248485541030145
2.020404080816163,PASSED,-0.2875748692658815,0.006480392117832152,-0.2670184870891862,2.7720076984296487,-0.034928192050581786,1.4395686410592048
2.021404280856171,PASSED,-0.2875685234501255,0.00621178289539357,-0.269669712671513,2.7719734957547377,-0.03348007759237616,1.4538116696365797
2.022404480896179,PASSED,-0.2875624475332589,0.005940576031296165,-0.2722316317146663,2.7719407481226286,-0.032018008061987145,1.4675747708906408
2.023404680936187,PASSED,-0.28755664406805864,0.005666861147042112,-0.2747037192803111,2.7719094692473134,-0.030542465050410323,1.4808551720342764
2.024404880976195,PASSED,-0.28755111551742957,0.00539072837184649,-0.2770854791391624,2.7718796723598893,-0.02905393280010238,1.4936503024903858
2.025405081016203,PASSED,-0.28754586425390843,0.0051122683170589595,-0.27937643855310945,2.7718513702059666,-0.027552898061418897,1.5059576961455472
2.026405281056211,PASSED,-0.2875408925591978,0.004831572046828893,-0.28157615801470515,2.771824575043242,-0.02603984994736939,1.517775059318808
2.027405481096219,PASSED,-0.2875362026237255,0.00454873105072436,-0.28368422149775185,2.771799298639189,-0.024515279810528787,1.5291001885217994
2.028405681136227,PASSED,-0.28753179654623323,0.00426383721775813,-0.2857002406118825,2.771775552268944,-0.02297968103200357,1.539931171860823
2.029405881176235,PASSED,-0.2875276763333922,0.003976982806077362,-0.28762385906002413,2.771753346713271,-0.021433548956636683,1.5502660110375945
2.030406081216243,PASSED,-0.28752384389944663,0.0036882604164024,-0.2894547434182545,2.771732692256738,-0.01987738070738207,1.5601030747326243
2.0314062812562512,PASSED,-0.2875203010658848,0.0033977629656081355,-0.2911925890449377,2.7717135986859924,-0.01831167501232407,1.5694407752749113
2.0324064812962592,PASSED,-0.28751704956113855,0.0031055836563628116,-0.2928371227122482,2.7716960752882214,-0.016736932094743005,1.5782776791184934
2.0334066813362672,PASSED,-0.28751409102030995,0.002811815950135833,-0.29438809523679965,2.771680130849713,-0.015153653550229396,1.5866124547770153
2.0344068813762752,PASSED,-0.28751142698492604,0.0025165535413984,-0.29584528440452146,2.7716657736546213,-0.013562342117771372,1.594444084245363
2.0354070814162832,PASSED,-0.28750905890272166,0.0022198903268666843,-0.29720850128317833,2.77165301148382,-0.011963501600263408,1.6017714730163655
2.0364072814562912,PASSED,-0.2875069881274492,0.0019219203789908046,-0.2984775789376808,2.771641851613945,-0.010357636728325806,1.608593804551759
2.0374074814962992,PASSED,-0.2875052159187176,0.0016227379186317043,-0.2996523813067133,2.7716323008165684,-0.008745252937154094,1.614910448918347
2.0384076815363072,PASSED,-0.28750374344185764,0.001322437286864245,-0.3007327987412901,2.771624365357508,-0.007126856298194172,1.6207207656543052
2.0394078815763153,PASSED,-0.287502571767816,0.0010211129166846984,-0.3017187511383841,2.7716180509963073,-0.00550295334970039,1.6260244037201002
2.0404080816163233,PASSED,-0.28750170187307666,0.0007188593057973783,-0.3026101840532776,2.7716133629858333,-0.0038740509221841476,1.6308211100470036
2.0414082816563313,PASSED,-0.28750113463960975,0.0004157709898530601,-0.3034070705383452,2.771610306072038,-0.0022406560401913357,1.6351107299566845
2.0424084816963393,PASSED,-0.28750087085484827,0.00011194251335711961,-0.3041094138010041,2.7716088844938715,-0.0006032757317427445,1.6388933607765288
2.0434086817363473,PASSED,-0.2875009112116926,-0.00019253159721400578,-0.30471724175120635,2.7716091019833025,0.0010375830677345698,1.642169091944505
2.0444088817763553,PASSED,-0.2875012563085419,-0.0004975568606048226,-0.3052306111505571,2.7716109617655404,0.0026814137115024903,1.6449383449835306
2.0454090818163633,PASSED,-0.28750190664935327,-0.0008030388682924718,-0.30564960537904406,2.7716144665593463,0.0043277099519663225,1.6472015041173653
2.0464092818563713,PASSED,-0.2875028626437281,-0.0011088833116784326,-0.3059743353905719,2.771619618577521,0.005975966070255525,1.6489591944037594
2.0474094818963793,PASSED,-0.28750412460702596,-0.001414996010015771,-0.3062049403018495,2.7716264195275264,0.00762567707202843,1.6502122066856697
2.0484096819363873,PASSED,-0.2875056927605051,-0.0017212829363348692,-0.3063415836639306,2.7716348706122464,0.009276338786276251,1.6509613859559225
2.0494098819763953,PASSED,-0.2875075672314902,-0.002027650244565425,-0.30638445794163965,2.7716449725308943,0.010927448000748675,1.6512077668167546
2.0504100820164033,PASSED,-0.2875097480535672,-0.0023340042978879645,-0.3063337835764729,2.7716567254800593,0.012578502645603881,1.6509525635475095
2.0514102820564113,PASSED,-0.287512235166805,-0.00264025169356525,-0.3061898037444942,2.7716701291548898,0.014229001896396878,1.650197042289991
2.0524104820964193,PASSED,-0.2875150284180029,-0.00294629928974664,-0.30595279113932067,2.771685182750424,0.01587844631736396,1.6489426734184736
2.0534106821364273,PASSED,-0.2875181275609659,-0.0032520542338631384,-0.3056230461012831,2.771701884963056,0.017526338026575723,1.647191066407296
2.0544108821764353,PASSED,-0.28752153225680555,-0.0035574239871907463,-0.3052008914784914,2.771720233992145,0.019172180813838736,1.6449439345001535
2.0554110822164433,PASSED,-0.2875252420742671,-0.003862316349964958,-0.3046866769713576,2.771740227541741,0.02081548024859231,1.6422031015891931
2.0564112822564513,PASSED,-0.2875292564900831,-0.004166639490340437,-0.3040807826448929,2.7717618628224825,0.02245574388468632,1.6389706590972264
2.0574114822964593,PASSED,-0.2875335748893522,-0.004470301968554742,-0.3033836085939127,2.771785136553608,0.024092481367500102,1.6352486986248207
2.0584116823364673,PASSED,-0.2875381965659449,-0.004773212762042146,-0.3025955834163989,2.771810044965097,0.02572520450844477,1.6310394358245623
2.0594118823764753,PASSED,-0.28754312072293353,-0.0050752812918901866,-0.30171716080246713,2.771836583799967,0.027353427512270136,1.6263453824925669
2.0604120824164833,PASSED,-0.2875483464730485,-0.005376417448039374,-0.30074881971366746,2.771864748316676,0.02897666706480976,1.6211689992376594
2.0614122824564913,PASSED,-0.2875538728391595,-0.00567653161406657,-0.299691063569546,2.771894533291696,0.030594442457515202,1.6155129883506314
2.0624124824964993,PASSED,-0.2875596987547816,-0.005975534691998795,-0.298544420840678,2.771925933022171,0.032206275729122956,1.6093801271125048
2.0634126825365073,PASSED,-0.2875658230646063,-0.006273338127426771,-0.29730944515284163,2.77195894132874,0.0338116917961748,1.6027733603447345
2.0644128825765153,PASSED,-0.2875722445250573,-0.006569853934382638,-0.2959867148245497,2.7719935515584884,0.035410218605634945,1.5956957755370964
2.0654130826165233,PASSED,-0.28757896180487025,-0.0068649947179259705,-0.29457682935585483,2.7720297565879912,0.03700138719005526,1.5881504570091307
2.0664132826565313,PASSED,-0.28758597348569687,-0.007158673699798192,-0.2930804168831331,2.7720675488265365,0.03858473187274556,1.5801408331444151
2.0674134826965394,PASSED,-0.2875932780627334,-0.007450804742580978,-0.2914981267158865,2.772106920219441,0.040159790393471145,1.5716703124463631
2.0684136827365474,PASSED,-0.28760087394537187,-0.007741302371257883,-0.289830629984252,2.7721478622514826,0.04172610392324184,1.5627423413202393
2.0694138827765554,PASSED,-0.28760875945787595,-0.008030081797997758,-0.2880786245769557,2.772190365950491,0.04328321731720175,1.5533607623863548
2.0704140828165634,PASSED,-0.2876169328400788,-0.008317058945550522,-0.28624282953663516,2.7722344218910284,0.04483067920581714,1.543529306101412
2.0714142828565714,PASSED,-0.28762539224810485,-0.00860215046937329,-0.2843239866801871,2.7722800201982105,0.046368042037236074,1.5332518482972848
2.0724144828965794,PASSED,-0.287634135755114,-0.008885273779903611,-0.2823228597637426,2.772327150551636,0.04789486227892552,1.5225325039508926
2.0734146829365874,PASSED,-0.28764316135206786,-0.00916634706558465,-0.28024023629257266,2.7723758021894462,0.04941070054092713,1.5113754340354262
2.0744148829765954,PASSED,-0.2876524669485188,-0.00944528931509308,-0.2780769249856661,2.7724259639124775,0.05091512160010303,1.499784809269557
2.0754150830166034,PASSED,-0.2876620503734207,-0.00972202033841627,-0.27583375554820705,2.7724776240885776,0.05240769462592468,1.4877651701897063
2.0764152830566114,PASSED,-0.2876719093759606,-0.00999646078769042,-0.2735115784247807,2.7725307706569673,0.05388799323093343,1.4753208948881107
2.0774154830966194,PASSED,-0.28768204162641325,-0.01026853218086144,-0.271111269668514,2.7725853911327816,0.05535559557123528,1.462456637244351
2.0784156831366274,PASSED,-0.28769244471701494,-0.010538156920429457,-0.26863371950101506,2.7726414726116815,0.05681008452207154,1.449177159897542
2.0794158831766354,PASSED,-0.2877031161628594,-0.010805258313386861,-0.26607984192833145,2.77269900177459,0.05825104772867746,1.4354872377448293
2.0804160832166434,PASSED,-0.28771405340281336,-0.011069760594574478,-0.26345057402714067,2.7727579648925316,0.05967807771511147,1.4213918188934627
2.0814162832566514,PASSED,-0.2877252538004528,-0.011331588944214457,-0.26074686671520386,2.7728183478315818,0.06109077203169745,1.4068959817143265
2.0824164832966594,PASSED,-0.28773671464501854,-0.011590669507629667,-0.2579696945485474,2.7728801360579283,0.06248873334059233,1.3920048603485897
2.0834166833366674,PASSED,-0.2877484331523919,-0.011846929415980086,-0.2551200508850009,2.7729433146430154,0.06387156947908805,1.3767236572604689
2.0844168833766754,PASSED,-0.28776040646608864,-0.012100296804008188,-0.2521989461235032,2.773007868268817,0.06523889362455339,1.3610578042685566
2.0854170834166834,PASSED,-0.2877726316582731,-0.01235070082953971,-0.24920741180353642,2.773073781233193,0.06659032437188488,1.3450127093734354
2.0864172834566914,PASSED,-0.2877851057307895,-0.012598071691187363,-0.24614649487706364,2.7731410374553382,0.06792548578007263,1.3285938740639478
2.0874174834966994,PASSED,-0.28779782561621253,-0.012842340647258536,-0.24301726353391073,2.773209620481355,0.0692440075545513,1.311807041421845
2.0884176835367074,PASSED,-0.28781078817891487,-0.013083440032520564,-0.2398207997474401,2.773279513489895,0.07054552510235132,1.2946578853854804
2.0894178835767154,PASSED,-0.2878239902161531,-0.013321303275753487,-0.2365582055565788,2.7733506992979065,0.07182967958299287,1.277152210812272
2.0904180836167234,PASSED,-0.28783742845917026,-0.013555864917814386,-0.23323059973044688,2.773423160366468,0.07309611806439999,1.2592959951370044
2.0914182836567314,PASSED,-0.2878510995743152,-0.013787060626539314,-0.22983911472124843,2.773496878806721,0.07434449359867423,1.2410952270324007
2.0924184836967394,PASSED,-0.28786500016417843,-0.014014827213564004,-0.22638490189365076,2.7735718363858872,0.07557446527951865,1.222555983385775
2.0934186837367474,PASSED,-0.28787912676874466,-0.014239102652230676,-0.2228691298486886,2.773648014533365,0.07678569834046878,1.2036844459930343
2.0944188837767554,PASSED,-0.2878934758665599,-0.014459826089735167,-0.21929297594169403,2.773725394346913,0.07797786425457227,1.184486892843789
2.0954190838167635,PASSED,-0.28790804387591507,-0.01467693786445096,-0.2156576405651936,2.7738039565989303,0.07915064081160919,1.1649696664990046
2.0964192838567715,PASSED,-0.2879228271560437,-0.014890379520893563,-0.2119643336942104,2.7738836817428,0.08030371217963364,1.145139169041406
2.0974194838967795,PASSED,-0.28793782200833534,-0.015100093823065826,-0.2082142811576308,2.77396454991932,0.08143676899760917,1.1250019172649421
2.0984196839367875,PASSED,-0.2879530246775615,-0.015306024768893324,-0.20440872227407736,2.77404654096321,0.08254950845556254,1.1045644850789957
2.0994198839767955,PASSED,-0.28796843135311745,-0.015508117604288161,-0.20054891080867912,2.7741296344096913,0.08364163435667467,1.0838335118008855
2.1004200840168035,PASSED,-0.2879840381702758,-0.015706318836063504,-0.1966361124197854,2.774213809501147,0.0847128571995694,1.0628157302906445
2.1014202840568115,PASSED,-0.28799984121145417,-0.015900576244478045,-0.19267160574438327,2.774299045193839,0.08576289423735399,1.0415179094472058
2.1024204840968195,PASSED,-0.2880158365074951,-0.016090838896617686,-0.18865668306980912,2.774385320164718,0.08679146956839431,1.0199469454357333
2.1034206841368275,PASSED,-0.2880320200389587,-0.01627705715792783,-0.1845926468037043,2.7744726128182715,0.08779831417235956,0.9981097096515846
2.1044208841768355,PASSED,-0.28804838773742614,-0.016459182703206815,-0.1804808109291732,2.7745609012934547,0.08878316597778663,0.9760132026107212
2.1054210842168435,PASSED,-0.28806493548681594,-0.016637168529511522,-0.176322503221732,2.774650163470694,0.08974576997885708,0.95366453337693
2.1064212842568515,PASSED,-0.2880816591247107,-0.01681096896603914,-0.17211905873153913,2.774740376978921,0.09068587821141506,0.9310706986787008
2.1074214842968595,PASSED,-0.28809855444369403,-0.016980539683768402,-0.1678718237277452,2.7748315192027,0.091603249856699,0.908238943020756
2.1084216843368675,PASSED,-0.288115617192699,-0.01714583770778742,-0.16358215754653005,2.7749235672893846,0.0924976513177763,0.8851764731149814
2.1094218843768755,PASSED,-0.2881328430783653,-0.01730682142517905,-0.1592514239550354,2.7750164981563437,0.09336885622039869,0.8618905222939746
2.1104220844168835,PASSED,-0.2881502277664061,-0.017463450593697024,-0.15488099822659443,2.775110288498242,0.09421664550134562,0.8383884533822274
2.1114222844568915,PASSED,-0.28816776688298446,-0.017615686352952072,-0.15047226660734947,2.7752049147943607,0.09504080745691156,0.8146776236884047
2.1124224844968995,PASSED,-0.2881854560160977,-0.017763491231234448,-0.1460266193990567,2.775300353315984,0.09584113778275781,0.7907654606181477
2.1134226845369075,PASSED,-0.2882032907169705,-0.017906829152814725,-0.14154545636775928,2.775396580133791,0.09661743958170568,0.7666593578343699
2.1144228845769155,PASSED,-0.28822126650145535,-0.018045665447249705,-0.13703018647979368,2.775493571125363,0.09736952350339731,0.742366964263148
2.1154230846169235,PASSED,-0.28823937885144035,-0.01817996685536575,-0.13248222254021227,2.7755913019826526,0.09809720769111306,0.7178956700175012
2.1164232846569315,PASSED,-0.2882576232162645,-0.018309701536424562,-0.12790298673788464,2.7756897482195577,0.09880031783912992,0.6932531333497532
2.1174234846969395,PASSED,-0.2882759950141389,-0.018434839074104262,-0.12329390497424524,2.775788885179493,0.09947868729052799,0.6684469967636018
2.1184236847369475,PASSED,-0.28829448963357396,-0.018555350482347917,-0.11865641042326085,2.775888688043004,0.10013215697878815,0.6434848159245288
2.1194238847769555,PASSED,-0.2883131024348128,-0.018671208211485425,-0.11399194161367374,2.7759891318354435,0.1007605755379207,0.6183743879378834
2.1204240848169635,PASSED,-0.2883318287512696,-0.018782386152427534,-0.10930194049440031,2.77609019143463,0.10136379929929544,0.5931233436659752
2.1214242848569715,PASSED,-0.2883506638909724,-0.01888885964091593,-0.10458785381772397,2.7761918415785725,0.1019416922892134,0.5677394207526153
2.1224244848969795,PASSED,-0.2883696031380109,-0.018990605463369337,-0.09985113487719736,2.776294056873218,0.10249412633812552,0.5422304676851237
2.1234246849369875,PASSED,-0.28838864175398754,-0.019087601859214823,-0.09509323649101528,2.7763968118001934,0.10302098100968962,0.5166041408167517
2.1244248849769956,PASSED,-0.28840777497947256,-0.01917982852317457,-0.09031561560556631,2.776500080724606,0.10352214365951129,0.4908683224916382
2.1254250850170036,PASSED,-0.28842699803546185,-0.019267266610842465,-0.08551973570944642,2.77660383790286,0.10399750952173234,0.4650308887073289
2.1264252850570116,PASSED,-0.2884463061248375,-0.01934989873967167,-0.08070705757571171,2.7767080574904406,0.10444698157420276,0.439099494979133
2.1274254850970196,PASSED,-0.28846569443383074,-0.01942770898939271,-0.075879044484596,2.776812713549802,0.10487047069292159,0.4130822012119756
2.1284256851370276,PASSED,-0.288485158133486,-0.019500682906421055,-0.07103716539084465,2.7769177800581692,0.10526789561344659,0.38698673340035805
2.1294258851770356,PASSED,-0.28850469238112736,-0.01956880750375148,-0.06618288529013773,2.777023230915441,0.10563918290519379,0.3608209973117627
2.1304260852170436,PASSED,-0.2885242923218246,-0.01963207125981759,-0.06131766991675691,2.777129039952031,0.10598426703665527,0.3345928875612641
2.1314262852570516,PASSED,-0.28854395308986097,-0.01969046412218602,-0.05644299066955054,2.7772351809367493,0.10630309034047929,0.3083102479991872
2.1324264852970596,PASSED,-0.28856366981020026,-0.019743977505511448,-0.05156031176268036,2.777341627584695,0.10659560304485635,0.28198100862899084
2.1334266853370676,PASSED,-0.2885834375999534,-0.019792604289466605,-0.046671098750140486,2.7774483535651258,0.1068617632558491,0.2556130125685815
2.1344268853770756,PASSED,-0.28860325156984495,-0.019836338820735648,-0.04177681961497399,2.7775553325093347,0.10710153693480434,0.2292141232130301
2.1354270854170836,PASSED,-0.2886231068256772,-0.019875176909946626,-0.036878935608317814,2.7776625380185345,0.10731489794520997,0.20279226853400573
2.1364272854570916,PASSED,-0.28864299846979374,-0.019909115828807597,-0.03197890769607231,2.7777699436717307,0.10750182802729098,0.1763552911123175
2.1374274854970996,PASSED,-0.2886629216025402,-0.019938154309795047,-0.027078196515033896,2.777877523033572,0.10766231673693331,0.14991098866233468
2.1384276855371076,PASSED,-0.2886828713237227,-0.01996229254279811,-0.022178257328417786,2.7779852496622284,0.10779636152636983,0.12346732328595311
2.1394278855771156,PASSED,-0.28870284273406344,-0.0199815321703899,-0.01728054110069999,2.7780930971172046,0.10790396766490616,0.09703201536992159
2.1404280856171236,PASSED,-0.2887228309366522,-0.019995876285934654,-0.012386498507458533,2.778201038967191,0.10798514822190027,0.07061291807689564
2.1414282856571316,PASSED,-0.28874283103839515,-0.02000532942959564,-0.007497573763336356,2.7783090487978552,0.1080399240964013,0.04421784545048493
2.1424284856971396,PASSED,-0.2887628381514588,-0.020009897583063797,-0.0026152066047047968,2.7784171002196514,0.10806832397001143,0.017854559049897405
2.1434286857371476,PASSED,-0.288782847394709,-0.020009588164324556,0.002259168968539034,2.778525166875577,0.10807038425699608,-0.008469227725503245
2.1444288857771556,PASSED,-0.2888028538951454,-0.020004410023684475,0.007124121754444284,2.7786332224489234,0.10804614912136064,-0.034745740908732406
2.1454290858171636,PASSED,-0.2888228527893303,-0.019994373437916733,0.01197822844326771,2.778741240670999,0.1079956704477513,-0.060967295409749656
2.1464292858571716,PASSED,-0.2888428392248114,-0.01997949010259578,0.016820073239405032,2.778849195328823,0.10791900778457363,-0.08712624168962173
2.1474294858971796,PASSED,-0.2888628083615387,-0.019959773126987306,0.021648243854521684,2.778957060272777,0.10781622831079583,-0.11321496183658011
2.1484296859371876,PASSED,-0.2888827553732741,-0.01993523702775789,0.026461336146010473,2.77906480942425,0.10768740685333171,-0.13922578788248485
2.1494298859771956,PASSED,-0.2889026754489941,-0.019905897719354176,0.03125795657551783,2.779172416783229,0.10753262581515738,-0.16515120503556627
2.1504300860172036,PASSED,-0.2889225637942852,-0.01987177250813486,0.03603671431518,2.7792798564358487,0.10735197509365922,-0.1909837324732124
2.1514302860572116,PASSED,-0.2889424156327312,-0.019832880084612807,0.0407962296599713,2.7793871025619183,0.10714555211859354,-0.21671580346064706
2.1524304860972197,PASSED,-0.2889622262072923,-0.01978924051276599,0.045535133304715425,2.7794941294424094,0.1069134618169112,-0.24233996716347725
2.1534306861372277,PASSED,-0.288981990781675,-0.019740875222957283,0.050252060811363866,2.779600911466867,0.10665581644590508,-0.26784897356790144
2.1544308861772357,PASSED,-0.28900170464169384,-0.0196878070024588,0.054945660289900625,2.7797074231408168,0.10637273565712883,-0.2932353322484574
2.1554310862172437,PASSED,-0.28902136309662235,-0.019630059985003306,0.05961458889922057,2.7798136390931,0.10606434647402113,-0.31849175034718097
2.1564312862572517,PASSED,-0.2890409614805357,-0.01956765964125664,0.06425751364496254,2.77991953408317,0.10573078312772215,-0.3436110769335103
2.1574314862972597,PASSED,-0.28906049515364163,-0.019500632768298727,0.06887311249987917,2.7800250830083235,0.10537218705303927,-0.36858607318245445
2.1584316863372677,PASSED,-0.2890799595036016,-0.019429007478781422,0.07346007419558723,2.780130260910893,0.10498870689728705,-0.393409544132072
2.1594318863772757,PASSED,-0.28909934994684067,-0.019352813189526172,0.0780170992950254,2.7802350429853733,0.10458049837936967,-0.4180745004409134
2.1604320864172837,PASSED,-0.28911866192984614,-0.019272080610306882,0.08254289916879774,2.7803394045854866,0.1041477242278581,-0.4425739188920021
2.1614322864572917,PASSED,-0.28913789093045394,-0.019186841731610258,0.0870361983818406,2.7804433212312047,0.10369055420912253,-0.4669007519646291
2.1624324864972992,PASSED,-0.2891570324591241,-0.019097129813038995,0.09149573203088485,2.7805467686156904,0.10320916498882204,-0.49104819919103926
2.1634326865373072,PASSED,-0.28917608206020207,-0.019002979369373504,0.09592025142189968,2.7806497226121816,0.10270374004790206,-0.5150094354059728
2.1644328865773153,PASSED,-0.28919503531316865,-0.018904426158323676,0.10030851746844904,2.780752159280808,0.1021744696880715,-0.5387776427802933
2.1654330866173233,PASSED,-0.2892138878338763,-0.01880150716842273,0.10465930485594371,2.7808540548753484,0.10162155093767063,-0.5623461554812674
2.1664332866573313,PASSED,-0.2892326352757714,-0.018694260602572343,0.10897140651334761,2.780955385849898,0.10104518742446593,-0.5857084183536644
2.1674334866973393,PASSED,-0.2892512733311037,-0.018582725866236945,0.11324362288343805,2.7810561288654814,0.10044558936865493,-0.6088578141159079
2.1684336867373473,PASSED,-0.2892697977321205,-0.018466943553262623,0.1174747730349131,2.7811562607965934,0.09982297351751797,-0.6317878758176653
2.1694338867773553,PASSED,-0.28928820425224727,-0.01834695542859421,0.12166369242407768,2.7812557587376388,0.09917756298197104,-0.6544923086997514
2.1704340868173633,PASSED,-0.2893064887072527,-0.01822280441642647,0.1258092253301875,2.781354600009325,0.09850958723320619,-0.6769647088082652
2.1714342868573713,PASSED,-0.2893246469563988,-0.018094534583410253,0.12991023814023536,2.7814527621649607,0.09781928203746242,-0.6991988537007829
2.1724344868973793,PASSED,-0.2893426749035761,-0.017962191122395634,0.13396560959754603,2.7815502229966675,0.09710688928998432,-0.721188676662965
2.1734346869373873,PASSED,-0.289360568498422,-0.01782582033755655,0.13797423500010786,2.781646960541524,0.09637265699286648,-0.7429280440877475
2.1744348869773953,PASSED,-0.28937832373742384,-0.017685469628148737,0.14193502567962296,2.7817429530875994,0.0956168391665468,-0.7644110144742998
2.1754350870174033,PASSED,-0.2893959366650052,-0.01754118747103575,0.14584691140189782,2.7818381791799407,0.09483969575298389,-0.785631679621995
2.1764352870574113,PASSED,-0.28941340337459587,-0.01739302340488603,0.1497088359815996,2.7819326176264263,0.09404149250438214,-0.8065842945882636
2.1774354870974193,PASSED,-0.28943072000968445,-0.017241028012436273,0.15351976342853185,2.7820262475035635,0.09322250092559425,-0.8272631015876217
2.1784356871374273,PASSED,-0.28944788276485367,-0.017085252902696975,0.15727867394647793,2.78211904816218,0.09238299818361545,-0.8476625022396118
2.1794358871774353,PASSED,-0.28946488788679864,-0.01692575069477651,0.16098456390312524,2.7822109992330115,0.09152326695946884,-0.8677770387512799
2.1804360872174433,PASSED,-0.289481731675327,-0.01676257499876733,0.16463645074654706,2.782302080632226,0.09064359542270307,-0.8876012021087767
2.1814362872574513,PASSED,-0.28949841048434066,-0.016595780396911917,0.16823336926132737,2.782392272566817,0.08974427710654566,-0.907129725523178
2.1824364872974593,PASSED,-0.2895149207227999,-0.016425422426774042,0.17177437072223944,2.782481555539923,0.08882561077819401,-0.9263573969039798
2.1834366873374673,PASSED,-0.28953125885566827,-0.016251557562182165,0.17525852717162962,2.782569910356027,0.08788790037339024,-0.9452790767369871
2.1844368873774753,PASSED,-0.2895474214048391,-0.01607424319237114,0.17868493157062126,2.7826573181260836,0.08693145491864444,-0.9638897067516852
2.1854370874174833,PASSED,-0.28956340495004235,-0.015893537604958922,0.1820526913066115,2.7827437602725147,0.0859565883663781,-0.9821844492761307
2.1864372874574913,PASSED,-0.2895792061297332,-0.01570949996694697,0.1853609358155178,2.782829218534107,0.08496361949579768,-1.000158484783265
2.1874374874974993,PASSED,-0.2895948216419596,-0.015522190301767297,0.18860881808910848,2.7829136749708274,0.08395287189348176,-1.0178070140043658
2.1884376875375073,PASSED,-0.2896102482452116,-0.015331669472644461,0.19179550314532012,2.7829971119685055,0.0829246737613885,-1.035125544152522
2.1894378875775153,PASSED,-0.2896254827592493,-0.01513799916205699,0.1949201822155694,2.783079512243416,0.08187935778902485,-1.0521095911710503
2.1904380876175233,PASSED,-0.28964052206591195,-0.014941241849449968,0.19798206620132563,2.78316085884676,0.0808172611429389,-1.0687546826958674
2.1914382876575313,PASSED,-0.2896553631099055,-0.014741460792595125,0.20098038395718887,2.783241135169026,0.07973872528942028,-1.085056634067138
2.1924384876975394,PASSED,-0.28967000289957,-0.014538720006948924,0.20391438677220713,2.7833203249442473,0.0786440958589158,-1.1010112947960498
2.1934386877375474,PASSED,-0.28968443850762665,-0.014333084243380416,0.20678334809937535,2.783398412254134,0.07753372258873606,-1.1166145871021926
2.1944388877775554,PASSED,-0.28969866707190306,-0.014124618968035692,0.20958656017495728,2.7834753815321185,0.07640795921540322,-1.1318625641532751
2.1954390878175634,PASSED,-0.28971268579603826,-0.01391339034161029,0.21232333725903044,2.783551217567244,0.07526716327297314,-1.1467515279479639
2.1964392878575714,PASSED,-0.2897264919501653,-0.013699465196727862,0.2149930166313583,2.783625905507984,0.0741116960647421,-1.1612776617530849
2.1974394878975794,PASSED,-0.28974008287157355,-0.013482911017050844,0.21759495504079324,2.783699430865909,0.07294192253916353,-1.1754374347955814
2.1984396879375874,PASSED,-0.28975345596534857,-0.013263795916209286,0.22012853137540034,2.7837717795192547,0.07175821110217326,-1.1892274384534105
2.1994398879775954,PASSED,-0.28976660870499044,-0.013042188614156909,0.22259314917036196,2.7838429377163605,0.07056093356127585,-1.2026442758600744
2.2004400880176034,PASSED,-0.28977953863301037,-0.012818158417131768,0.2249882289283266,2.783912892079005,0.069350465017717,-1.2156847220247111
2.2014402880576114,PASSED,-0.28979224336150483,-0.012591775194610062,0.22731321825062709,2.783981629605594,0.06812718367309728,-1.2283457596830518
2.2024404880976194,PASSED,-0.2898047205727079,-0.012363109356603714,0.2295675845101611,2.784049137674253,0.06689147075616879,-1.2406243550921146
2.2034406881376274,PASSED,-0.28981696801952106,-0.012132231832380498,0.2317508173652527,2.784115404045794,0.0656437104450481,-1.2525176151397548
2.2044408881776354,PASSED,-0.28982898352602054,-0.011899214047251824,0.23386243030428897,2.7841804168665334,0.06438428962809994,-1.2640229514870707
2.2054410882176434,PASSED,-0.28984076498794265,-0.011664127900147597,0.2359019583041837,2.7842441646710365,0.06311359788268708,-1.2751376080300543
2.2064412882576514,PASSED,-0.2898523103731456,-0.011427045741070436,0.23786895959247817,2.7843066363846747,0.06183202732012956,-1.2858591989091652
2.2074414882976594,PASSED,-0.2898636177220496,-0.011188040348200132,0.23976301505552047,2.784367821326123,0.060539972436271315,-1.2961853404909651
2.2084416883376674,PASSED,-0.28987468514805315,-0.01094718490506577,0.2415837285202593,2.7844277092096825,0.059237830017027274,-1.3061138050794263
2.2094418883776754,PASSED,-0.2898855108379273,-0.010704552977751795,0.24333072650978518,2.7844862901474983,0.05792599899622131,-1.3156424979569836
2.2104420884176834,PASSED,-0.2898960930521866,-0.010460218491906405,0.2450036587357951,2.7845435546516564,0.05660488034051062,-1.3247694275464943
2.2114422884576914,PASSED,-0.289906430125437,-0.010214255709528056,0.24660219814005016,2.7845994936361436,0.05527487691654024,-1.3334927549196363
2.2124424884976994,PASSED,-0.2899165204667009,-0.009966739205979734,0.24812604048717243,2.7846540984186783,0.05393639334765458,-1.3418107781963458
2.2134426885377074,PASSED,-0.28992636255971876,-0.009717743846870469,0.24957490485732545,2.784707360722428,0.05258983592284979,-1.3497218558770774
2.2144428885777154,PASSED,-0.28993595496322794,-0.00946734476512746,0.25094853300012904,2.784759272677592,0.051235612455866705,-1.3572245410537598
2.2154430886177234,PASSED,-0.28994529631121785,-0.0092156173370876,0.2522466913996826,2.784809826822843,0.04987413211258366,-1.364317544769235
2.2164432886577314,PASSED,-0.28995438531316275,-0.008962637160248798,0.253469167131549,2.7848590161066626,0.04850580534450769,-1.3709995836137956
2.2174434886977394,PASSED,-0.2899632207542303,-0.00870848002917175,0.2546157737073802,2.784906833888543,0.047131043764952946,-1.377269576848719
2.2184436887377474,PASSED,-0.2899718014954676,-0.008453221912542521,0.2556863452437934,2.7849532739400473,0.045750259943204634,-1.3831266516813727
2.2194438887777554,PASSED,-0.28998012647396354,-0.008196938930270336,0.25668074029111543,2.784998330445758,0.044363867343895844,-1.388569897727069
2.2204440888177635,PASSED,-0.2899881947029884,-0.00793970732995428,0.2575988403326844,2.7850419980040786,0.04297228019222007,-1.3935986543082584
2.2214442888577715,PASSED,-0.28999600527210956,-0.0076816034630712475,0.25844055124993154,2.7850842716279365,0.041575913328721514,-1.398212336292088
2.2224444888977795,PASSED,-0.29000355734728467,-0.007422703762933472,0.25920579939633903,2.7851251467453233,0.04017518207542009,-1.4024105313076518
2.2234446889377875,PASSED,-0.29001085017093137,-0.0071630847214849145,0.25989453615003677,2.785164619199727,0.038770502119124264,-1.4061929062879515
2.2244448889777955,PASSED,-0.2900178830619732,-0.00690282286364974,0.26050673895859955,2.7852026852504403,0.0373622894073637,-1.409559248742308
2.2254450890178035,PASSED,-0.29002465541586386,-0.006641994728226088,0.26104239973368665,2.78523934157272,0.03595095996743672,-1.4125095673834291
2.2264452890578115,PASSED,-0.29003116670458706,-0.006380676842525986,0.2615015430110451,2.785274585257839,0.03453692980674962,-1.41504388955622
2.2274454890978195,PASSED,-0.29003741647663384,-0.006118945698148712,0.26188421195475814,2.785308413812998,0.03312061480809327,-1.4171624047230988
2.2284456891378275,PASSED,-0.290043404356957,-0.0058568777311864524,0.262190470300594,2.78534082516112,0.031702430563715966,-1.4188654708134356
2.2294458891778355,PASSED,-0.2900491300469027,-0.0055945492976332035,0.2624204090550192,2.7853718176405144,0.030282792272596948,-1.4201535046560771
2.2304460892178435,PASSED,-0.290054593324119,-0.005332036649832397,0.2625741402979982,2.7854013900044046,0.028862114598704306,-1.4210271200503501
2.2314462892578515,PASSED,-0.29005979404244164,-0.005069415915272976,0.2626517974003698,2.785429541420347,0.027440811558548165,-1.4214869868933406
2.2324464892978595,PASSED,-0.2900647321317579,-0.0048067630738814525,0.26265353738562613,2.7854562714695166,0.02601929640460183,-1.421533931981668
2.2334466893378675,PASSED,-0.29006940759784644,-0.00454415393411933,0.26257954134645267,2.785481580145856,0.024597981455370548,-1.4211689607310214
2.2344468893778755,PASSED,-0.2900738205221966,-0.004281664112157217,0.26243000903921965,2.7855054678551237,0.023177278024334922,-1.4203930779053606
2.2354470894178835,PASSED,-0.29007797106180366,-0.004019369009009231,0.2622051658871636,2.785527935413798,0.02175759628381225,-1.4192075156008799
2.2364472894578915,PASSED,-0.2900818594489428,-0.003757343788122646,0.26190525755286537,2.7855489840478667,0.020339345105003147,-1.4176136209479187
2.2374474894978995,PASSED,-0.290085485990921,-0.0034956633536734035,0.2615305523801604,2.7855686153914982,0.018922931986502058,-1.4156127835365322
2.2384476895379075,PASSED,-0.29008885106980636,-0.0032344023285946805,0.2610813402110988,2.785586831485574,0.01750876290116618,-1.4132066198687683
2.2394478895779155,PASSED,-0.2900919551421362,-0.0029736350326393973,0.26055793311807257,2.7856036347761286,0.016097242189305656,-1.4103967731883653
2.2404480896179235,PASSED,-0.2900947987386032,-0.0027134354611060346,0.2599606638102227,2.7856190281126327,0.014688772424398332,-1.4071850927199647
2.2414482896579315,PASSED,-0.29009738246371997,-0.0024538772632146004,0.2592898872789085,2.785633014746186,0.013283754300557261,-1.403573477921809
2.2424484896979395,PASSED,-0.29009970699546245,-0.0021950337205975876,0.2585459795090826,2.7856455983275885,0.011882586548058129,-1.3995639355506824
2.2434486897379475,PASSED,-0.29010177308489177,-0.0019369777263631561,0.2577293373846638,2.7856567829052734,0.010485665749652711,-1.3951587069752405
2.2444488897779555,PASSED,-0.29010358155575533,-0.0016797817642338535,0.25684037862572845,2.785666572923148,0.009093386265140712,-1.3903600028698406
2.2454490898179635,PASSED,-0.29010513330406695,-0.0014235178875600146,0.2558795420392459,2.785674973218301,0.007706140134402221,-1.385170215984257
2.2464492898579715,PASSED,-0.29010642929766634,-0.0011682576988405339,0.2548472865063043,2.7856819890186055,0.00632431691683195,-1.3795918852942806
2.2474494898979795,PASSED,-0.2901074705757577,-0.0009140723289218065,0.2537440921936761,2.7856876259402035,0.004948303600906922,-1.3736276030121932
2.2484496899379876,PASSED,-0.29010825824842856,-0.0006610324176229481,0.25257045736897993,2.7856918899848777,0.003578484506478202,-1.3672800887064043
2.2494498899779956,PASSED,-0.29010879349614827,-0.0004092080930620347,0.25132690268886915,2.78569478753732,0.0022152411585442547,-1.3605521874189768
2.2504500900180036,PASSED,-0.29010907756924637,-0.00015866895143010692,0.2500139675939668,2.785696325362268,0.000858952150731021,-1.3534468880760717
2.2514502900580116,PASSED,-0.2901091117873715,9.051596156875852e-05,0.24863220993546453,2.7856965106015665,-0.0004900068992820636,-1.3459671579710932
2.2524504900980196,PASSED,-0.2901088975389307,0.00033827817042924674,0.24718220814383737,2.785695350771086,-0.0018312635009427728,-1.33811623078712
2.2534506901380276,PASSED,-0.29010843628050953,0.0005845497898338866,0.24566456024517497,2.7856928537575527,-0.003164448428095086,-1.3298973913957755
2.2544508901780356,PASSED,-0.29010772953627306,0.000829263542373096,0.2440798807352324,2.7856890278152813,-0.004489195728861902,-1.3213139070141766
2.2554510902180436,PASSED,-0.2901067788973482,0.0010723527778565814,0.2424288053156541,2.7856838815627794,-0.005805142906878747,-1.3123693586852905
2.2564512902580516,PASSED,-0.29010558602118697,0.0013137514923725413,0.24071198731616386,2.78567742397927,-0.0071119310329107515,-1.3030673042631478
2.2574514902980596,PASSED,-0.29010415263091227,0.001553394344782712,0.23893009580617533,2.785669664401101,-0.00840920477225087,-1.2934113627247636
2.2584516903380676,PASSED,-0.29010248051464455,0.0017912166766902347,0.23708382264175426,2.7856606125180665,-0.009696612529010573,-1.2834053527830005
2.2594518903780756,PASSED,-0.2901005715248119,0.002027154528552537,0.23517387134266732,2.785650278369612,-0.010973806575953099,-1.273053176382206
2.2604520904180836,PASSED,-0.2900984275774409,0.002261144658394174,0.23320096884095007,2.7856386723409625,-0.012240443085032592,-1.2623587308776836
2.2614522904580916,PASSED,-0.290096050651432,0.0024931245580433864,0.23116585352138816,2.7856258051591376,-0.013496182249663738,-1.251326120466788
2.2624524904980996,PASSED,-0.29009344278781624,0.002723032470187827,0.22906928455980846,2.7856116878888866,-0.014740688406924898,-1.239959515124074
2.2634526905381076,PASSED,-0.29009060608899634,0.002950807405624829,0.2269120360217972,2.78559633192852,-0.0159736300865123,-1.2282631225629528
2.2644528905781156,PASSED,-0.29008754271797044,0.0031763891592550054,0.22469489870242895,2.785579749005657,-0.017194680114105673,-1.2162412976136587
2.2654530906181236,PASSED,-0.29008425489754047,0.0033997183258980533,0.22241867860346057,2.785561951172881,-0.01840351571730368,-1.2038984735875788
2.2664532906581316,PASSED,-0.29008074490950364,0.003620736316297978,0.22008419826423403,2.785542950803305,-0.019599818596343518,-1.1912391493413397
2.2674534906981396,PASSED,-0.2900770150938289,0.003839385373138873,0.2176922958920019,2.7855227605860704,-0.020783274983182366,-1.1782678785038505
2.2684536907381476,PASSED,-0.2900730678478181,0.0040556085852615775,0.2152438229431733,2.785501393521715,-0.021953575804735507,-1.1649894502526605
2.2694538907781556,PASSED,-0.29006890562525167,0.004269349903450665,0.21273964835303077,2.785478862917516,-0.02311041668771233,-1.151408504792929
2.2704540908181636,PASSED,-0.2900645309355196,0.004480554154765422,0.21018065328924082,2.7854551823827083,-0.02425349803785867,-1.1375299137152834
2.2714542908581716,PASSED,-0.2900599463427383,0.004689167056375025,0.207567733823176,2.78543036582365,-0.025382525189272205,-1.1233586432123739
2.2724544908981796,PASSED,-0.2900551544648529,0.004895135230557721,0.2049018010890425,2.7854044274388916,-0.026497208424898572,-1.108899630569027
2.2734546909381876,PASSED,-0.2900501579727264,0.005098406217360439,0.20218377727850187,2.785377381714189,-0.027597263030414244,-1.0941579221467665
2.2744548909781956,PASSED,-0.29004495958921384,0.005298928488807415,0.1994146008926262,2.785349243417415,-0.02868240944791723,-1.079138747740468
2.2754550910182036,PASSED,-0.29003956208822507,0.005496651461529527,0.19659522060843568,2.7853200275934276,-0.029752373287292973,-1.0638472337992564
2.2764552910582116,PASSED,-0.2900339682937734,0.0056915255091770445,0.19372659900690486,2.7852897495588573,-0.03080688536442066,-1.0482886393466422
2.2774554910982197,PASSED,-0.29002818107901207,0.005883501975627592,0.19080971141297676,2.785258424896817,-0.03184568186381927,-1.0324684060999092
2.2784556911382277,PASSED,-0.29002220336525836,0.006072533186191043,0.187845543330435,2.785226069451559,-0.032868504343717214,-1.0163918624299662
2.2794558911782357,PASSED,-0.29001603812100596,0.006258572460519968,0.1848350949945844,2.7851926993230527,-0.033875099780740915,-1.000064486752854
2.2804560912182437,PASSED,-0.29000968836092583,0.006441574122676274,0.18177937359745383,2.7851583308615195,-0.034865220678743473,-0.9834918388356897
2.2814562912582517,PASSED,-0.2900031571448552,0.006621493512922044,0.17867940134464808,2.785122980661887,-0.03583862511573956,-0.9666795024363529
2.2824564912982597,PASSED,-0.28999644757677656,0.006798286998769315,0.17553620884901888,2.785086665558201,-0.036795076770645425,-0.9496330898855344
2.2834566913382677,PASSED,-0.2899895628037855,0.006971911984508902,0.17235083699996603,2.7850494026179557,-0.03773434503540605,-0.9323583813440114
2.2844568913782757,PASSED,-0.2899825060150482,0.0071423269223707,0.1691243384363517,2.7850112091363988,-0.038656205027805965,-0.9148610664371859
2.2854570914182837,PASSED,-0.28997528044074966,0.007309491320842299,0.1658577718284329,2.7849721026307757,-0.039560437615734995,-0.897146935590269
2.2864572914582917,PASSED,-0.2899678893510317,0.00747336575541883,0.16255220974193027,2.7849321008344954,-0.04044682956559056,-0.8792219593657564
2.2874574914982997,PASSED,-0.2899603360549223,0.0076339118768323135,0.15920872919451848,2.7848912216912862,-0.04131517350837843,-0.8610919317359598
2.2884576915383077,PASSED,-0.28995262389925563,0.007791092419870044,0.1558284189332052,2.784849483349279,-0.04216526797286376,-0.8427628196515754
2.2894578915783157,PASSED,-0.28994475626758426,0.00794487121204078,0.15241237432908883,2.7848069041550527,-0.04299691751645294,-0.8242406928809215
2.2904580916183237,PASSED,-0.2899367365790821,0.008095213180891677,0.14896169853210453,2.784763502647638,-0.043809932696677434,-0.8055315051202209
2.2914582916583317,PASSED,-0.289928568287441,0.008242084361462771,0.1454775019304213,2.784719297552482,-0.04460413009953307,-0.7866413346792482
2.2924584916983397,PASSED,-0.2899202548797587,0.008385451905448496,0.1419609053559273,2.7846743077753575,-0.045379332464586815,-0.7675763853034124
2.2934586917383477,PASSED,-0.2899117998754202,0.008525284085844057,0.13841303042198344,2.7846285523962617,-0.04613536863409642,-0.7483426923137304
2.2944588917783557,PASSED,-0.2899032068249726,0.00866155030363185,0.13483500936499854,2.7845820506632477,-0.046872073612015654,-0.7289465016562445
2.2954590918183637,PASSED,-0.28989447930899315,0.00879422109605732,0.13122798113245143,2.784534821986262,-0.04758928861946394,-0.7093940113096523
2.2964592918583717,PASSED,-0.28988562093695164,0.008923268140374776,0.12759308644079262,2.784486885930908,-0.04828686110861941,-0.6896914743860092
2.2974594918983797,PASSED,-0.28987663534606684,0.009048664259593688,0.1239314744043251,2.7844382622122166,-0.048964644774998276,-0.669845127707432
2.2984596919383877,PASSED,-0.2898675262001581,0.0091703834288072,0.12024429908630568,2.7843889706883655,-0.04962249960951303,-0.6498613057196401
2.2994598919783957,PASSED,-0.2898582971884916,0.009288400778629805,0.11653271698013522,2.7843390313543837,-0.05026029192630718,-0.6297463241771599
2.3004600920184037,PASSED,-0.28984895202462196,0.009402692599941694,0.11279789086639158,2.78428846433583,-0.05087789434802783,-0.6095064867496424
2.3014602920584117,PASSED,-0.28983949444523044,0.009513236348411952,0.10904098687283333,2.7842372898824506,-0.05147518586024257,-0.5891481958581343
2.3024604920984197,PASSED,-0.28982992820895814,0.009620010647717597,0.10526317426085577,2.784185528361831,-0.0520520518116508,-0.5686777884416303
2.3034606921384277,PASSED,-0.2898202570952369,0.009722995292424888,0.10146562500491293,2.784133200252991,-0.05260838396224135,-0.5481017253564917
2.3044608921784357,PASSED,-0.2898104849031159,0.009822171251839725,0.09764951568812003,2.7840803261400224,-0.05314408043579749,-0.52742630568924
2.3054610922184438,PASSED,-0.2898006154500868,0.009917520672289097,0.09381602362354001,2.7840269267056605,-0.05365904578222683,-0.5066580402560682
2.3064612922584518,PASSED,-0.28979065257090514,0.010009026878490849,0.08996632792055835,2.7839730227248687,-0.0541531910116042,-0.4858033554582351
2.3074614922984598,PASSED,-0.28978060011641094,0.01009667437676622,0.08610161184524445,2.7839186350584346,-0.05462643348988245,-0.4648685601582632
2.3084616923384678,PASSED,-0.2897704619523465,0.010180448855764532,0.08222305710035627,2.7838637846465053,-0.0550786970705804,-0.44386026105774173
2.3094618923784758,PASSED,-0.28976024195817385,0.010260337187478964,0.0783318481238157,2.783808492502161,-0.05550991207896426,-0.42278483993461297
2.3104620924184838,PASSED,-0.2897499440258907,0.010336327427970254,0.0744291687362704,2.783752779704984,-0.055920015196884464,-0.40164863657726335
2.3114622924584918,PASSED,-0.289739572058846,0.010408408818865445,0.07051620566780467,2.7836966673946018,-0.056308949597756,-0.380458243734382
2.3124624924984998,PASSED,-0.2897291299705548,0.01047657178656764,0.06659414239178907,2.783640176764247,-0.05667666493710395,-0.35922006975699466
2.313462692538508,PASSED,-0.289718621683514,0.010540807941063369,0.06266416256502096,2.7835833290543164,-0.05702311724349487,-0.33794046414685275
2.314462892578516,PASSED,-0.289708051128018,0.010601110076760926,0.05872745111924976,2.7835261455459444,-0.05734826898124757,-0.316625920156609
2.315463092618524,PASSED,-0.2896974222409755,0.010657472171609688,0.05478519066843743,2.7834686475545634,-0.05765208909777594,-0.295282914109537
2.316463292658532,PASSED,-0.2896867389647268,0.010709889384739971,0.05083856143817922,2.7834108564234925,-0.05793455290555878,-0.27391773689837867
2.31746349269854,PASSED,-0.2896760052458636,0.010758358054616324,0.04688874216847094,2.7833527935175177,-0.05819564212118418,-0.25253686811007947
2.318463692738548,PASSED,-0.28966522503405007,0.010802875697925974,0.042936910737099945,2.7832944802165045,-0.058435344889354014,-0.231146701543
2.319463892778556,PASSED,-0.2896544022808459,0.01084344100743363,0.03898424202136091,2.7832359379090135,-0.0586536556912919,-0.20975353553448206
2.320464092818564,PASSED,-0.2896435409385328,0.010880053847750265,0.03503190584681635,2.783177187985925,-0.05885057538202617,-0.1883637942008032
2.321464292858572,PASSED,-0.2896326449589427,0.01091271525336767,0.031081072131135628,2.7831182518340896,-0.05902611118521472,-0.16698380918038194
2.32246449289858,PASSED,-0.2896217182922905,0.010941427425261973,0.027132905069747887,2.783059150830014,-0.05918027658856024,-0.14561979945562087
2.323464692938588,PASSED,-0.28961076488600923,0.010966193726829422,0.023188565899250477,2.7829999063335373,-0.05931309140147018,-0.12427815521281763
2.324464892978596,PASSED,-0.2895997886835898,0.010987018679762558,0.01924921095572561,2.7829405396815536,-0.059424581737198126,-0.10296512273802894
2.325465093018604,PASSED,-0.2895887936234249,0.011003907959917568,0.015315992954531338,2.7828810721817443,-0.05951477991987157,-0.0816868892970623
2.326465293058612,PASSED,-0.2895777836376571,0.011016868392100556,0.01139005833529358,2.782821525106365,-0.0595837244714885,-0.06044965983016493
2.32746549309862,PASSED,-0.2895667626510328,0.01102590794571976,0.007472550475143918,2.7827619196860147,-0.05963146016632639,-0.03925971817637932
2.328465693138628,PASSED,-0.2895557345797601,0.011031035728700286,0.0035646046507805717,2.7827022771034864,-0.059658037902001054,-0.018123080673512253
2.329465893178636,PASSED,-0.28954470333037313,0.01103226198197877,-0.00033264763638055935,2.782642618487612,-0.05966351467033714,0.0029541065555271544
2.330466093218644,PASSED,-0.28953367279860237,0.011029598073753187,-0.004218081951719125,2.782582964907165,-0.059647953602614316,0.02396570850103005
2.331466293258652,PASSED,-0.2895226468682505,0.011023056492252768,-0.00809058119955521,2.782523337364778,-0.059611423877219134,0.04490573665794865
2.33246649329866,PASSED,-0.2895116294100753,0.011012650840646012,-0.011949031878222854,2.7824637567909236,-0.059554000643691055,0.06576823144149993
2.333466693338668,PASSED,-0.289500624280679,0.010998395828605652,-0.015792332148451268,2.7824042440379033,-0.05947576507142775,0.08654713281116841
2.334466893378676,PASSED,-0.2894896353214053,0.0109803072646057,-0.019619385234283616,2.782344819873914,-0.059376804250564914,0.10723661289729301
2.335467093418684,PASSED,-0.28947866635724323,0.010958402050982191,-0.02342909921632754,2.7822855049771107,-0.05925721115364722,0.12783075293131557
2.336467293458692,PASSED,-0.2894677211957391,0.010932698173176903,-0.027220396864597974,2.7822263199297628,-0.05911708460544122,0.1483237450557968
2.3374674934987,PASSED,-0.28945680362591664,0.010903214692215701,-0.03099220369227091,2.782167285212418,-0.05895652922626779,0.1687098019185042
2.338467693538708,PASSED,-0.2894459174172051,0.010869971737466027,-0.03474345545461181,2.7821084211981315,-0.05877565539097334,0.18898319087841553
2.339467893578716,PASSED,-0.289435066318376,0.010832990497153304,-0.03847309688479701,2.782049748146734,-0.05857457918422349,0.20913821733080726
2.340468093618724,PASSED,-0.28942425405648964,0.01079229320800631,-0.04218008398845788,2.7819912861991725,-0.05835342231238898,0.22916930817032044
2.341468293658732,PASSED,-0.2894134843358494,0.010747903147697024,-0.045863377856503074,2.781933055371859,-0.05811231211754275,0.24907078596349197
2.34246849369874,PASSED,-0.28940276083696687,0.010699844625182864,-0.04952195228593347,2.781875075551126,-0.05785138146838903,0.2688372246138685
2.343468693738748,PASSED,-0.28939208721553594,0.01064814296880436,-0.05315479244021765,2.781817366487688,-0.05757076871334793,0.2884631086592468
2.344468893778756,PASSED,-0.28938146710141743,0.01059282451812071,-0.05676088951260341,2.7817599477911954,-0.05727061765436387,0.3079430258672776
2.345469093818764,PASSED,-0.2893709040976336,0.010533916613175636,-0.06033924856672055,2.7817028389248244,-0.05695107745536177,0.3272716477586564
2.346469293858772,PASSED,-0.2893604017793736,0.01047144758249238,-0.0638888854276128,2.781646059199936,-0.05661230258866327,0.34644367932506653
2.34746949389878,PASSED,-0.28934996369300964,0.010405446733160094,-0.06740882526873561,2.781589627770781,-0.05625445280693053,0.365453850004514
2.348469693938788,PASSED,-0.2893395933551244,0.010335944339818775,-0.07089810538970778,2.7815335636293015,-0.05587769301492184,0.38429708667814955
2.349469893978796,PASSED,-0.2893292942515495,0.010262971632358626,-0.0743557755071106,2.7814778855999407,-0.05548219327902436,0.402968168710377
2.350470094018804,PASSED,-0.28931906983641587,0.010186560784571391,-0.07778089597398613,2.7814226123345716,-0.05506812872405623,0.4214621458066234
2.351470294058812,PASSED,-0.2893089235312162,0.01010674490197023,-0.08117254035261152,2.7813677623074557,-0.054635679444473714,0.439774035433111
2.35247049409882,PASSED,-0.2892988587238786,0.01002355800996441,-0.08452979310795918,2.7813133538102823,-0.05418503049692228,0.45789888896365016
2.353470694138828,PASSED,-0.28928887876785403,0.009937035040960936,-0.08785175293381464,2.7812594049472743,-0.053716371790593,0.4758319179063763
2.354470894178836,PASSED,-0.28927898698121474,0.009847211821805394,-0.09113752997002382,2.781205933630357,-0.05322989801311058,0.49356835053311376
2.355471094218844,PASSED,-0.2892691866457669,0.009754125061128155,-0.09438624781538313,2.7811529575744114,-0.05272580858119952,0.5111034861630229
2.356471294258852,PASSED,-0.2892594810061752,0.009657812335550596,-0.09759704408567933,2.781100494292581,-0.05220430756813081,0.5284326976724956
2.35747149429886,PASSED,-0.2892498732691016,0.0095583120766337,-0.10076906880437474,2.781048561091668,-0.051665603606921164,0.5455514702344179
2.358471694338868,PASSED,-0.28924036660235686,0.00945566355824262,-0.10390148478221818,2.7809971750675873,-0.05110990983941086,0.5624552990275588
2.359471894378876,PASSED,-0.289230964134066,0.009349906880841894,-0.1069934724797323,2.780946353100911,-0.05053744383700623,0.5791398046560191
2.360472094418884,PASSED,-0.289221668951848,0.009241082958792389,-0.11004422176268461,2.780896111852474,-0.04994842751353244,0.5956006693522922
2.361472294458892,PASSED,-0.2892124841020087,0.009129233506645688,-0.11305293906937922,2.7808464677590794,-0.04934308704190631,0.6118336731420245
2.3624724944989,PASSED,-0.2892034125887496,0.009014401022788148,-0.11601884704964555,2.7807974370292348,-0.048721652830514044,0.6278345702257646
2.363472694538908,PASSED,-0.2891944573733888,0.008896628776813409,-0.11894117859146713,2.7807490356390376,-0.04808435935643393,0.6435994099830115
2.364472894578916,PASSED,-0.28918562137359893,0.008775960794322454,-0.1218191850906151,2.7807012793280705,-0.04743144513722669,0.6591240920233888
2.365473094618924,PASSED,-0.2891769074626586,0.00865244184052182,-0.12465213294064723,2.780654183595425,-0.046763152679485005,0.6744047015538946
2.366473294658932,PASSED,-0.2891683184687193,0.00852611740737675,-0.12743929994801922,2.7806077636957864,-0.04607972831537022,0.6894374724887153
2.36747349469894,PASSED,-0.2891598571740875,0.008397033696677053,-0.13017998453414978,2.7805620346355995,-0.04538142218362308,0.7042185712527622
2.368473694738948,PASSED,-0.2891515263145216,0.008265237605102787,-0.13287349626767417,2.780517011169334,-0.044668488135595916,0.7187443658767674
2.369473894778956,PASSED,-0.28914332857854574,0.00813077670843804,-0.1355191635961277,2.7804727077958127,-0.0439411836234869,0.7330112762638448
2.370474094818964,PASSED,-0.28913526660677774,0.007993699246274931,-0.13811632787443148,2.780429138754638,-0.043199769648821995,0.7470157735989446
2.371474294858972,PASSED,-0.28912734299127396,0.007854054105729192,-0.14066434899327745,2.7803863180227086,-0.0424445106464877,0.7607544881578688
2.37247449489898,PASSED,-0.2891195602748897,0.007711890804708,-0.14316260237313472,2.780344259310805,-0.04167567442051495,0.7742240511826691
2.373474694938988,PASSED,-0.28911192095065597,0.007567259477193596,-0.14561047760858314,2.7803029760602773,-0.04089353205801385,0.7874212367133924
2.374474894978996,PASSED,-0.2891044274611723,0.0074202108558243255,-0.1480073838763952,2.7802624814398187,-0.04009835780622541,0.8003429285051451
2.375475095019004,PASSED,-0.2890970821980162,0.007270796255388174,-0.15035274480932273,2.7802227883423205,-0.03929042902429887,0.8129860175407976
2.376475295059012,PASSED,-0.28908988750116926,0.007119067556320995,-0.15264600190575023,2.780183909381817,-0.038470026094272476,0.8253475383501283
2.37747549509902,PASSED,-0.2890828456584592,0.006965077188753342,-0.15488661134225543,2.780145856890538,-0.03763743227551459,0.8374246723630668
2.378475695139028,PASSED,-0.28907595890501975,0.006808878114822752,-0.1570740489894791,2.7801086429160233,-0.036792933677919616,0.84921454774958
2.379475895179036,PASSED,-0.28906922942276675,0.006650523811410744,-0.15920780636035972,2.780072279218345,-0.03593681916614822,0.8607144877859457
2.380476095219044,PASSED,-0.28906265933989134,0.006490068254181707,-0.16128739114148824,2.780036777267423,-0.03506938020619408,0.8719219413996027
2.381476295259052,PASSED,-0.28905625073037045,0.006327565899944968,-0.1633123296335735,2.7800021482404196,-0.034190910837933866,0.8828343195006126
2.38247649529906,PASSED,-0.28905000561349437,0.006163071668564797,-0.16528216587790087,2.779968403019249,-0.03330170756237074,0.8934492462714771
2.383476695339068,PASSED,-0.2890439259534116,0.005996640926977382,-0.16719645872709138,2.7799355521881504,-0.032402069237288555,0.903764377622658
2.384476895379076,PASSED,-0.2890380136586911,0.005828329471374518,-0.1690547868533786,2.7799036060313673,-0.031492297010775695,0.9137774591063267
2.385477095419084,PASSED,-0.28903227058190206,0.0056581935084485885,-0.17085674697429554,2.779872574530939,-0.030572694181428293,0.9234864095081218
2.386477295459092,PASSED,-0.28902669851921114,0.005486289639872104,-0.17260194964461087,2.7798424673645505,-0.02964356614925887,0.9328891139436296
2.3874774954991,PASSED,-0.2890212992099976,0.0053126748433251995,-0.1742900278151009,2.77981329390351,-0.028705220312364502,0.941983652194856
2.388477695539108,PASSED,-0.28901607433648535,0.0051374064544547115,-0.17592062957407908,2.779785063210794,-0.027757965947260228,0.950768173710552
2.389477895579116,PASSED,-0.2890110255233939,0.004960542150516628,-0.17749342018075281,2.7797577840392065,-0.026802114137122576,0.959240901089051
2.3904780956191236,PASSED,-0.2890061543376059,0.004782139931716277,-0.17900808454674907,2.7797314648296196,-0.0258379776839239,0.9674001546050885
2.3914782956591316,PASSED,-0.2890014622878534,0.004602258102748887,-0.18046432524781741,2.779706113709333,-0.024865870964538475,0.9752444292389822
2.3924784956991396,PASSED,-0.2889969508244216,0.004420955255757142,-0.18186186148769792,2.7796817384904844,-0.02388610991215183,0.9827721344850885
2.3934786957391476,PASSED,-0.28899262133887077,0.004238290252657131,-0.18320043084155363,2.779658346668605,-0.022899011866208276,0.989981986915861
2.3944788957791556,PASSED,-0.2889884751637756,0.004054322206323225,-0.18447978999547293,2.7796359454212407,-0.02190489545620667,0.996872692058773
2.3954790958191636,PASSED,-0.2889845135724834,0.0038691104623452114,-0.18569971329970772,2.779614541606678,-0.020904080581063227,1.0034429971998855
2.3964792958591716,PASSED,-0.2889807377788893,0.003682714582690283,-0.1868599905584091,2.7795941417627676,-0.019896888259494493,1.0096918711479619
2.3974794958991796,PASSED,-0.2889771489372306,0.0034951943257090804,-0.18796043459639775,2.7795747521058414,-0.018883640516142764,1.0156183248209094
2.3984796959391876,PASSED,-0.2889737481418982,0.0033066096287504045,-0.18900087186686146,2.7795563785297186,-0.017864660356426476,1.0212213829798729
2.3994798959791956,PASSED,-0.28897053642726656,0.00311702059115254,-0.18998114808519964,2.7795390266048274,-0.016840271609163425,1.026500323451833
2.4004800960192036,PASSED,-0.2889675147675416,0.002926487454787206,-0.19090112855209015,2.7795227015774024,-0.015810798830076193,1.0314544161775039
2.4014802960592116,PASSED,-0.28896468407662695,0.0027350705857898307,-0.19176069596089784,2.7795074083687923,-0.014776567252826561,1.0360830179643832
2.4024804960992197,PASSED,-0.2889620452080077,0.002542830458455263,-0.192559748250347,2.7794931515748518,-0.013737902664830078,1.0403856346845488
2.4034806961392277,PASSED,-0.2889595989546525,0.0023498276357079738,-0.19329820574525045,2.7794799354654454,-0.01269513127898542,1.044361886618065
2.4044808961792357,PASSED,-0.2889573460489338,0.0021561227506170485,-0.19397600465470874,2.779467763984021,-0.011648579710827738,1.048011355850761
2.4054810962192437,PASSED,-0.2889552871625659,0.0019617764894882825,-0.1945930987781378,2.7794566407473096,-0.010598574831434822,1.0513338950876876
2.4064812962592517,PASSED,-0.2889534229065612,0.0017668495740595879,-0.19514945986239943,2.779446569045105,-0.009545443650456457,1.0543293715721485
2.4074814962992597,PASSED,-0.28895175383120364,0.0015714027429540112,-0.1956450786010283,2.7794375518401315,-0.008489513298221384,1.0569976726770223
2.4084816963392677,PASSED,-0.2889502804260414,0.0013754967330588486,-0.1960799640912519,2.779429591768026,-0.007431110870878735,1.0593389304530667
2.4094818963792757,PASSED,-0.288949003119896,0.0011791922636667177,-0.19645413959271688,2.779422691137391,-0.006370563337611135,1.0613532684772888
2.4104820964192837,PASSED,-0.2889479222808904,0.000982550017358354,-0.19676765078546155,2.779416851929969,-0.005308197475694384,1.063040924209728
2.4114822964592917,PASSED,-0.2889470382164939,0.0007856306217345399,-0.19702055884938233,2.779412075800892,-0.004244339751166656,1.0644022580730608
2.4124824964992997,PASSED,-0.2889463511735855,0.0005884946335044261,-0.19721294115060148,2.7794083640790332,-0.0031793162310948197,1.0654376947376873
2.4134826965393077,PASSED,-0.28894586133853445,0.00039120251932378845,-0.19734489620066167,2.7794057177674354,-0.0021134525197884627,1.0661477223521367
2.4144828965793157,PASSED,-0.2889455688372985,0.0001938146388069188,-0.19741653672767498,2.779404137543879,-0.0010470735892250751,1.066533069370888
2.4154830966193237,PASSED,-0.28894547373553964,-3.60877225460616e-06,-0.19742799395075827,2.779403623761469,1.9496217280716674e-05,1.066594297929061
2.4164832966593317,PASSED,-0.28894557603875726,-0.00020100762080586769,-0.19737941828493033,2.7794041764493964,0.0010859333393953379,1.066332338238328
2.4174834966993397,PASSED,-0.2889458756924389,-0.00039832197325026053,-0.1972709752173678,2.779405795313722,0.00215191509461202,1.0657480332022515
2.4184836967393477,PASSED,-0.28894637258222766,-0.0005954920708650307,-0.19710284587970509,2.7794084797382976,0.003217119721138807,1.0648423554098114
2.4194838967793557,PASSED,-0.28894706653410734,-0.000792458349118902,-0.19687523316998223,2.779412228785763,0.0042812265232053635,1.063616433171054
2.4204840968193637,PASSED,-0.2889479573146044,-0.000989161455144004,-0.19658835459518192,2.7794170411986157,0.005343915920226039,1.0620713729204228
2.4214842968593717,PASSED,-0.2889490446310069,-0.001185542262048291,-0.19624244177702393,2.779422915400414,0.006404869565485821,1.0602084934860225
2.4224844968993797,PASSED,-0.2889503281316006,-0.0013815418876440618,-0.19583774814160193,2.7794298494970135,0.007463770412212794,1.0580290822209406
2.4234846969393877,PASSED,-0.28895180740592097,-0.001577101710742583,-0.1953745397364675,2.7794378412779515,0.008520302824638299,1.0555346325618808
2.4244848969793957,PASSED,-0.28895348198502296,-0.0017721633879459236,-0.1948531021812559,2.7794468882178696,0.009574152653365508,1.0527266261707608
2.4254850970194037,PASSED,-0.2889553513417666,-0.0019666688696420897,-0.1942737347061068,2.7794569874780564,0.010625007310114357,1.0496066771342396
2.4264852970594117,PASSED,-0.288957414891119,-0.0021605604160988027,-0.1936367542904511,2.7794681359080573,0.011672555879350715,1.0461764973044378
2.4274854970994197,PASSED,-0.28895967199047284,-0.002353780614817541,-0.19294249500426267,2.7794803300473907,0.01271648920438792,1.0424378768590514
2.4284856971394277,PASSED,-0.2889621219399812,-0.0025462723958644727,-0.1921913050753783,2.779493566127324,0.013756499937193564,1.0383926367700405
2.4294858971794357,PASSED,-0.2889647639829077,-0.002737979047146917,-0.19138354875382224,2.779507840072762,0.014792282659465188,1.03404277927268
2.4304860972194438,PASSED,-0.28896759730599325,-0.0029288442316210282,-0.19051960828763634,2.779523147504202,0.01582353397111623,1.0293903332366163
2.4314862972594518,PASSED,-0.2889706210398379,-0.0031188120022121583,-0.18959987879345883,2.779539483739774,0.016849952529037954,1.0244373743784614
2.4324864972994598,PASSED,-0.28897383425929896,-0.003307826816795965,-0.1886247717773719,2.779556843797373,0.01787123916984613,1.0191861517613205
2.4334866973394678,PASSED,-0.2889772359839038,-0.0034958335545764037,-0.187594715115816,2.779575222396862,0.018887096988997338,1.0136389307444693
2.4344868973794758,PASSED,-0.28898082517827856,-0.0036827775306763335,-0.18651015008933838,2.7795946139623626,0.019897231392329153,1.0077980517233824
2.4354870974194838,PASSED,-0.2889846007525913,-0.0038686045110668155,-0.18537153392457764,2.779615012624625,0.0209013502059685,1.0016659882499834
2.4364872974594918,PASSED,-0.2889885615630108,-0.004053260727821485,-0.18417933864139802,2.779636412223484,0.021899163759564782,0.9952452638271497
2.4374874974994998,PASSED,-0.2889927064121794,-0.0042366928935696,-0.18293405048592587,2.779658806310366,0.022890384909633837,0.9885384075636586
2.438487697539508,PASSED,-0.2889970340497014,-0.004418848215940725,-0.1816361702945922,2.779682188150923,0.02387472919526206,0.9815482043379301
2.439487897579516,PASSED,-0.2890015431726447,-0.0045996744118484215,-0.18028621298309846,2.7797065507276897,0.024851914869563348,0.9742773209435205
2.440488097619524,PASSED,-0.28900623242605755,-0.004779119722301442,-0.17888470876630247,2.7797318867428626,0.02582166296259164,0.966728607751478
2.441488297659532,PASSED,-0.28901110040349914,-0.004957132925298471,-0.17743219915084749,2.7797581886211127,0.026783697384496746,0.9589049646741862
2.44248849769954,PASSED,-0.28901614564758404,-0.005133663350511878,-0.17592924258844758,2.7797854485125075,0.02773774499929981,0.9508093815556471
2.443488697739548,PASSED,-0.2890213666505399,-0.005308660892295948,-0.1743764079144854,2.7798136582954824,0.028683535675507462,0.9424448726423207
2.444488897779556,PASSED,-0.28902676185477977,-0.005482076023585685,-0.1727742802065732,2.7798428095799004,0.029620802370592652,0.9338145767137681
2.445489097819564,PASSED,-0.28903232965348613,-0.005653859808416299,-0.17112345457997424,2.779872893710173,0.030549281216240017,0.9249216916030953
2.446489297859572,PASSED,-0.28903806839120977,-0.00582396391573695,-0.16942454248110264,2.7799039017684395,0.03146871153548384,0.9157694043376482
2.44748949789958,PASSED,-0.2890439763644795,-0.005992340631299758,-0.16767816428394222,2.779935824577854,0.032378835985538854,0.9063611471999128
2.448489697939588,PASSED,-0.28905005182242705,-0.006158942871328225,-0.16588495719148355,2.7799686527058944,0.03327940058249781,0.8967002301316477
2.449489897979596,PASSED,-0.28905629296742186,-0.006323724193613122,-0.1640455656805061,2.7800023764677615,0.03417015472978094,0.8867900920507916
2.450490098019604,PASSED,-0.2890626979557201,-0.006486638810371012,-0.16216065080947858,2.7800369859298546,0.03505085138170423,0.8766343585049655
2.451490298059612,PASSED,-0.2890692648981244,-0.006647641600623475,-0.16023088321445156,2.7800724709132845,0.035921247035672545,0.8662365176105467
2.45249049809962,PASSED,-0.2890759918606566,-0.006806688120961606,-0.1582569450872508,2.7801088209974583,0.03678110175863119,0.855600193190706
2.453490698139628,PASSED,-0.28908287686524087,-0.0069637346175018666,-0.1562395308422663,2.7801460255237505,0.037630179372856655,0.8447292282486314
2.454490898179636,PASSED,-0.289089917890399,-0.007118738036897302,-0.1541793450975493,2.7801840735992047,0.03846824743401539,0.8336272830988029
2.455491098219644,PASSED,-0.2890971128719569,-0.007271656038071981,-0.15207710522609771,2.7802229541003007,0.03929507723193683,0.8222981411365258
2.456491298259652,PASSED,-0.28910445970376103,-0.007422447001832285,-0.14993353611644017,2.7802626556767938,0.04011044397979504,0.8107458190059975
2.45749149829966,PASSED,-0.28911195623840696,-0.007571070042551403,-0.1477493771209042,2.7803031667556066,0.040914126827693506,0.7989742004934554
2.458491698339668,PASSED,-0.2891196002879771,-0.007717485018235232,-0.14552537472577737,2.7803444755447657,0.04170590882559464,0.7869871961729252
2.459491898379676,PASSED,-0.28912738962478957,-0.007861652539784679,-0.1432622860985608,2.7803865700374093,0.04248557709527059,0.7747889853446219
2.460492098419684,PASSED,-0.2891353219821559,-0.008003533981376239,-0.1409608785868918,2.780429438015837,0.043252922860567505,0.7623836185984453
2.461492298459692,PASSED,-0.28914339505515,-0.008143091491101784,-0.1386219304846494,2.7804730670556133,0.04400774141943031,0.749775185705712
2.4624924984997,PASSED,-0.2891516065013851,-0.008280287998638539,-0.13624622557149085,2.780517444529733,0.04474983229357273,0.7369679997668974
2.463492698539708,PASSED,-0.289159953941801,-0.008415087224599386,-0.13383455955375154,2.780562557612826,0.04547899924885557,0.7239662589601321
2.464492898579716,PASSED,-0.28916843496145944,-0.008547453690872332,-0.13138773741907614,2.780608393285405,0.046195050279461795,0.710774211703628
2.465493098619724,PASSED,-0.28917704711034886,-0.008677352727450561,-0.12890656935100003,2.780654938338187,0.0468977977532678,0.6973963152075904
2.466493298659732,PASSED,-0.2891857879041976,-0.008804750481747097,-0.1263918775935609,2.7807021793764224,0.04758705840337009,0.6838368733654199
2.46749349869974,PASSED,-0.28919465482529433,-0.008929613926290573,-0.12384448917674958,2.780750102824299,0.04826265334351225,0.6701003179933244
2.468493698739748,PASSED,-0.28920364532331794,-0.009051910866753362,-0.12126524132014782,2.7807986949293877,0.04892440819926852,0.6561912142648949
2.469493898779756,PASSED,-0.28921275681617387,-0.009171609949346095,-0.11865497677445898,2.780847941767106,0.04957215307107566,0.6421139768353036
2.470494098819764,PASSED,-0.28922198669083865,-0.009288680668211372,-0.1160145469258208,2.780897829245245,0.05020572257010375,0.6278731804899516
2.471494298859772,PASSED,-0.28923133230421105,-0.009403093372823027,-0.11334480973554277,2.7809483431085322,0.05082495594063586,0.6134734972268799
2.47249449889978,PASSED,-0.28924079098397065,-0.00951481927352789,-0.1106466280177417,2.7809994689432216,0.05142969701563209,0.5989194601757925
2.473494698939788,PASSED,-0.2892503600294424,-0.009623830449359955,-0.10792087437494574,2.7810511921817342,0.05201979426457098,0.5842157747809406
2.474494898979796,PASSED,-0.2892600367124682,-0.009730099854390195,-0.10516842546709977,2.781103498107325,0.05259510087913866,0.569367174425519
2.475495099019804,PASSED,-0.2892698182782844,-0.009833601321945617,-0.10239016228097232,2.781156371858772,0.0531554747335163,0.5543783076790492
2.476495299059812,PASSED,-0.2892797019464045,-0.00993430957169791,-0.09958697473317332,2.7812097984351314,0.05370077846538969,0.5392540146696232
2.47749549909982,PASSED,-0.2892896849115085,-0.010032200215983854,-0.09675975732112581,2.781263762700495,0.05423087952198545,0.5239990845465154
2.478495699139828,PASSED,-0.2892997643443367,-0.010127249762363583,-0.09390940575213125,2.781318249388775,0.05474565010863307,0.5086182547150183
2.479495899179836,PASSED,-0.28930993739258853,-0.010219435620311313,-0.09103682607812946,2.781373243108536,0.05524496728197125,0.4931164524202928
2.480496099219844,PASSED,-0.28932020118182666,-0.01030873610573071,-0.08814292498024216,2.7814287283478487,0.0557287130076337,0.47749857449054517
2.481496299259852,PASSED,-0.28933055281638514,-0.010395130444757445,-0.08522861505772883,2.781484689479152,0.05619677407830868,0.46176940146460815
2.48249649929986,PASSED,-0.28934098938028174,-0.010478598777978281,-0.08229481199623974,2.781541110764154,0.0566490421972568,0.4459339306037963
2.483496699339868,PASSED,-0.28935150793813413,-0.010559122164062176,-0.07934243547566572,2.781597976358754,0.057085414046700936,0.4299971286710362
2.484496899379876,PASSED,-0.2893621055360804,-0.0106366825837198,-0.07637240911226398,2.781655270317992,0.05750579124024801,0.41396390346443424
2.485497099419884,PASSED,-0.2893727792027015,-0.01071126294233536,-0.07338565828442496,2.7817129766009865,0.057910080314437215,0.3978391880057156
2.486497299459892,PASSED,-0.28938352594994815,-0.010782847072939115,-0.07038311214997359,2.78177107907593,0.05829819284613827,0.38162809416461213
2.4874974994999,PASSED,-0.28939434277406983,-0.010851419739469837,-0.06736570278455593,2.7818295615250763,0.05867004541740342,0.3653355559988446
2.488497699539908,PASSED,-0.2894052266565465,-0.010916966638553013,-0.0643343632822539,2.781888407649746,0.05902555956832865,0.3489665475428233
2.489497899579916,PASSED,-0.28941617456502217,-0.010979474401252227,-0.06129002897718762,2.7819476010753577,0.05936466192077563,0.3325262223830891
2.490498099619924,PASSED,-0.2894271834542409,-0.011038930596186675,-0.058233638905956946,2.7820071253564436,0.05968728412434264,0.31601952435629355
2.491498299659932,PASSED,-0.28943825026698444,-0.011095323730113195,-0.055166130606892676,2.782066963981712,0.05999336285146406,0.2994515289648341
2.49249849969994,PASSED,-0.2894493719350107,-0.011148643248386183,-0.052088443383721296,2.7821271003790935,0.06028283987006547,0.2828273450257921
2.493498699739948,PASSED,-0.28946054537999394,-0.011198879537519463,-0.049001519632986545,2.7821875179207938,0.060555661983960084,0.26615195980715833
2.494498899779956,PASSED,-0.28947176751446585,-0.011246023926022844,-0.045906301083642465,2.782248199928367,0.06081178106326547,0.24943049230420558
2.495499099819964,PASSED,-0.28948303524275604,-0.011290068682124647,-0.04280372611390951,2.782309129677783,0.061051154074792856,0.23266802434283768
2.496499299859972,PASSED,-0.2894943454619346,-0.01133100701695314,-0.03969474063821679,2.7823702904045,0.06127374303757059,0.215869588400996
2.49749949989998,PASSED,-0.2895056950627529,-0.011368833083455855,-0.03658028374571381,2.782431665308541,0.06147951504995307,0.19904029503679402
2.498499699939988,PASSED,-0.28951708093058576,-0.011403541974634829,-0.03346129613447997,2.782493237559567,0.06166844229402776,0.18218521009995253
2.499499899979996,PASSED,-0.289528499946371,-0.01143512972417401,-0.030338718475646034,2.7825549903019446,0.06184050200655944,0.1653093808195038
2.500500100020004,PASSED,-0.28953994898755037,-0.011463593306234657,-0.027213491117313825,2.782616906659826,0.061995676506635226,0.14841791291332304
2.501500300060012,PASSED,-0.289551424929008,-0.01148893063210892,-0.02408654904556471,2.7826789697422,0.062133953169292794,0.13151582915372118
2.50250050010002,PASSED,-0.2895629246440075,-0.011511140549383358,-0.020958829427018048,2.782741162647966,0.06225532442499678,0.11460820673750333
2.503500700140028,PASSED,-0.28957444500512786,-0.011530222841553724,-0.017831267332598325,2.7828034684709713,0.06235978775232398,0.09770007438699421
2.504500900180036,PASSED,-0.28958598288519727,-0.011546178224390123,-0.014704793172266981,2.7828658703050624,0.062447345668252795,0.08079647695668557
2.505501100220044,PASSED,-0.2895975351582245,-0.01155900834362295,-0.011580336606534434,2.7829283512491183,0.06251800572151495,0.06390243746578515
2.506501300260052,PASSED,-0.2896090987003281,-0.011568715773411281,-0.008458825242863253,2.7829908944120563,0.0625717804532568,0.04702292792590392
2.50750150030006,PASSED,-0.28962067039066236,-0.01157530401221314,-0.005341181174522772,2.7830534829178584,0.06260868743366949,0.030163015403880073
2.508501700340068,PASSED,-0.28963224711234115,-0.011578777480619645,-0.0022283265611596466,2.783116099910547,0.06262874920296559,0.013327605224254547
2.509501900380076,PASSED,-0.2896438257533572,-0.011579141517240642,0.0008788233391149112,2.7831787285591743,0.06263199326264711,-0.003478304013632042
2.510502100420084,PASSED,-0.28965540320749894,-0.011576402375268028,0.003979354394948819,2.783241352062761,0.06261845206582929,-0.0202497920206176
2.511502300460092,PASSED,-0.28966697637526295,-0.011570567218537319,0.007072358287883644,2.7833039536552535,0.06258816300364606,-0.03698190895829222
2.5125025005001,PASSED,-0.28967854216476246,-0.011561644117555493,0.010156929444454873,2.78336651661043,0.06254116836474313,-0.053669792199336805
2.513502700540108,PASSED,-0.28969009749263125,-0.011549642044265925,0.013232169186308337,2.7834290242468063,0.062477515329809,-0.07030853009066702
2.514502900580116,PASSED,-0.2897016392849236,-0.011534570867934376,0.01629718109504109,2.7834914599324905,0.06239725592239843,-0.0868933256238443
2.515503100620124,PASSED,-0.2897131644780086,-0.011516441350426827,0.01935107511588639,2.7835538070900596,0.06230044703335176,-0.10341926466188633
2.516503300660132,PASSED,-0.28972467001945973,-0.011495265139778147,0.022392967670540897,2.783616049201348,0.062187150333740525,-0.11988165624412418
2.51750350070014,PASSED,-0.28973615286893895,-0.011471054765851337,0.02542197809765736,2.783678169812265,0.06205743227139863,-0.13627566640708078
2.518503700740148,PASSED,-0.28974760999907556,-0.011443823634670959,0.028437233235524106,2.7837401525375474,0.06191136407464486,-0.1525965503182148
2.519503900780156,PASSED,-0.2897590383963384,-0.011413586020956564,0.03143786736697376,2.783801981065499,0.061749021664452355,-0.16883965010870028
2.520504100820164,PASSED,-0.2897704350619024,-0.011380357062986086,0.034423018372817284,2.783863639162696,0.06157048565290533,-0.18500025250590946
2.521504300860172,PASSED,-0.2897817970125091,-0.011344152756996701,0.03739183106709637,2.783925110678642,0.061375841304942606,-0.201073744933926
2.52250450090018,PASSED,-0.28979312128131984,-0.011304989948466298,0.04034346017260905,2.7839863795504205,0.061165178511532296,-0.21705549239455543
2.523504700940188,PASSED,-0.2898044049187623,-0.011262886325537695,0.043277064765932176,2.7840474298072917,0.06093859174900571,-0.23294094261459328
2.524504900980196,PASSED,-0.28981564499337065,-0.011217860413832022,0.04619180966550246,2.784108245575233,0.06069617999346934,-0.24872563081755208
2.525505101020204,PASSED,-0.2898268385926169,-0.011169931566506109,0.049086872432854534,2.784168811081494,0.06043804678459635,-0.26440492757661566
2.526505301060212,PASSED,-0.2898379828237364,-0.011119119957490821,0.05196143340357515,2.7842291106590653,0.06016430011847872,-0.2799744918116399
2.52750550110022,PASSED,-0.28984907481454436,-0.011065446574516776,0.054814682687691935,2.7842891287511145,0.05987505235012527,-0.2954299527146537
2.528505701140228,PASSED,-0.28986011171424464,-0.011008933209279865,0.0576458202697249,2.784348849915402,0.05957042028132448,-0.31076681285820745
2.529505901180236,PASSED,-0.2898710906942306,-0.010949602450116377,0.06045405175932799,2.7844082588286327,0.05925052505506252,-0.3259808351977932
2.530506101220244,PASSED,-0.289882008948877,-0.01088747767365764,0.0632385929250129,2.78446734029076,0.05891549203013469,-0.3410678180811826
2.531506301260252,PASSED,-0.2898928636963238,-0.010822583035401439,0.06599866847699459,2.784526079229272,0.05856545088208325,-0.3560233680316045
2.53250650130026,PASSED,-0.2899036521792502,-0.010754943460498404,0.06873351252039213,2.7845844607033907,0.05820053547039049,-0.37084344080019543
2.533506701340268,PASSED,-0.2899143716656409,-0.010684584635849405,0.07144236606807314,2.784642469908262,0.05782088376281852,-0.38552388541981647
2.534506901380276,PASSED,-0.2899250194495412,-0.010611532998991166,0.07412448405168484,2.7847000921790586,0.057426637855245585,-0.40006058900834374
2.535507101420284,PASSED,-0.28993559285180465,-0.010535815729607012,0.07677912627246698,2.784757312995075,0.05701794390839421,-0.4144495187467293
2.536507301460292,PASSED,-0.28994608922082926,-0.01045746073961132,0.07940556581117683,2.7848141179837262,0.05659495203281488,-0.4286867801343912
2.5375075015003,PASSED,-0.28995650593328454,-0.0103764966623936,0.08200308482208218,2.7848704929245174,0.05615781628112634,-0.4427683993913122
2.538507701540308,PASSED,-0.28996684039482845,-0.010292952843065988,0.08457097566463238,2.7849264237529763,0.05570669465538372,-0.45669044331014863
2.539507901580316,PASSED,-0.28997709004081396,-0.010206859328729088,0.0871085401184136,2.78498189656449,0.0552417489278593,-0.4704492503339433
2.540508101620324,PASSED,-0.2899872523369847,-0.010118246856303586,0.08961509396356297,2.78503689761811,0.05476314462334237,-0.48404100730558225
2.541508301660332,PASSED,-0.28999732478016066,-0.010027146842976207,0.09208995956992454,2.785091413340308,0.05427105106209195,-0.4974619305469857
2.54250850170034,PASSED,-0.2900073048989123,-0.009933591375577738,0.09453247261749938,2.7851454303286474,0.053765641169867553,-0.5107085333426706
2.543508701740348,PASSED,-0.29001719025422396,-0.009837613197208276,0.09694198220410391,2.7851989353554245,0.053247091455243256,-0.523777168812049
2.544508901780356,PASSED,-0.29002697844014613,-0.009739245698564526,0.09931784293684799,2.785251915371222,0.05271558200411981,-0.5366643059977116
2.545509101820364,PASSED,-0.29003666708443604,-0.00963852290571523,0.10165942612426221,2.785304357508428,0.05217129636440225,-0.5493665288641211
2.546509301860372,PASSED,-0.29004625384918664,-0.009535479466666701,0.10396611433137128,2.785356249084668,0.0516144214726148,-0.5618804670696693
2.54750950190038,PASSED,-0.2900557364314446,-0.009430150641898935,0.10623729839202838,2.7854075776061893,0.051045147637066204,-0.5742027478678765
2.548509701940388,PASSED,-0.29006511256381506,-0.009322572291632207,0.108472384849862,2.7854583307711853,0.050463668466452304,-0.5863301191112484
2.549509901980396,PASSED,-0.2900743800150554,-0.00921278086254277,0.11067079191582259,2.7855084964730312,0.04987018074003351,-0.5982594646238155
2.550510102020404,PASSED,-0.290083536590657,-0.009100813377514432,0.11283194710334722,2.785558062803481,0.04926488441915869,-0.609987558375489
2.551510302060412,PASSED,-0.29009258013341327,-0.008986707421449509,0.11495529537264147,2.7856070180557913,0.048647982580204904,-0.6215113593393089
2.55251050210042,PASSED,-0.2901015085239768,-0.008870501129517237,0.11704028963869241,2.785655350727752,0.04801968124862297,-0.6328279797436873
2.553510702140428,PASSED,-0.2901103196814028,-0.008752233174659684,0.11908639833679387,2.785703049524696,0.04738018944620013,-0.6439343508756152
2.554510902180436,PASSED,-0.2901190115636801,-0.00863194275423384,0.12109310181854376,2.785750103362396,0.04672971908967062,-0.6548276936321064
2.555511102220444,PASSED,-0.29012758216824946,-0.00850966957694314,0.12305989427213761,2.785796501369914,0.046068484849068635,-0.6655052719152366
2.556511302260452,PASSED,-0.29013602953250844,-0.008385453850472223,0.12498628127010332,2.785842232892379,0.04539670417602532,-0.6759642737953658
2.55751150230046,PASSED,-0.2901443517343037,-0.008259336267966292,0.12687178332981522,2.785887287493681,0.04471459718941568,-0.6862021284858368
2.558511702340468,PASSED,-0.2901525468924091,-0.008131357993886298,0.1287159345801127,2.785931654959119,0.04402238658305051,-0.6962162582847244
2.559511902380476,PASSED,-0.2901606131669916,-0.008001560652057616,0.13051827999439422,2.7859753252979322,0.043320297567650316,-0.7060041868104914
2.560512102420484,PASSED,-0.29016854876006265,-0.007869986310965811,0.1322783818234106,2.7860182887458147,0.04260855783983659,-0.7155634218158986
2.561512302460492,PASSED,-0.2901763519159165,-0.007736677470278467,0.13399581326329948,2.786060535767308,0.04188739744549486,-0.7248917093589451
2.5625125025005002,PASSED,-0.2901840209215547,-0.007601677047633724,0.13567016223237124,2.786102057058144,0.04115704871036169,-0.7339867523159948
2.5635127025405082,PASSED,-0.29019155410709674,-0.007465028364539351,0.13730103033570742,2.786142843547504,0.04041774621998168,-0.7428463157560232
2.5645129025805162,PASSED,-0.2901989498461771,-0.007326775132045915,0.13888803393192192,2.786182886400208,0.03966972669958365,-0.7514683234927166
2.5655131026205242,PASSED,-0.2902062065563276,-0.007186961436656985,0.14043080302693492,2.7862221770188262,0.038913228931326066,-0.7598507314341734
2.5665133026605322,PASSED,-0.29021332269934663,-0.0070456317276423154,0.14192897967315915,2.786260707045713,0.03814849370956456,-0.7679915486464032
2.5675135027005402,PASSED,-0.2902202967816534,-0.006902830801089458,0.14338222447265553,2.7862984683649503,0.0373757637291952,-0.7758889348513287
2.5685137027405482,PASSED,-0.29022712735462874,-0.006758603786325626,0.14479020829128386,2.786335453104245,0.03659528353848551,-0.7835410279485872
2.5695139027805562,PASSED,-0.2902338130149407,-0.006612996131752182,0.14615261876155147,2.7863716536367273,0.03580729946644798,-0.7909461014301735
2.5705141028205643,PASSED,-0.29024035240485696,-0.006466053590820106,0.14746915571242664,2.7864070625826565,0.0350120594720927,-0.7981025896386726
2.5715143028605723,PASSED,-0.29024674421254143,-0.006317822206317579,0.14873953702926088,2.7864416728110846,0.03420981315742739,-0.8050087980164035
2.5725145029005803,PASSED,-0.29025298717233783,-0.006168348296956497,0.14996349091562833,2.7864754774414124,0.033400811667523456,-0.8116632844956174
2.5735147029405883,PASSED,-0.29025908006503753,-0.0060176784430690956,0.15114076253524886,2.7865084698448825,0.03258530755466181,-0.8180646651056607
2.5745149029805963,PASSED,-0.2902650217181335,-0.005865859470678507,0.15227111229414841,2.7865406436459716,0.03176355474084429,-0.824211579625431
2.5755151030206043,PASSED,-0.29027081100605984,-0.005712938438145523,0.15335431269220773,2.786571992723726,0.03093580845811934,-0.8301027514579569
2.5765153030606123,PASSED,-0.29027644685041554,-0.005558962620641726,0.15439015404485634,2.786602511213017,0.03010232514861453,-0.8357370148693816
2.5775155031006203,PASSED,-0.29028192822017496,-0.005403979496284132,0.15537843789941963,2.7866321935056844,0.029263362333882468,-0.8411133479738467
2.5785157031406283,PASSED,-0.29028725413188283,-0.005248036731168411,0.15631898325992236,2.7866610342516407,0.028419178620499957,-0.8462306236549512
2.5795159031806363,PASSED,-0.29029242364983443,-0.005091182163342816,0.15721162420270865,2.786689028359867,0.02757003358765369,-0.8510879723071428
2.5805161032206443,PASSED,-0.29029743588624124,-0.004933463789702809,0.15805620659820713,2.786716170999336,0.026716187654179577,-0.8556845742520973
2.5815163032606523,PASSED,-0.29030229000138214,-0.00477492975133995,0.15885259287262668,2.7867424575998645,0.025857902078800267,-0.860019576130782
2.5825165033006603,PASSED,-0.29030698520373893,-0.00461562831652959,0.15960066276884927,2.7867678838528573,0.024995438828830874,-0.8640923658618014
2.5835167033406683,PASSED,-0.2903115207501182,-0.004455607868486239,0.16030030489301733,2.786792445712008,0.02412906050648226,-0.8679022933398229
2.5845169033806763,PASSED,-0.29031589594575724,-0.004294916889760931,0.16095142794683454,2.7868161393938817,0.02325903028390755,-0.8714488420646358
2.5855171034206843,PASSED,-0.29032011014441617,-0.0041336039459407324,0.16155395440244072,2.7868389613784394,0.02238561179428069,-0.8747315880016797
2.5865173034606923,PASSED,-0.29032416274845463,-0.003971717672993692,0.16210781864344245,2.7868609084094844,0.02150906909298907,-0.8777501101515822
2.5875175035007003,PASSED,-0.290328053208894,-0.0038093067622440757,0.162612972153731,2.7868819774949998,0.02062966652718067,-0.8805042029129414
2.5885177035407083,PASSED,-0.29033178102546464,-0.0036464199433702883,0.16306938335382432,2.7869021659074393,0.01974766868038888,-0.8829936093776874
2.5895179035807163,PASSED,-0.29033534574663894,-0.003483105972622655,0.1634770290101728,2.786921471183917,0.018863340316364236,-0.8852182004559527
2.5905181036207243,PASSED,-0.2903387469696489,-0.003319413617097641,0.16383590653490765,2.7869398911263126,0.017976946233653732,-0.8871780042135398
2.5915183036607323,PASSED,-0.29034198434048925,-0.0031553916383187425,0.1641460269415595,2.786957423801318,0.017088751246210888,-0.8888729762623813
2.5925185037007403,PASSED,-0.29034505755390677,-0.0029910887805278956,0.1644074116903716,2.786974067540378,0.016199020086518787,-0.8903032819785797
2.5935187037407483,PASSED,-0.2903479663533736,-0.002826553754689457,0.1646201019371503,2.7869898209395756,0.0153080173046051,-0.8914691152037572
2.5945189037807563,PASSED,-0.2903507105310471,-0.002661835222651593,0.16478415210500746,2.7870046828594006,0.014416007188051609,-0.8923707841199798
2.5955191038207643,PASSED,-0.2903532899277147,-0.002496981785132302,0.16489962779547992,2.787018652424492,0.013523253738669062,-0.8930085595575891
2.5965193038607723,PASSED,-0.29035570443272435,-0.002332041966235974,0.16496661296355994,2.7870317290232443,0.012630020523997481,-0.8933829847475753
2.5975195039007803,PASSED,-0.29035795398390063,-0.0021670641977525134,0.16498520549672818,2.787043912307381,0.011736570615538549,-0.8934945242665053
2.5985197039407884,PASSED,-0.2903600385674467,-0.002002096807462193,0.1649555134860489,2.7870552021914183,0.01084316655178989,-0.8933437567367609
2.5995199039807964,PASSED,-0.29036195821783123,-0.0018371880028290933,0.16487766539780055,2.7870655988520583,0.009950070199013904,-0.8929314168021335
2.6005201040208044,PASSED,-0.2903637130176624,-0.0016723858569741782,0.16475179949299174,2.7870751027275227,0.00905754271892278,-0.8922581889504513
2.6015203040608124,PASSED,-0.2903653030975464,-0.0015077382961389987,0.16457806839663788,2.7870837145167755,0.008165844472432664,-0.8913249515165584
2.6025205041008204,PASSED,-0.29036672863593277,-0.0013432930841138862,0.16435664111076217,2.787091435178695,0.007275234933891088,-0.890132596558256
2.6035207041408284,PASSED,-0.2903679898589455,-0.0011790978082445848,0.16408769904166048,2.7870982659311605,0.006385972642147188,-0.8886820885343294
2.6045209041808364,PASSED,-0.2903690870402002,-0.0010151998671148767,0.1637714358550733,2.7871042082500557,0.005498315096273657,-0.8869745174329992
2.6055211042208444,PASSED,-0.29037002050060723,-0.0008516464553774827,0.16340806232560756,2.7871092638682153,0.004612518698709372,-0.8850109843184755
2.6065213042608524,PASSED,-0.29037079060816195,-0.0006884845503925207,0.1629978000911984,2.787113434774265,0.0037288386614354675,-0.8827927392441907
2.6075215043008604,PASSED,-0.29037139777772014,-0.0005257608986165168,0.16254088623254082,2.7871167232114233,0.00284752895220429,-0.8803210225558356
2.6085217043408684,PASSED,-0.2903718424707611,-0.00036352200311143946,0.1620375683534351,2.7871191316761985,0.0019688422168371946,-0.8775972105746019
2.6095219043808764,PASSED,-0.29037212519513667,-0.00020181410926170648,0.16148811084726494,2.7871206629170286,0.0010930296797305853,-0.8746227547946147
2.6105221044208844,PASSED,-0.29037224650480686,-4.06831904711545e-05,0.16089279075274338,2.7871213199328495,0.00022034111413075737,-0.8713991061366368
2.6115223044608924,PASSED,-0.29037220699956284,0.00011982506236395612,0.16025189422335542,2.7871211059715697,-0.000648975270246321,-0.8679279032040395
2.6125225045009004,PASSED,-0.29037200732473645,0.0002796652550620041,0.15956572501450964,2.7871200245285106,-0.0015146728690751462,-0.8642107292453491
2.6135227045409084,PASSED,-0.2903716481708969,0.00043879230479905993,0.1588345995520866,2.787118079344724,-0.0023765067826553347,-0.8602493698034152
2.6145229045809164,PASSED,-0.29037113027353484,0.0005971614496022924,0.15805884163732972,2.7871152744053056,-0.0032342338433692464,-0.8560455213209094
2.6155231046209244,PASSED,-0.290370454412733,0.0007547282634279405,0.15723879528452697,2.787111613937575,-0.0040876127206600915,-0.8516011146041358
2.6165233046609324,PASSED,-0.2903696214128257,0.0009114486680507895,0.15637481084839727,2.787107102409215,-0.004936404018938684,-0.8469180873948979
2.61752350470094,PASSED,-0.29036863214204417,0.0010672789443004769,0.1554672531838809,2.787101744526356,-0.005780370250537097,-0.8419983277340881
2.618523704740948,PASSED,-0.2903674875121511,0.0012221757461345162,0.15451650093414496,2.7870955452315718,-0.0066192759612978755,-0.836843966111905
2.619523904780956,PASSED,-0.290366188478062,0.0013760961115989148,0.15352294181790135,2.7870885097018077,-0.007452887857199464,-0.8314571824280436
2.620524104820964,PASSED,-0.29036473603745555,0.0015289974741889674,0.15248697643815315,2.7870806433462603,-0.008280974752664988,-0.8258400374905099
2.621524304860972,PASSED,-0.29036313123037094,0.0016808376762761552,0.1514090191865439,2.7870719518041787,-0.009103307675382045,-0.8199948462014203
2.62252450490098,PASSED,-0.2903613751387945,0.001831574979555251,0.15028949267413075,2.7870624409426012,-0.00991966000538135,-0.8139239858645639
2.623524704940988,PASSED,-0.2903594688862344,0.001981168076048963,0.14912883237343283,2.7870521168540434,-0.01072980743415548,-0.8076297240471757
2.624524904980996,PASSED,-0.29035741363728373,0.002129576101112457,0.14792748685686946,2.7870409858541034,-0.011533528056024766,-0.801114553750694
2.625525105021004,PASSED,-0.2903552105971731,0.002276758642999976,0.1466859119079519,2.7870290544790204,-0.012330602485476107,-0.7943810132517717
2.626525305061012,PASSED,-0.29035286101131114,0.0024226757544421147,0.1454045777982629,2.7870163294831647,-0.01312081385480544,-0.787431606714374
2.62752550510102,PASSED,-0.2903503661648152,0.002567287963440192,0.14408396313128674,2.7870028178364694,-0.013903947876323765,-0.7802689647209595
2.628525705141028,PASSED,-0.29034772738203046,0.0027105562839413056,0.1427245587476653,2.7869885267218115,-0.014679792939780948,-0.7728957959479992
2.629525905181036,PASSED,-0.2903449460260391,0.0028524422261429023,0.14132686450421791,2.7869734635323336,-0.01544814012469768,-0.765314777562553
2.630526105221044,PASSED,-0.29034202349815863,0.002992907806735489,0.139891391318166,2.7869576358686827,-0.016208783305693468,-0.7575287832846109
2.631526305261052,PASSED,-0.2903389612374306,0.0031319155592356,0.1384186599547408,2.786941051536235,-0.016961519170844305,-0.7495405863949882
2.63252650530106,PASSED,-0.29033576072009837,0.003269428544188096,0.13690920161766618,2.786923718542241,-0.01770614725443803,-0.7413530817262138
2.633526705341068,PASSED,-0.2903324234590764,0.0034054103574971835,0.13536355443670162,2.7869056450929204,-0.018442470063232724,-0.7329692935070107
2.634526905381076,PASSED,-0.29032895100340866,0.0035398251413382444,0.13378227011063348,2.7868868395905024,-0.019170293082850117,-0.7243921703576438
2.635527105421084,PASSED,-0.2903253449377181,0.00367263759401251,0.13216590771668654,2.7868673106302233,-0.01988942479796556,-0.7156247449539772
2.636527305461092,PASSED,-0.29032160688164715,0.0038038129772008183,0.13051503350272234,2.786847066997264,-0.020599676805565906,-0.7066701826979284
2.6375275055011,PASSED,-0.2903177384892885,0.00393331712578757,0.1288302253094384,2.786826117663647,-0.021300863837690306,-0.6975315984087138
2.638527705541108,PASSED,-0.29031374144860755,0.004061116457996936,0.12711207014265125,2.786804471785076,-0.02199280378471734,-0.6882121794392508
2.639527905581116,PASSED,-0.2903096174808561,0.004187177981590504,0.12536115922751062,2.786782138697733,-0.022675317780422848,-0.678715206549679
2.640528105621124,PASSED,-0.29030536833997744,0.004311469303545832,0.12357809710720646,2.786759127915035,-0.02334823022528111,-0.6690439370639915
2.641528305661132,PASSED,-0.29030099581200286,0.0044339586392201065,0.12176349471898691,2.7867354491243304,-0.024011368836911868,-0.6592017280085989
2.64252850570114,PASSED,-0.2902965017144409,0.004554614817858895,0.11991796791865668,2.7867111121835717,-0.02466456468858157,-0.6491919341104395
2.643528705741148,PASSED,-0.290291887895658,0.004673407291658804,0.11804214438741074,2.7866861271179144,-0.02530765227793702,-0.6390180261854579
2.644528905781156,PASSED,-0.2902871562342521,0.004790306144700187,0.11613665881069761,2.786660504116331,-0.025940469497800163,-0.6286833489815958
2.645529105821164,PASSED,-0.29028230863841825,0.004905282097588303,0.11420214893972817,2.786634253528108,-0.026562857766565917,-0.6181915486218584
2.646529305861172,PASSED,-0.29027734704530694,0.005018306516211101,0.11223926507817673,2.786607385859376,-0.02717466202275012,-0.6075460612257637
2.64752950590118,PASSED,-0.2902722734203763,0.005129351418821907,0.11024866096589216,2.786579911769546,-0.02777573073304784,-0.5967504763456921
2.648529705941188,PASSED,-0.2902670897567366,0.005238389481640269,0.10823099738667392,2.7865518420677517,-0.028365915975704592,-0.585808420197455
2.649529905981196,PASSED,-0.2902617980744883,0.00534539404618381,0.10618694264811979,2.786523187709233,-0.028945073464137543,-0.5747235339232819
2.650530106021204,PASSED,-0.29025640042005413,0.005450339125559939,0.10411717052813722,2.7864939597916765,-0.029513062576166052,-0.5634994974319956
2.651530306061212,PASSED,-0.2902508988655045,0.005553199409814024,0.10202236007138306,2.7864641695515613,-0.030069746357502227,-0.5521399706056279
2.65253050610122,PASSED,-0.2902452955078776,0.0056539502723023174,0.09990319743290162,2.7864338283604173,-0.030614991622058694,-0.5406487938570219
2.653530706141228,PASSED,-0.2902395924684931,0.0057525677754788835,0.0977603736723434,2.78640294772111,-0.031148668919728593,-0.5290296335451562
2.654530906181236,PASSED,-0.290233791892261,0.0058490286756276155,0.0955945844663256,2.7863715392640604,-0.03167065256016463,-0.5172863116966265
2.655531106221244,PASSED,-0.29022789594698445,0.005943310428345904,0.09340653155292998,2.786339614743438,-0.03218082072042894,-0.5054227259761054
2.656531306261252,PASSED,-0.2902219068226584,0.006035391193810649,0.09119692140595478,2.7863071860333415,-0.03267905539050031,-0.49344263280155126
2.65753150630126,PASSED,-0.2902158267307628,0.006125249841109297,0.0889664645604444,2.7862742651239447,-0.03316524240561433,-0.48134993665567144
2.658531706341268,PASSED,-0.2902096579035515,0.006212865952233082,0.08671587549934483,2.786240864117624,-0.03363927151736921,-0.46914856182102677
2.659531906381276,PASSED,-0.29020340259333655,0.006298219827731892,0.08444587549845242,2.786206995225054,-0.03410103638536468,-0.45684240544509497
2.660532106421284,PASSED,-0.2901970630717686,0.006381292489517615,0.08215718597723706,2.7861726707612893,-0.03455043458245485,-0.44443539152022526
2.661532306461292,PASSED,-0.2901906416291134,0.006462065684500421,0.07985053431985249,2.786137903141811,-0.03498736766311256,-0.43193154008269447
2.6625325065013,PASSED,-0.29018414057352415,0.006540521889795101,0.07752665261123062,2.7861027048785862,-0.035411741128884344,-0.4193347495645012
2.663532706541308,PASSED,-0.2901775622303111,0.006616644314240605,0.0751862723350195,2.7860670885760705,-0.03582346446848673,-0.4066490662943069
2.664532906581316,PASSED,-0.29017090894120734,0.006690416902105145,0.07283013155088659,2.786031066927215,-0.036222451205372846,-0.39387851728066403
2.665533106621324,PASSED,-0.29016418306363184,0.006761824336904952,0.07045897029908779,2.7859946527094586,-0.03660861885489504,-0.3810270710165388
2.666533306661332,PASSED,-0.29015738696994975,0.006830852042659344,0.06807352939126249,2.7859578587806952,-0.03698188896624207,-0.3680988049006998
2.66753350670134,PASSED,-0.29015052304673,0.006897486186753618,0.06567455389628138,2.785920698075247,-0.03734218714436705,-0.35509776027450557
2.668533706741348,PASSED,-0.2901435936940008,0.006961713682984571,0.06326279112073284,2.785883183599783,-0.03768944307574373,-0.34202804544478066
2.669533906781356,PASSED,-0.2901366013245027,0.007023522192734264,0.060838988835665304,2.7858453284292994,-0.03802359045272806,-0.3288935980106868
2.670534106821364,PASSED,-0.29012954836294036,0.007082900125965362,0.0584038961613862,2.7858071457030125,-0.03834456708441359,-0.31569865413542997
2.671534306861372,PASSED,-0.29012243724523207,0.007139836644640743,0.05595826701804395,2.785768648620293,-0.03865231489270646,-0.302447244397824
2.67253450690138,PASSED,-0.2901152704177583,0.007194321662883047,0.05350285239181154,2.78572985043658,-0.03894677982369458,-0.2891433887149816
2.673534706941388,PASSED,-0.2901080503366091,0.007246345847189206,0.05103840558239147,2.785690764459293,-0.03922791193620081,-0.2757912617003938
2.674534906981396,PASSED,-0.2901007794668299,0.007295900619325067,0.048565683171506675,2.7856514040437275,-0.03949566543213367,-0.26239498542116974
2.675535107021404,PASSED,-0.29009346028166777,0.007342978155214802,0.046085437701886625,2.785611782588956,-0.03974999857480974,-0.24895858084601416
2.676535307061412,PASSED,-0.29008609526181617,0.007387571385586238,0.043598425484469044,2.7855719135337353,-0.03999087371014372,-0.23548617165926955
2.67753550710142,PASSED,-0.2900786868946596,0.007429673997232101,0.041105402420125114,2.7855318103523983,-0.040218257334200994,-0.22198192565594738
2.678535707141428,PASSED,-0.29007123767351917,0.007469280431212595,0.03860712168740639,2.785491486550762,-0.04043212001384822,-0.2084498489747455
2.679535907181436,PASSED,-0.2900637500968967,0.007506385883953249,0.036104340109485156,2.7854509556620144,-0.040632436410138285,-0.19489409450026485
2.680536107221444,PASSED,-0.2900562266677209,0.007540986306259393,0.03359781043725075,2.7854102312426288,-0.04081918530440386,-0.1813187607757647
2.681536307261452,PASSED,-0.29004866989259315,0.007573078401735518,0.031088285502040403,2.785369326868277,-0.04099234953135957,-0.16772787107568085
2.68253650730146,PASSED,-0.2900410822810344,0.007602659627819409,0.028576519805124,2.7853282561297372,-0.04115191602072205,-0.1541255682203495
2.683536707341468,PASSED,-0.29003346634473337,0.007629728192334037,0.02606326098763136,2.7852870326288044,-0.04129787581655703,-0.14051594757806238
2.684536907381476,PASSED,-0.2900258245967961,0.007654283052473849,0.023549259574597914,2.7852456699742505,-0.04143022395832724,-0.126902937898304
2.685537107421484,PASSED,-0.29001815955099625,0.00767632391591417,0.021035266017470772,2.7852041817777273,-0.04154895958609904,-0.11329075435412433
2.686537307461492,PASSED,-0.29001047372102834,0.007695851235111818,0.018522021317766608,2.785162581649745,-0.041654085896619786,-0.09968334796515567
2.6875375075015002,PASSED,-0.2900027696197622,0.007712866206050588,0.016010270686104736,2.785120883195615,-0.04174561007911418,-0.08608473884722019
2.6885377075415082,PASSED,-0.28999504975849955,0.007727370769310609,0.013500758309299069,2.7850791000114294,-0.04182354337029098,-0.0724989927298472
2.6895379075815162,PASSED,-0.28998731664623356,0.00773936760342798,0.010994217989419191,2.7850372456800474,-0.04188790101887036,-0.05893008581239832
2.6905381076215242,PASSED,-0.2899795727889105,0.0077488601229572405,0.008491387222488255,2.784995333767097,-0.04193870224337135,-0.045381983626718386
2.6915383076615322,PASSED,-0.2899718206886944,0.007755852478391013,0.0059930009079626236,2.7849533778169993,-0.04197597023343043,-0.03185866101397881
2.6925385077015402,PASSED,-0.2899640628432347,0.007760349550244893,0.003499785817824447,2.784911391348998,-0.04199973215589995,-0.01836409677321934
2.6935387077415482,PASSED,-0.2899563017449373,0.007762356944862415,0.0010124671506543121,2.7848693878532154,-0.04201001910272214,-0.004902180188172001
2.6945389077815562,PASSED,-0.289948539880239,0.007761880994454879,-0.0014682287796629104,2.7848273807867274,-0.042006866070620416,0.008523173628321338
2.6955391078215643,PASSED,-0.2899407797288852,0.007758928751431609,-0.0039415858523426965,2.7847853835696665,-0.041990311956332495,0.021908074727659863
2.6965393078615723,PASSED,-0.2899330237632125,0.007753507981849659,-0.0064068920683556935,2.784743409581321,-0.04196039954816452,0.035248630461517876
2.6975395079015803,PASSED,-0.28992527444743416,0.007745627165644286,-0.008863432296716114,2.784701472156288,-0.04191717546443804,0.048541052569806016
2.6985397079415883,PASSED,-0.28991753423693045,0.007735295491157486,-0.01131050261352333,2.784659584580641,-0.04186069012721508,0.06178152699173524
2.6995399079815963,PASSED,-0.28990980557754364,0.007722522847342896,-0.013747404615300121,2.784617760088103,-0.04179099780411878,0.07496618716600671
2.7005401080216043,PASSED,-0.28990209090487734,0.007707319822170173,-0.016173438877672055,2.784576011856279,-0.04170815650719087,0.08809137010252094
2.7015403080616123,PASSED,-0.2898943926436006,0.007689697698474651,-0.018587913574089066,2.7845343530028814,-0.041612227982753366,0.10115329399415854
2.7025405081016203,PASSED,-0.2898867132067576,0.007669668445258709,-0.020990146310511004,2.7844927965820174,-0.04150327771135036,0.11414825634224382
2.7035407081416283,PASSED,-0.28987905499508176,0.007647244714531942,-0.02337945367093827,2.7844513555804777,-0.04138137485593792,0.127072588125895
2.7045409081816363,PASSED,-0.2898714203963163,0.007622439836476964,-0.025755160977671946,2.7844100429140655,-0.04124659223100756,0.1399226494666731
2.7055411082216443,PASSED,-0.28986381178453957,0.0075952678120177345,-0.028116600113600235,2.784368871423968,-0.04109900626404717,0.15269484528953073
2.7065413082616523,PASSED,-0.2898562315194965,0.007565743307892461,-0.03046310679972291,2.7843278538731404,-0.04093869698777139,0.1653855635999475
2.7075415083016603,PASSED,-0.28984868194593655,0.007533881650247548,-0.032794024875040934,2.784287002942735,-0.040765747994387244,0.1779912799069457
2.7085417083416683,PASSED,-0.28984116539295635,0.007499698818988091,-0.03510870218240098,2.7842463312285637,-0.04058024637920535,0.19050850536519337
2.7095419083816763,PASSED,-0.2898336841733508,0.00746321144001851,-0.03740649682770071,2.784205851237593,-0.0403822827346801,0.20293373729861416
2.7105421084216843,PASSED,-0.28982624058296885,0.007424436779721452,-0.039686769276628966,2.784165575384472,-0.040171951117139025,0.21526353770272236
2.7115423084616923,PASSED,-0.2898188369000769,0.007383392738707819,-0.041948888838303354,2.784125515988111,-0.03994934896444095,0.22749456269497867
2.7125425085017003,PASSED,-0.2898114753847291,0.007340097842649306,-0.044192234205319016,2.7840856852682805,-0.03971457710596179,0.2396233890019585
2.7135427085417083,PASSED,-0.2898041582781441,0.007294571237576614,-0.046416185650939204,2.784046095342249,-0.0394677397350793,0.25164669213618596
2.7145429085817163,PASSED,-0.2897968878020894,0.007246832681632714,-0.04862013613920707,2.7840067582214907,-0.039208944276589025,0.26356130272632866
2.7155431086217243,PASSED,-0.28978966615827334,0.007196902536836002,-0.05080348390171516,2.7839676858083893,-0.03893830144781056,0.2753638461465484
2.7165433086617323,PASSED,-0.2897824955277441,0.0071448017626284015,-0.05296563441152397,2.783928889893008,-0.038655925213733955,0.2870511593633174
2.7175435087017403,PASSED,-0.2897753780702964,0.007090551907980548,-0.0551060014720728,2.7838903821499152,-0.038361932626852474,0.2986202052269304
2.7185437087417483,PASSED,-0.2897683159238867,0.007034175102721798,-0.05722400778320096,2.7838521741350117,-0.0380564439182328,0.31006771088150514
2.7195439087817563,PASSED,-0.2897613112040552,0.006975694050441058,-0.0593190819457657,2.7838142772824463,-0.03773958242203863,0.32139068640261487
2.7205441088217643,PASSED,-0.28975436600335747,0.006915132019276603,-0.06139066397691345,2.783776702901541,-0.03741147445819835,0.332586148798723
2.7215443088617723,PASSED,-0.28974748239080306,0.006852512834245881,-0.0634381990665935,2.7837394621737883,-0.037072249356169956,0.3436510708481657
2.7225445089017803,PASSED,-0.28974066241130303,0.006787860869186959,-0.06546114238714246,2.783702566149868,-0.036722039427707666,0.3545825002050482
2.7235447089417884,PASSED,-0.2897339080851264,0.006721201036603986,-0.06745895938019385,2.783666025746747,-0.03636097982500572,0.36537767103321
2.7245449089817964,PASSED,-0.2897272214073647,0.006652558780045383,-0.06943112134420985,2.783629851744781,-0.03598920858011569,0.37603362746123387
2.7255451090218044,PASSED,-0.2897206043474057,0.00658196006561645,-0.07137710981874774,2.783594054784895,-0.035606866558763786,0.38654761727901554
2.7265453090618124,PASSED,-0.28971405884841606,0.006509431371565152,-0.07329641687299841,2.783558645365822,-0.0352140973116518,0.3969170003339624
2.7275455091018204,PASSED,-0.2897075868268333,0.00643499967968035,-0.07518854189267171,2.7835236338413525,-0.034811047130788135,0.40713896788347004
2.7285457091418284,PASSED,-0.28970119017186596,0.006358692467330699,-0.07705299265430238,2.783489030417668,-0.034397864989433424,0.41721092366888235
2.7295459091818364,PASSED,-0.28969487074500494,0.006280537695800332,-0.07888929078107657,2.78345484515071,-0.03397470240862192,0.42713035223993234
2.7305461092218444,PASSED,-0.28968863037954257,0.00620056380172568,-0.08069696293703713,2.783421087943609,-0.03354171347604307,0.4368946528047893
2.7315463092618524,PASSED,-0.2896824708801021,0.0061187996888145526,-0.08247554622718614,2.7833877685441557,-0.03309905480436777,0.4465013509223048
2.7325465093018604,PASSED,-0.28967639402217704,0.006035274715591806,-0.08422459121978747,2.7833548965423276,-0.03264688542786059,0.4559480602304194
2.7335467093418684,PASSED,-0.28967040155167945,0.005950018687287875,-0.08594365302669289,2.783322481367884,-0.03218536675275535,0.46523241835512347
2.7345469093818764,PASSED,-0.2896644951844992,0.005863061845814595,-0.0876323004376723,2.783290532287984,-0.031714662567601026,0.47435202968712037
2.7355471094218844,PASSED,-0.28965867660607264,0.005774434858632307,-0.08929011167869946,2.7832590584048886,-0.031234938924483913,0.48330471873711134
2.7365473094618924,PASSED,-0.28965294747096126,0.005684168809403819,-0.09091667426168103,2.7832280686537008,-0.030746364078099317,0.4920882648162562
2.7375475095019004,PASSED,-0.2896473094024411,0.005592295187897349,-0.09251158633632889,2.783197571800171,-0.030249108485460828,0.5007004778533124
2.7385477095419084,PASSED,-0.2896417639921018,0.005498845879221069,-0.09407445690291406,2.7831675764385406,-0.029743344728516283,0.5091392763386947
2.7395479095819164,PASSED,-0.28963631279945695,0.005403853152547157,-0.09560490652124372,2.7831380909894676,-0.029229247413393073,0.5174026743128862
2.7405481096219244,PASSED,-0.2896309573515638,0.0053073496529967975,-0.09710256156977022,2.783109123697983,-0.028706993173462658,0.5254886170087689
2.7415483096619324,PASSED,-0.2896256991426546,0.005209368388743751,-0.0985670660418975,2.783080682631529,-0.028176760589748658,0.53339522818415
2.7425485097019404,PASSED,-0.2896205396337778,0.005109942720585654,-0.0999980695688982,2.7830527756780286,-0.027638730119173217,0.5411206321696403
2.7435487097419484,PASSED,-0.2896154802524505,0.005009106352754427,-0.1013952333394454,2.78302541054404,-0.02709308404977623,0.5486630275485521
2.7445489097819564,PASSED,-0.2896105223923211,0.004906893320663192,-0.10275823125909635,2.7829985947529416,-0.026540006456915347,0.5560206364024439
2.7455491098219644,PASSED,-0.289605667412844,0.004803337979361469,-0.10408674799680775,2.782972335643201,-0.025979683116015253,0.5631918105651967
2.7465493098619724,PASSED,-0.2896009166389637,0.004698474995142101,-0.1053804750344088,2.782946640366686,-0.02541230144894315,0.5701749047433773
2.7475495099019804,PASSED,-0.2895962713608109,0.004592339332858968,-0.10663912044894841,2.782921515887045,-0.024838050485517134,0.5769683358811042
2.7485497099419884,PASSED,-0.2895917328334096,0.004484966242620888,-0.107862403430835,2.7828969689781395,-0.024257120789485116,0.5835706027992944
2.7495499099819964,PASSED,-0.2895873022763949,0.004376391253560192,-0.10905004614726765,2.7828730062225326,-0.0236697044017938,0.589980244285995
2.7505501100220044,PASSED,-0.28958298087374246,0.004266650159360922,-0.1102017929006052,2.7828496340100606,-0.023075994754448197,0.5961959160520076
2.7515503100620124,PASSED,-0.28957876977350866,0.004155779006401196,-0.11131739299914085,2.7828268585364344,-0.022476186659128664,0.6022162148312157
2.7525505101020205,PASSED,-0.2895746700875824,0.00404381408485331,-0.11239660724704914,2.7828046858019206,-0.021870476226611313,0.6080399109747682
2.7535507101420285,PASSED,-0.2895706828914486,0.003930791916150805,-0.1134392096728084,2.7827831216100836,-0.021259060761644816,0.6136658342943165
2.7545509101820365,PASSED,-0.2895668092239618,0.003816749241483794,-0.11444498466314605,2.7827621715665747,-0.020642138774919192,0.619092755013159
2.7555511102220445,PASSED,-0.2895630500871324,0.0037017230099329035,-0.11541372947605393,2.7827418410779976,-0.02001990989048213,0.6243196373863262
2.7565513102620525,PASSED,-0.2895594064459238,0.003585750368667113,-0.11634524912561475,2.7827221353508307,-0.019392574742606854,0.6293454882012485
2.7575515103020605,PASSED,-0.2895558792280613,0.0034688686500005486,-0.11723936502719685,2.782703059390404,-0.018760334986587256,0.6341692678984981
2.7585517103420685,PASSED,-0.28955246932385176,0.003351115360136738,-0.11809590642155314,2.7826846179999403,-0.018123393212927826,0.6387901108333818
2.7595519103820765,PASSED,-0.28954917758601556,0.003232528168102665,-0.1189147157757531,2.7826668157796774,-0.017481952824781516,0.643207239688258
2.7605521104220845,PASSED,-0.2895460048295298,0.003113144894091301,-0.1196956461684383,2.7826496571260098,-0.016836218075722092,0.6474197553068662
2.7615523104620925,PASSED,-0.289542951831483,0.0029930034975674817,-0.1204385634274065,2.7826331462307445,-0.0161863939488269,0.6514270412874107
2.7625525105021005,PASSED,-0.28954001933094103,0.0028721420662472133,-0.12114334324884349,2.782617287080379,-0.015532686069123813,0.655228438646869
2.7635527105421085,PASSED,-0.28953720802882565,0.0027505988036583304,-0.12180987548224247,2.7826020834554384,-0.014875300747859978,0.6588232430084763
2.7645529105821165,PASSED,-0.2895345185878032,0.0026284120186002903,-0.12243805810857164,2.782587538929932,-0.014214444778537663,0.6622111201982097
2.7655531106221245,PASSED,-0.28953195163218626,0.002505620113154797,-0.12302780367010799,2.782573656870786,-0.013550325476740488,0.6653914228631537
2.7665533106621325,PASSED,-0.2895295077478455,0.0023822615707472187,-0.12357903489922571,2.782560440437413,-0.012883150611253917,0.6683638272355154
2.7675535107021405,PASSED,-0.2895271874821345,0.002258374944908339,-0.12409168646531542,2.7825478925813,-0.012213128272865248,0.6711280124907718
2.7685537107421485,PASSED,-0.2895249913438249,0.002133998847890498,-0.12456570405285791,2.782536016045675,-0.011540466882394983,0.6736836424565927
2.7695539107821565,PASSED,-0.28952291980305406,0.002009171938901632,-0.12500104561287126,2.782524813365225,-0.010865375123612953,0.6760305029989884
2.7705541108221645,PASSED,-0.2895209732912836,0.0018839329121987454,-0.12539768076289654,2.782514286865894,-0.010188061826233143,0.6781684936336938
2.7715543108621725,PASSED,-0.28951915220126967,0.0017583204867653612,-0.12575558854704283,2.7825044386647284,-0.00950873594561267,0.6800974719449921
2.7725545109021805,PASSED,-0.2895174568870451,0.0016323733931275755,-0.12607476369828102,2.782495270669779,-0.008827606533304855,0.6818173725496948
2.7735547109421885,PASSED,-0.2895158876639123,0.0015061303634420211,-0.12635520701040345,2.782486784580075,-0.008144882612380914,0.6833282865067714
2.7745549109821965,PASSED,-0.2895144448084482,0.0013796301192202727,-0.1265969356959784,2.782478981885667,-0.007460773117352109,0.6846303007101608
2.7755551110222045,PASSED,-0.28951312855852024,0.00125291135975245,-0.12679997531571888,2.7824718638677037,-0.0067754869096725975,0.6857234789924123
2.7765553110622125,PASSED,-0.28951193911331424,0.0011260127516832417,-0.12696436323820182,2.782465431598597,-0.006089232652337085,0.6866081095642473
2.7775555111022205,PASSED,-0.289510876633373,0.0009989729169068505,-0.1270901491351843,2.782459685942238,-0.0054022187218811385,0.687284477717079
2.7785557111422285,PASSED,-0.2895099412406466,0.0008718304209716223,-0.12717739380192394,2.7824546275542654,-0.00471465323440609,0.6877528273136955
2.7795559111822365,PASSED,-0.28950913301855397,0.0007446237629916758,-0.12722616743196158,2.7824502568824094,-0.004026743937884911,0.6880136093261681
2.7805561112222446,PASSED,-0.28950845201205516,0.0006173913637649487,-0.12723655375657075,2.78244657416688,-0.003338698123701828,0.6880672840876942
2.7815563112622526,PASSED,-0.28950789822773615,0.0004901715535184285,-0.1272086479064863,2.7824435794408253,-0.0026507226256369636,0.6879143073829781
2.7825565113022606,PASSED,-0.28950747163390256,0.0003630025638295518,-0.12714255087713697,2.7824412725308494,-0.0019630237280006528,0.6875552911385328
2.7835567113422686,PASSED,-0.28950717216068694,0.00023592251309543916,-0.12703838397209638,2.7824396530575823,-0.0012758070969951278,0.6869908575835197
2.7845569113822766,PASSED,-0.28950699970016497,0.00010896939755046188,-0.12689626992689787,2.7824387204363186,-0.0005892777490464555,0.6862216748587742
2.7855571114222846,PASSED,-0.2895069541064838,-1.781891917666941e-05,-0.1267163479272869,2.782438473877696,9.636001002779243e-05,0.6852484818845639
2.7865573114622926,PASSED,-0.2895070351960011,-0.00014440471919708884,-0.12649876808250773,2.782438912388466,0.0007809026815233709,0.6840721312362549
2.7875575115023006,PASSED,-0.28950724274743417,-0.0002707504386577752,-0.12624368704613875,2.782440034772277,0.0014641475786827303,0.6826934077747623
2.7885577115423086,PASSED,-0.2895075765020212,-0.0003968186794319319,-0.12595127659283534,2.782441839630563,0.0021458929166938397,0.6811132915020077
2.7895579115823166,PASSED,-0.2895080361636917,-0.0005225722210608158,-0.1256217183195831,2.7824443253634428,0.0028259378616921713,0.6793327139958806
2.7905581116223246,PASSED,-0.2895086213992485,-0.0006479740287237452,-0.12525520055849357,2.7824474901707195,0.0035040825878942332,0.6773527343395161
2.7915583116623326,PASSED,-0.28950933183856,-0.0007729872652861773,-0.12485192723172435,2.7824513320528967,0.004180128324124203,0.6751744041569393
2.7925585117023406,PASSED,-0.28951016707476257,-0.0008975753023737836,-0.12441211032486087,2.78245584881228,0.004853877422419973,0.6727988943883234
2.7935587117423486,PASSED,-0.28951112666447393,-0.001021701728993979,-0.12393597081708513,2.782461038054126,0.005525133425667936,0.6702274091543882
2.7945589117823566,PASSED,-0.28951221012801603,-0.0011453303621516793,-0.12342374138477719,2.7824668971878315,0.006193701070401813,0.6674611351202042
2.7955591118223646,PASSED,-0.2895134169496487,-0.0012684252586005712,-0.12287566649163516,2.7824734234281956,0.006859386393725293,0.6645014487923298
2.7965593118623726,PASSED,-0.289514746577813,-0.001390950722562746,-0.12229199560920123,2.78248061379672,0.0075219967721685725,0.6613496648772461
2.7975595119023806,PASSED,-0.28951619842538484,-0.0015128713166996076,-0.12167299315530171,2.782488465122995,0.008181340976369585,0.6580072304168565
2.7985597119423886,PASSED,-0.28951777186993827,-0.001634151872797994,-0.12101893139377627,2.7824969740460834,0.008837229196116129,0.6544755459663371
2.7995599119823966,PASSED,-0.2895194662540185,-0.0017547574999004442,-0.12033009090823261,2.782506137016013,0.009489473130568728,0.6507561934434428
2.8005601120224046,PASSED,-0.2895212808854249,-0.001874653594798747,-0.11960676422501616,2.7825159502952777,0.010137886026351867,0.6468506973429383
2.8015603120624126,PASSED,-0.28952321503750333,-0.001993805851964429,-0.11884925245945971,2.7825264099604197,0.01078228271252784,0.6427606787313284
2.8025605121024206,PASSED,-0.2895252679494479,-0.0021121802716961213,-0.11805786457984742,2.7825375119036506,0.011422479682437918,0.6384878306959124
2.8035607121424286,PASSED,-0.28952743882661214,-0.002229743170259582,-0.11723292121920255,2.782549251834511,0.012058295108710392,0.6340338233235148
2.8045609121824366,PASSED,-0.2895297268408298,-0.0023464611897847714,-0.11637475172918098,2.7825616252816117,0.012689548928162866,0.6294004835384474
2.8055611122224446,PASSED,-0.2895321311307437,-0.002462301305380718,-0.11548369150712456,2.7825746275943786,0.013316062848819558,0.6245895454021878
2.8065613122624526,PASSED,-0.289534650802145,-0.0025772308356481716,-0.11456008944100547,2.782588253944887,0.013937660424226605,0.6196029287436189
2.8075615123024606,PASSED,-0.28953728492832015,-0.0026912174515043496,-0.11360430013295988,2.782602499329728,0.014554167133439969,0.6144425628598602
2.8085617123424687,PASSED,-0.2895400325504074,-0.0028042291836361654,-0.11261668679771915,2.7826173585719136,0.015165410348137289,0.6091103159222951
2.8095619123824767,PASSED,-0.28954289267776123,-0.0029162344321037917,-0.1115976229142309,2.7826328263228324,0.015771219416559987,0.6036082367562978
2.8105621124224847,PASSED,-0.289545864288326,-0.003027201974882242,-0.11054748935459664,2.7826488970642647,0.01637142576117223,0.5979384165162018
2.8115623124624927,PASSED,-0.28954894632901773,-0.0031371009756352426,-0.10946667501860365,2.782665565110426,0.016965862849182927,0.5921028690070239
2.8125625125025007,PASSED,-0.2895521377161136,-0.003245900991348706,-0.10835557617670298,2.7826828246100583,0.01755436623783546,0.5861037350828723
2.8135627125425087,PASSED,-0.2895554373356504,-0.0033535719822386082,-0.10721460069870176,2.782700669548574,0.018136773690097956,0.5799432637155741
2.8145629125825167,PASSED,-0.28955884404383037,-0.0034600843181483622,-0.10604415938378824,2.7827190937502246,0.018712925145645622,0.5736235834357241
2.8155631126225247,PASSED,-0.2895623566674351,-0.00356540878590241,-0.10484467333422091,2.782738090880336,0.019282662777208404,0.5671469969808146
2.8165633126625327,PASSED,-0.2895659740042471,-0.0036695165989060166,-0.10361657278319714,2.782757654447562,0.019845831067773927,0.5605158196219945
2.8175635127025407,PASSED,-0.2895696948234789,-0.003772379402489651,-0.10236029078392618,2.782777777806195,0.020402276807744594,0.553732353536448
2.8185637127425487,PASSED,-0.2895735178662095,-0.003873969282419486,-0.10107627269377369,2.7827984541585007,0.02095184914339605,0.5467989903947995
2.8195639127825567,PASSED,-0.2895774418458282,-0.003974258772314529,-0.09976496802922306,2.7828196765571116,0.021494399645288726,0.5397181762245887
2.8205641128225647,PASSED,-0.28958146544848534,-0.00407322085964934,-0.09842683353853682,2.782841437907442,0.022029782313792032,0.5324923300224494
2.8215643128625727,PASSED,-0.2895855873335506,-0.0041708289933085636,-0.09706233373968104,2.7828637309701483,0.02255785361539975,0.525123949331233
2.8225645129025807,PASSED,-0.2895898061340771,-0.004267057090500994,-0.09567193949426303,2.782886548363625,0.023078472551122397,0.5176155933169222
2.8235647129425887,PASSED,-0.289594120457273,-0.004361879542803071,-0.09425612750728712,2.782909882566534,0.023591500657829008,0.5099697822997372
2.8245649129825967,PASSED,-0.28959852888497944,-0.004455271222964712,-0.09281538193121058,2.7829337259203744,0.024096802054621683,0.5021891397879662
2.8255651130226047,PASSED,-0.28960302997415455,-0.004547207491111378,-0.09135019229030351,2.782958070632084,0.02459424349509615,0.49427630759880276
2.8265653130626127,PASSED,-0.2896076222573639,-0.00463766420091612,-0.08986105481436743,2.7829829087766718,0.025083694370810553,0.48623392112480307
2.8275655131026207,PASSED,-0.2896123042432771,-0.004726617705263129,-0.08834847070210283,2.7830082322998746,0.025565026733359454,0.47806465683163607
2.8285657131426287,PASSED,-0.2896170744171696,-0.004814044861969475,-0.08681294737584216,2.78303403302088,0.026038115405480195,0.4697713489801419
2.8295659131826367,PASSED,-0.2896219312414313,-0.004899923040727825,-0.08525499968002274,2.783060302635038,0.026502837926196985,0.4613566352078898
2.8305661132226447,PASSED,-0.2896268731560798,-0.004984230126782119,-0.08367514363714079,2.7830870327166206,0.026959074569631664,0.4528233155858746
2.8315663132626527,PASSED,-0.2896318985792794,-0.005066944526477121,-0.08207390373357472,2.78311421472162,0.027406708477043858,0.4441743019630703
2.8325665133026607,PASSED,-0.2896370059078653,-0.00514804517442894,-0.08045181076398059,2.783141839990565,0.02784562561243818,0.4354123576818223
2.8335667133426687,PASSED,-0.2896421935178728,-0.005227511535751199,-0.07880939502777881,2.783169899751353,0.02827571473513413,0.4265402993720421
2.8345669133826767,PASSED,-0.28964745976507145,-0.005305323612130602,-0.07714719728048594,2.783198385122142,0.028696867562146504,0.41756117877259286
2.8355671134226847,PASSED,-0.28965280298550394,-0.00538146194738619,-0.07546576057232128,2.783227287114226,0.029108978702868542,0.4084777820216676
2.8365673134626928,PASSED,-0.2896582214960295,-0.005455907630198727,-0.07376563097268213,2.7832565966349816,0.029511945670255904,0.39929309096449683
2.8375675135027008,PASSED,-0.2896637135948714,-0.005528642299014454,-0.07204736071109072,2.783286304490791,0.029905668962969333,0.39001009387937613
2.8385677135427088,PASSED,-0.28966927756216937,-0.005599648147018151,-0.07031150619876783,2.783316401390021,0.030290052055139346,0.3806317576971015
2.8395679135827168,PASSED,-0.28967491166053533,-0.0056689079252676385,-0.06855862628330057,2.783346877946016,0.030665001420057,0.371161103064693
2.8405681136227248,PASSED,-0.28968061413561336,-0.005736404946094964,-0.0667892838566747,2.7833777246801086,0.03103042655410675,0.3616011547064554
2.8415683136627328,PASSED,-0.28968638321664303,-0.005802123087049804,-0.06500404568695176,2.783408932024651,0.03138623999827188,0.35195497047091073
2.8425685137027408,PASSED,-0.28969221711702703,-0.0058660467960866955,-0.0632034846035182,2.783440490326063,0.031732357347357514,0.3422256014954551
2.8435687137427488,PASSED,-0.2896981140349011,-0.00592816109156153,-0.061388169389045684,2.783472389847912,0.032068697284825885,0.33241616145031616
2.844568913782757,PASSED,-0.28970407215370764,-0.00598845156704453,-0.059558679545635554,2.7835046207739893,0.03239518158867311,0.32252973211182834
2.8455691138227643,PASSED,-0.2897100896427726,-0.006046904395488443,-0.05771559437609742,2.7835371732114225,0.032711735139852476,0.3125694305577115
2.8465693138627723,PASSED,-0.28971616465788463,-0.006103506329307541,-0.05585949344776624,2.7835700371937957,0.033018285963748915,0.30253841945559823
2.8475695139027803,PASSED,-0.28972229534187693,-0.006158244704134105,-0.053990962412429754,2.783603202684274,0.03331476521062885,0.29243979849615304
2.8485697139427884,PASSED,-0.289728479825212,-0.006211107442587639,-0.05211058914760327,2.783636659578757,0.03360110717974958,0.2822767495371124
2.8495699139827964,PASSED,-0.28973471622656827,-0.006262083054009936,-0.050218959605425974,2.783670397709047,0.03387724937303959,0.27205248912526914
2.8505701140228044,PASSED,-0.28974100265342895,-0.006311160637542065,-0.048316666149931846,2.783704406846011,0.03414313244129269,0.2617701210049808
2.8515703140628124,PASSED,-0.28974733720267254,-0.0063583298845393535,-0.0464043008955271,2.7837386767027694,0.03439870021244917,0.25143287125747527
2.8525705141028204,PASSED,-0.28975371796116584,-0.00640358107977076,-0.044482458121992856,2.7837731969378865,0.03464389974568775,0.24104397455933815
2.8535707141428284,PASSED,-0.28976014300635733,-0.0064469051021105225,-0.04255173181827668,2.783807957158571,0.034878681287540354,0.23060658671478265
2.8545709141828364,PASSED,-0.2897666104068731,-0.006488293426894772,-0.04061272009489829,2.783842946923895,0.035102998298658684,0.22012396072069662
2.8555711142228444,PASSED,-0.2897731182231133,-0.006527738126872005,-0.03866601989878948,2.7838781557480026,0.0353168074698698,0.20959931153806488
2.8565713142628524,PASSED,-0.2897796645078497,-0.00656523187288643,-0.036712230091516945,2.78391357310333,0.035520068696687966,0.19903583700490066
2.8575715143028604,PASSED,-0.28978624730682423,-0.006600767934001071,-0.03475194846339127,2.783949188423846,0.035712745131352475,0.18843683310424783
2.8585717143428684,PASSED,-0.2897928646593483,-0.006634340179343784,-0.03278577659559305,2.7839849911082744,0.035894803152383366,0.1778054796486552
2.8595719143828764,PASSED,-0.2897995145989021,-0.006665943078241519,-0.030814313765829916,2.784020970523329,0.03606621235252744,0.16714501380769115
2.8605721144228844,PASSED,-0.2898061951537348,-0.006695571699062869,-0.028838158858364944,2.7840571160069643,0.03622694560342263,0.15645874228685677
2.8615723144628924,PASSED,-0.28981290434746443,-0.006723221710545977,-0.026857913232934908,2.7840934168715914,0.03637697898328741,0.14574980491672845
2.8625725145029004,PASSED,-0.2898196401996781,-0.006748889382620309,-0.024874177968596877,2.784129862407342,0.03651629181674384,0.13502151914957566
2.8635727145429084,PASSED,-0.2898264007265316,-0.006772571583294501,-0.02288754914458988,2.784166441885291,0.03664486668669442,0.12427710381791171
2.8645729145829164,PASSED,-0.28983318394134877,-0.006794265779819317,-0.020898628111634374,2.7842031445606947,0.036762689378447407,0.11351975037636541
2.8655731146229244,PASSED,-0.28983998785522036,-0.0068139700393446915,-0.018908013801202564,2.7842399596762384,0.03686974894047701,0.10275276979842204
2.8665733146629324,PASSED,-0.28984681047760213,-0.00683168302538341,-0.016916300863728428,2.784276876465245,0.03696603763281926,0.09197930737146744
2.8675735147029404,PASSED,-0.28985364981691175,-0.0068474039977315495,-0.014924086671080831,2.7843138841549253,0.03705155094414803,0.08120264730030993
2.8685737147429484,PASSED,-0.28986050388112494,-0.006861132813070156,-0.012931967783623117,2.784350971969576,0.03712628757805346,0.07042595830883487
2.8695739147829564,PASSED,-0.2898673706783701,-0.006872869921066765,-0.01094053480526521,2.784388129133816,0.03719024946146128,0.059652500140488784
2.8705741148229644,PASSED,-0.2898742482175216,-0.006882616363514666,-0.008950380876323652,2.784425344875779,0.037243441715895775,0.048885423963824726
2.8715743148629724,PASSED,-0.28988113450879127,-0.006890373774131947,-0.006962097111252931,2.784462608430316,0.03728587264330003,0.03812792969786599
2.8725745149029804,PASSED,-0.2898880275643183,-0.0068961443747217995,-0.004976269575585149,2.784499909042191,0.03731755376665826,0.027383252465152084
2.8735747149429884,PASSED,-0.2898949253987571,-0.0068999309736504436,-0.0029934851640175705,2.784537235969256,0.03733849975961379,0.016654486615783486
2.8745749149829964,PASSED,-0.28990182602986286,-0.006901736964959885,-0.0010143287397232422,2.784574578485612,0.037348728436925986,0.00594480444313033
2.8755751150230044,PASSED,-0.28990872747907503,-0.0069015663240798285,0.0009606206265759321,2.784611925884786,0.03734826082101501,-0.004742562813703538
2.8765753150630125,PASSED,-0.2899156277720981,-0.0068994236055546386,0.002930783790933149,2.784649267482856,0.03733712103621286,-0.015404599461112731
2.8775755151030205,PASSED,-0.28992252493947995,-0.006895313942096992,0.004895583235455854,2.784686592621593,0.037315336313161605,-0.026038138778015564
2.8785757151430285,PASSED,-0.2899294170171873,-0.006889243039868722,0.006854448223478961,2.784723890671575,0.037282937039512125,-0.03664003023044749
2.8795759151830365,PASSED,-0.2899363020471778,-0.0068812171750946925,0.008806809141063038,2.784761151035278,0.03723995665415818,-0.04720728876962129
2.8805761152230445,PASSED,-0.2899431780779698,-0.006871243193118186,0.010752097200133828,2.7847983631501747,0.037186431681018525,-0.05773676271967794
2.8815763152630525,PASSED,-0.28995004316520806,-0.006859328502739604,0.012689752497547847,2.7848355164917886,0.037122401722072505,-0.06822542309691164
2.8825765153030605,PASSED,-0.28995689537222646,-0.006845481073548,0.014619213654306988,2.7848726005767492,0.03704790939257757,-0.0786702670936071
2.8835767153430685,PASSED,-0.28996373277060655,-0.006829709432598473,0.0165399258130067,2.784909604965819,0.03696300033363933,-0.08906825350133817
2.8845769153830765,PASSED,-0.2899705534407331,-0.006812022659758489,0.018451337524634858,2.7849465192669065,0.036867723206166644,-0.09941637678691859
2.8855771154230845,PASSED,-0.2899773554723448,-0.0067924303841826045,0.020352900943385117,2.7849833331380442,0.03676212961643956,-0.10971173168719404
2.8865773154630925,PASSED,-0.2899841369650819,-0.006770942780182598,0.02224407270442076,2.785020036290372,0.03664627414868322,-0.119951291802434
2.8875775155031005,PASSED,-0.2899908960290285,-0.006747570562535941,0.024124314274814262,2.7850566184910632,0.03652021431799276,-0.13013218994913311
2.8885777155431085,PASSED,-0.2899976307852511,-0.0067223249820160935,0.025993091349870528,2.785093069566267,0.03638401054619411,-0.14025149303165596
2.8895779155831165,PASSED,-0.2900043393663327,-0.006695217821476201,0.027849873333239676,2.785129379403981,0.03623772613087814,-0.15030636350551488
2.8905781156231245,PASSED,-0.29001101991690176,-0.006666261390495086,0.02969413607969944,2.785165537956947,0.03608142724605177,-0.16029389904027808
2.8915783156631325,PASSED,-0.29001767059415645,-0.006635468519796789,0.03152536044402822,2.7852015352454838,0.0359151828975443,-0.17021131481892038
2.8925785157031405,PASSED,-0.2900242895683841,-0.006602852557814931,0.033343029673745944,2.7852373613603048,0.03573906487054096,-0.1800558351262769
2.8935787157431485,PASSED,-0.29003087502347547,-0.0065684273642355176,0.035146636183191866,2.7852730064653186,0.03555314775955941,-0.18982462821840665
2.8945789157831565,PASSED,-0.2900374251574332,-0.006532207304285363,0.036935675794796424,2.785308460800396,0.03535750891841798,-0.1995149830901061
2.8955791158231645,PASSED,-0.2900439381828759,-0.006494207245237541,0.038709647883172736,2.7853437146840907,0.03515222837209626,-0.20912425514279828
2.8965793158631725,PASSED,-0.2900504123275354,-0.0064544425488082926,0.040468062126632065,2.785378758516362,0.034937388877397425,-0.218649654402851
2.8975795159031805,PASSED,-0.2900568458347498,-0.006412929065506243,0.042210430752328575,2.785413582781237,0.03471307585667737,-0.2280885982648522
2.8985797159431885,PASSED,-0.29006323696394903,-0.00636968313041104,0.04393627132378583,2.7854481780494624,0.03447937732172803,-0.2374384927389975
2.8995799159831965,PASSED,-0.2900695839911357,-0.006324721555117112,0.04564511127402026,2.785482534981117,0.03423638391623008,-0.2466966806705954
2.9005801160232045,PASSED,-0.2900758852093594,-0.006278061622846691,0.04733647960135611,2.7855166443281876,0.033984188841908784,-0.25586067008843333
2.9015803160632125,PASSED,-0.29008213892918483,-0.006229721082118123,0.04900991481337557,2.7855504969371183,0.03372288780980941,-0.2649279401066626
2.9025805161032205,PASSED,-0.2900883434791535,-0.006179718139694412,0.05066496083060127,2.7855840837513166,0.03345257903816553,-0.2738959926686926
2.9035807161432285,PASSED,-0.2900944972062393,-0.006128071454290605,0.05230116845261133,2.7856173958136474,0.03317336322781102,-0.2827623554783886
2.9045809161832365,PASSED,-0.29010059847629666,-0.006074800130264079,0.053918094409134885,2.7856504242688582,0.03288534347215704,-0.29152468910436463
2.9055811162232446,PASSED,-0.2901066456745032,-0.006019923710634632,0.055515303109653656,2.7856831603659935,0.032588625254129075,-0.300180570643709
2.9065813162632526,PASSED,-0.29011263720579455,-0.005963462169884687,0.05709236584347116,2.785715595460759,0.03228331643048393,-0.30872765897943966
2.9075815163032606,PASSED,-0.29011857149529285,-0.005905435907849618,0.058648859496133555,2.7857477210178643,0.03196952716255481,-0.3171636738955898
2.9085817163432686,PASSED,-0.2901244469887274,-0.005845865741252603,0.06018437133093539,2.785779528613307,0.031647369874569696,-0.3254863640447986
2.9095819163832766,PASSED,-0.2901302621528496,-0.005784772897786448,0.06169849155630062,2.7858110099366407,0.03131695924867296,-0.3336934671313561
2.9105821164232846,PASSED,-0.2901360154758389,-0.0057221790082780015,0.06319082147654377,2.7858421567931724,0.030978412141281275,-0.341782867565239
2.9115823164632926,PASSED,-0.29014170546770257,-0.0056581060989866665,0.06466096783452871,2.7858729611061612,0.030631847581431254,-0.3497523547065434
2.9125825165033006,PASSED,-0.2901473306606676,-0.005592576584482395,0.06610854561743325,2.7859034149189386,0.030277386714967405,-0.35759987430205203
2.9135827165433086,PASSED,-0.29015288960956503,-0.005525613259744933,0.06753317748414531,2.785933510397019,0.02991515275735942,-0.36532334647860604
2.9145829165833166,PASSED,-0.2901583808922065,-0.0054572392929297525,0.06893449303587049,2.7859632398301346,0.029545270949060266,-0.37292078284618935
2.9155831166233246,PASSED,-0.2901638031097535,-0.00538747821682732,0.07031213148014061,2.785992595634271,0.029167868545625072,-0.38039015049453134
2.9165833166633326,PASSED,-0.2901691548870778,-0.005316353921167588,0.07166573844612804,2.7860215703536237,0.02878307474172203,-0.3877295728420513
2.9175835167033406,PASSED,-0.29017443487311506,-0.005243890645361661,0.07299496737912593,2.7860501566625153,0.02839102060250727,-0.39493718346322787
2.9185837167433486,PASSED,-0.2901796417412099,-0.0051701129696206495,0.07429948131560221,2.786078347367311,0.027991839123534434,-0.40201100931256867
2.9195839167833566,PASSED,-0.29018477418945243,-0.00509504580658272,0.07557895085281442,2.7861061354082177,0.02758566506528753,-0.40894942420312524
2.9205841168233646,PASSED,-0.2901898309410072,-0.005018714394101109,0.07683305356747473,2.786133513861119,0.027172634967368825,-0.4157505470624263
2.9215843168633726,PASSED,-0.2901948107444337,-0.004941144285844691,0.07806147804904605,2.786160475939292,0.026752887122888275,-0.42241270942596354
2.9225845169033806,PASSED,-0.2901997123739982,-0.004862361343569802,0.07926391842545309,2.7861870149951335,0.026326561479223545,-0.4289342664905688
2.9235847169433886,PASSED,-0.2902045346299778,-0.00478239172863527,0.08044007927391829,2.786213124521811,0.025893799632651957,-0.43531356662559917
2.9245849169833966,PASSED,-0.2902092763389551,-0.004701261892787284,0.08158967356402985,2.786238798154881,0.025454744779263926,-0.4415490445629863
2.9255851170234046,PASSED,-0.290213936354105,-0.004618998570286279,0.08271242179232195,2.7862640296738426,0.02500954162957035,-0.4476392197806376
2.9265853170634126,PASSED,-0.2902185135554725,-0.004535628769326246,0.08380805373850783,2.7862888130036816,0.02455833642588342,-0.45358252629112483
2.9275855171034206,PASSED,-0.2902230068502421,-0.004451179762235199,0.08487630932607299,2.7863131422163194,0.02410127684344511,-0.4593776198697649
2.9285857171434286,PASSED,-0.290227415172998,-0.004365679077772042,0.08591693455454594,2.7863370115320434,0.023638511929595752,-0.4650231098357504
2.9295859171834366,PASSED,-0.2902317374859759,-0.004279154492215899,0.08692968622387467,2.786360415320904,0.023170192152788777,-0.4705175547877884
2.9305861172234446,PASSED,-0.2902359727793057,-0.004191634019477749,0.08791433041433366,2.7863833481040063,0.02269646922203865,-0.4758598480583505
2.9315863172634526,PASSED,-0.2902401200712452,-0.004103145903151888,0.08887064026687796,2.786405804554826,0.022217496114873704,-0.48104861323601045
2.9325865173034606,PASSED,-0.2902441784084051,-0.004013718607315723,0.08979839954902243,2.7864277795004275,0.0217334270692456,-0.4860826672228365
2.9335867173434687,PASSED,-0.2902481468659647,-0.003923380807040467,0.09069740075941253,2.786449267922634,0.02124441740194479,-0.4909610006861222
2.9345869173834767,PASSED,-0.29025202454787863,-0.0038321613798347636,0.09156744483656397,2.786470264959179,0.020750623571325476,-0.49568238390810926
2.9355871174234847,PASSED,-0.2902558105870745,-0.003740089396105159,0.09240834299163135,2.786490765904785,0.02025220314013384,-0.5002457960473223
2.9365873174634927,PASSED,-0.29025950414564167,-0.0036471941102979386,0.0932199143509462,2.7865107662121904,0.019749314605951505,-0.5046503596056746
2.9375875175035007,PASSED,-0.29026310441500985,-0.0035535049513084746,0.09400198874847603,2.786530261493143,0.019242117453879753,-0.5088950137158046
2.9385877175435087,PASSED,-0.29026661061612,-0.0034590515140095713,0.09475440299918865,2.786549247519321,0.01873077210044971,-0.5129789132395319
2.9395879175835167,PASSED,-0.29027002199958474,-0.003363863549083366,0.09547700621088324,2.7865677202232315,0.018215439796045084,-0.5169012318480244
2.9405881176235247,PASSED,-0.29027333784583986,-0.0032679709540366438,0.09616965427061523,2.7865856756990284,0.01769628258970839,-0.520661189329138
2.9415883176635327,PASSED,-0.29027655746528697,-0.003171403764623177,0.09683221284203425,2.7866031102033104,0.017173463318880828,-0.5242579918265126
2.9425885177035407,PASSED,-0.290279680198426,-0.0030741921442987313,0.097464558646053,2.7866200201558304,0.01664714549679869,-0.5276910422525491
2.9435887177435487,PASSED,-0.2902827054159792,-0.0029763663757253226,0.09806657519164569,2.786636402140208,0.016117493314196624,-0.5309596095017463
2.9445889177835567,PASSED,-0.2902856325190056,-0.0028779568513181827,0.09863815721746899,2.78665225290452,0.015584671547623115,-0.5340632046213492
2.9455891178235647,PASSED,-0.2902884609390053,-0.0027789940635537975,0.099179208128996,2.786667569361912,0.015048845530437874,-0.5370012255611704
2.9465893178635727,PASSED,-0.29029119013801574,-0.002679508596044379,0.09968964042970042,2.7866823485911096,0.014510181119525468,-0.5397732011465646
2.9475895179035807,PASSED,-0.29029381960869743,-0.0025795311134142,0.10016937743049763,2.7866965878368943,0.013968844588411536,-0.5423787510921779
2.9485897179435887,PASSED,-0.290296348874411,-0.0024790923529901376,0.10061834908643863,2.7867102845105425,0.013425002634892994,-0.5448174218027835
2.9495899179835967,PASSED,-0.2902987774892848,-0.002378223114814166,0.10103649756899384,2.78672343619017,0.01287882228618506,-0.5470889666447027
2.9505901180236047,PASSED,-0.29030110503827244,-0.002276954251971761,0.10142377302467928,2.7867360406210957,0.012330470893464372,-0.5491930101046804
2.9515903180636127,PASSED,-0.29030333113720225,-0.002175316661794271,0.1017801349460307,2.7867480957160704,0.011780116024087963,-0.55112944222423
2.9525905181036207,PASSED,-0.29030545543281594,-0.002073341276185391,0.1021055527174454,2.7867595995555394,0.011227925463422894,-0.5528979729589617
2.9535907181436287,PASSED,-0.2903074776027992,-0.0019710590527463366,0.10240000392012744,2.7867705503877667,0.010674067117566221,-0.5544985944551452
2.9545909181836367,PASSED,-0.2903093973558018,-0.001868500964636521,0.10266347756960792,2.786780946628998,0.010118709011334654,-0.5559311140825145
2.9555911182236447,PASSED,-0.29031121443144947,-0.0017656979917228146,0.10289596980977207,2.786790786863494,0.009562019201896706,-0.5571956063415692
2.9565913182636527,PASSED,-0.2903129286003456,-0.001662681111606932,0.10309748698662304,2.786800069843562,0.009004165712254706,-0.5582920785089535
2.9575915183036607,PASSED,-0.2903145396640642,-0.0015594812899514688,0.10326804476802316,2.7868087944895277,0.008445316554498185,-0.5592205439215661
2.9585917183436687,PASSED,-0.2903160474551332,-0.0014561294709399951,0.10340766850710745,2.786816959889636,0.0078856396023602,-0.5599812242822633
2.9595919183836767,PASSED,-0.29031745183700913,-0.0013526565690743478,0.10351639077134049,2.786824565299919,0.007325302541120937,-0.5605742858772643
2.9605921184236847,PASSED,-0.2903187527040419,-0.0012490934588841732,0.10359425646939704,2.786831610144029,0.006764472919150273,-0.5609998460329294
2.9615923184636928,PASSED,-0.29031994998143085,-0.0011454709663119818,0.10364131664072088,2.7868380940129693,0.006203317959366627,-0.5612583689507898
2.9625925185037008,PASSED,-0.2903210436251716,-0.0010418198599373475,0.10365763286391003,2.786844016664849,0.005642004591531714,-0.5613500337576616
2.9635927185437088,PASSED,-0.29032203362199366,-0.0009381708411374112,0.10364327609062046,2.7868493780245105,0.005080699407558942,-0.56127528411618
2.9645929185837168,PASSED,-0.29032291998928944,-0.0008345545355605003,0.10359832523443803,2.7868541781831704,0.004519568562047922,-0.5610345531075787
2.9655931186237248,PASSED,-0.29032370277503367,-0.0007310014843853539,0.10352286846895206,2.786858417397974,0.003958777762560932,-0.5606282970732629
2.9665933186637328,PASSED,-0.290324382057694,-0.0006275421341837833,0.10341700468998291,2.786862096091522,0.003398492224149976,-0.5600570326360848
2.9675935187037408,PASSED,-0.2903249579461332,-0.000524206829934258,0.1032808372892201,2.7868652148513293,0.0028388765814932886,-0.5593213826704214
2.9685937187437488,PASSED,-0.290325430579502,-0.0004210258050632629,0.10311448325884498,2.7868677744292443,0.0022800948633318425,-0.5584219418221296
2.969593918783757,PASSED,-0.290325800127123,-0.00031802917161021454,0.10291806691585059,2.786869775740841,0.0017223104937258535,-0.5573593214618955
2.970594118823765,PASSED,-0.29032606678836664,-0.00021524691404459234,0.1026917179988033,2.7868712198647136,0.0011656861384016586,-0.5561343778990611
2.971594318863773,PASSED,-0.29032623079251735,-0.00011270887888996931,0.10243557992516952,2.786872108041777,0.0006103837318944318,-0.5547477589126707
2.972594518903781,PASSED,-0.2903262923986322,-1.0444766158353095e-05,0.10214980126924735,2.786872441674488,5.6564458053738036e-05,-0.5532002837927091
2.973594718943789,PASSED,-0.29032625189539013,9.151587874498058e-05,0.10183454065939124,2.7868722223260245,-0.0004956113980251368,-0.551492904269652
2.974594918983797,PASSED,-0.29032610960093314,0.0001931436733485743,0.10148996389972871,2.7868714517194286,-0.001045984419835383,-0.5496264335039758
2.975595119023805,PASSED,-0.29032586586269904,0.0002944094068924748,0.1011162466400151,2.7868701317366966,-0.001594396088943849,-0.5476018261781262
2.976595319063813,PASSED,-0.29032552105724563,0.00039528404837483444,0.10071357137725596,2.786868264417822,-0.002140688904889806,-0.5454201424578444
2.977595519103821,PASSED,-0.2903250755900668,0.0004957387548087444,0.10028212980501251,2.78686585195979,-0.002684706397958657,-0.543082393476189
2.978595719143829,PASSED,-0.29032452989540025,0.0005957448799905119,0.09982212209960432,2.786862896715548,-0.003226293109565362,-0.540589590360382
2.979595919183837,PASSED,-0.29032388443602747,0.0006952739811020354,0.09933375378613617,2.786859401192892,-0.0037652947515088445,-0.5379430096655494
2.980596119223845,PASSED,-0.29032313970306517,0.00079429782825118,0.09881724272448372,2.7868553680533594,-0.00430155817324869,-0.5351436964560441
2.981596319263853,PASSED,-0.290322296215749,0.0008927884124260605,0.09827281180847838,2.786850800111036,-0.004834931388913766,-0.5321928951377642
2.982596519303861,PASSED,-0.2903213545212096,0.0009907179513807696,0.09770069038552959,2.786845700331331,-0.0053652637144824015,-0.5290919458558818
2.983596719343869,PASSED,-0.2903203151942405,0.0010880588989283328,0.097101118988919,2.7868400718297366,-0.00589240570754718,-0.5258420245373767
2.984596919383877,PASSED,-0.2903191788370583,0.001184783953934953,0.09647434568508739,2.7868339178705046,-0.0064162092415618625,-0.5224445403328857
2.985597119423885,PASSED,-0.29031794607905603,0.0012808660642681304,0.09582062009857083,2.786827241865302,-0.006936527606320203,-0.5189009143753094
2.986597319463893,PASSED,-0.29031661757654775,0.0013762784368918368,0.0951402076404634,2.7868200473718345,-0.007453215457684383,-0.5152124760234258
2.987597519503901,PASSED,-0.29031519401250666,0.0014709945457620855,0.09443337635677258,2.7868123380924104,-0.007966128895288256,-0.5113807453241725
2.988597719543909,PASSED,-0.2903136760962956,0.0015649881364055646,0.09370040016795006,2.7868041178724683,-0.008475125552440088,-0.5074072650369394
2.989597919583917,PASSED,-0.29031206456339054,0.0016582332350229207,0.09294156425029332,2.7867953906990923,-0.008980064530083716,-0.5032934527147526
2.990598119623925,PASSED,-0.2903103601750964,0.0017507041562401248,0.09215715919514504,2.7867861606994375,-0.009480806526715376,-0.4990410259095967
2.991598319663933,PASSED,-0.2903085637182566,0.0018423755076939115,0.09134747962621444,2.7867764321391655,-0.009977213861733704,-0.4946515410908178
2.992598519703941,PASSED,-0.2903066760049549,0.0019332221985082438,0.09051283160641034,2.786766209420817,-0.01046915044490227,-0.490126611220397
2.993598719743949,PASSED,-0.2903046978722114,0.0020232194463735533,0.08965352537124216,2.786755497082161,-0.010956481884653311,-0.4854679921048055
2.994598919783957,PASSED,-0.29030263018167085,0.002112342782644184,0.08876987687022242,2.7867442997944796,-0.011439075541960678,-0.48067743410907365
2.995599119823965,PASSED,-0.29030047381928514,0.0022005680601916073,0.0878622113322242,2.7867326223608564,-0.011916800475933737,-0.4757566005490497
2.996599319863973,PASSED,-0.29029822969498903,0.0022878714594063636,0.08693085780311123,2.7867204697144063,-0.0123895275223054,-0.4707073435867375
2.997599519903981,PASSED,-0.29029589874236933,0.0023742294944980114,0.08597615328400596,2.786707846916472,-0.012857129385606219,-0.46553154311020656
2.998599719943989,PASSED,-0.29029348191832816,0.0024596190191961717,0.08499843897426347,2.786694759154789,-0.013319480593769037,-0.4602309848645605
2.999599919983997,PASSED,-0.2902909802027402,0.002544017233479441,0.08399806448927334,2.7866812117416133,-0.013776457551157544,-0.4548076057378049
3.000600120024005,PASSED,-0.2902883945981033,0.002627401689800947,0.08297538420966122,2.786667210111837,-0.014227938581197822,-0.4492633129085912
3.001600320064013,PASSED,-0.29028572612918396,0.0027097502974996867,0.0819307566914587,2.786652759821036,-0.014673803975850212,-0.4436001158149242
3.002600520104021,PASSED,-0.2902829758426566,0.0027910413297271117,0.08086454925140232,2.786637866543522,-0.015113935987434025,-0.4378199420964048
3.003600720144029,PASSED,-0.29028014480673725,0.0028712534292518687,0.07977713304032683,2.786622536070338,-0.015548218874604664,-0.43192485055345986
3.004600920184037,PASSED,-0.2902772341108121,0.0029503656123021525,0.07866888305692227,2.7866067743072374,-0.015976538955494446,-0.425916901113992
3.005601120224045,PASSED,-0.2902742448650597,0.003028357275809973,0.07754018380841915,2.7865905872726286,-0.01639878460547017,-0.41979814921687747
3.006601320264053,PASSED,-0.2902711782000695,0.00310520820126172,0.07639141988063196,2.786573981095501,-0.016814846279264824,-0.41357069017983905
3.007601520304061,PASSED,-0.2902680352664534,0.003180898560093965,0.07522298479998736,2.7865569620133006,-0.017224616586361628,-0.40723671837478026
3.008601720344069,PASSED,-0.2902648172344539,0.003255408919309387,0.07403527549237793,2.786539536369804,-0.01762799027477986,-0.4007983351138667
3.009601920384077,PASSED,-0.29026152529354643,0.0033287202451667865,0.07282869276741381,2.7865217106129534,-0.018024864249677877,-0.3942577347541176
3.010602120424085,PASSED,-0.2902581606520371,0.0034008139085354903,0.071603643769564,2.7865034912926654,-0.018415137643173856,-0.387617165990558
3.011602320464093,PASSED,-0.2902547245366562,0.0034716716896983604,0.0703605394250742,2.786484885058618,-0.01879871180952768,-0.3808788332626641
3.012602520504101,PASSED,-0.290251218192147,0.0035412757815874124,0.06909979353170419,2.7864658986580073,-0.019175490347479493,-0.37404500774457894
3.013602720544109,PASSED,-0.2902476428808499,0.0036096087956064005,0.06782182767717766,2.7864465389332995,-0.019545379116560697,-0.3671179433056198
3.014602920584117,PASSED,-0.29024399988228317,0.0036766537646204115,0.06652706323856744,2.7864268128199323,-0.019908286295950945,-0.3601000034466658
3.015603120624125,PASSED,-0.29024029049271877,0.003742394146892026,0.06521592829364613,2.786406727344013,-0.020264122381346315,-0.35299347336117626
3.016603320664133,PASSED,-0.2902365160247547,0.0038068138312646743,0.06388885509198326,2.7863862896199962,-0.02061280017572908,-0.3458006750638319
3.017603520704141,PASSED,-0.2902326778068837,0.0038698971392629924,0.06254627660254135,2.786365506848333,-0.02095423486261867,-0.3385240281067581
3.018603720744149,PASSED,-0.29022877718305795,0.003931628829454164,0.06118863258359128,2.7863443863130986,-0.021288344020506788,-0.3311659110756975
3.019603920784157,PASSED,-0.29022481551225027,0.003991994101037879,0.05981636425046519,2.7863229353796157,-0.021615047581537747,-0.3237286610011324
3.020604120824165,PASSED,-0.29022079416801233,0.004050978596520862,0.058429916304660004,2.78630116149204,-0.02193426791464357,-0.3162147811756105
3.021604320864173,PASSED,-0.2902167145380294,0.004108568405958432,0.057029738192843356,2.786279072170948,-0.02224592983110711,-0.3086266733221618
3.022604520904181,PASSED,-0.2902125780236719,0.0041647500683579955,0.05561627853737743,2.78625667501089,-0.022549960564139184,-0.3009667728386838
3.023604720944189,PASSED,-0.2902083860395441,0.004219510575723817,0.054189993251449346,2.7862339776779486,-0.022846289808165093,-0.2932375581507265
3.024604920984197,PASSED,-0.29020414001303013,0.004272837376340033,0.0527513388593934,2.7862109879072565,-0.02313484975918379,-0.2854415462640117
3.025605121024205,PASSED,-0.2901998413838375,0.004324718375163754,0.05130077213327401,2.7861877135005177,-0.023415575091593272,-0.277581189839793
3.026605321064213,PASSED,-0.2901954916035371,0.004375141938654202,0.049838757728563395,2.786164162323521,-0.023688402954206385,-0.2696589777953259
3.027605521104221,PASSED,-0.2901910921351028,0.004424096895331285,0.048365755976096235,2.78614034230361,-0.02395327306420903,-0.26167753147419104
3.028605721144229,PASSED,-0.29018664445244646,0.00447157253909741,0.046882235626143805,2.7861162614271886,-0.024210127626845178,-0.25363925007745136
3.029605921184237,PASSED,-0.2901821500399527,0.004517558630981226,0.045388662722263606,2.7860919277371674,-0.02445891137749587,-0.24554675103285414
3.030606121224245,PASSED,-0.290177610392011,0.004562045399586407,0.043885505860458585,2.7860673493304344,-0.02469957163852181,-0.2374026010213236
3.031606321264253,PASSED,-0.290173027012546,0.004605023545240436,0.04237323884974233,2.7860425343553024,-0.0249320582541704,-0.2292092920667729
3.032606521304261,PASSED,-0.29016840141454603,0.004646484240357857,0.040852332629207296,2.7860174910089346,-0.025156323646832544,-0.22096945972572277
3.033606721344269,PASSED,-0.29016373511959087,0.004686419129662642,0.03932326042183699,2.785992227534805,-0.025372322800329927,-0.2126856160118207
3.034606921384277,PASSED,-0.29015902965737717,0.0047248203337509785,0.03778649986600212,2.785966752220092,-0.025580013292714962,-0.2043604099671775
3.035607121424285,PASSED,-0.29015428656524334,0.004761680448731467,0.03624252505681315,2.7859410733931296,-0.025779355265317567,-0.19599634769289015
3.036607321464293,PASSED,-0.29014950738769335,0.004796992547073425,0.03469181386538751,2.7859151994207907,-0.025970311463387092,-0.1875960983206162
3.037607521504301,PASSED,-0.290144693675919,0.004830750180054228,0.03313484572441256,2.7858891387059135,-0.02615284723557721,-0.1791622214364531
3.038607721544309,PASSED,-0.2901398469873223,0.004862947376697212,0.031572097255367026,2.7858628996847057,-0.026326930493486923,-0.1706972822252214
3.039607921584317,PASSED,-0.29013496888503665,0.00489357864474505,0.030004048576150934,2.7858364908241433,-0.02649253176750704,-0.16220393521671733
3.040608121624325,PASSED,-0.29013006093744753,0.00492263897164407,0.028431179114266226,2.7858099206193687,-0.026649624209557753,-0.15368477994004376
3.041608321664333,PASSED,-0.2901251247177131,0.004950123825043392,0.02685396958935907,2.7857831975910896,-0.02679818354305949,-0.1451423692095278
3.042608521704341,PASSED,-0.29012016180328476,0.004976029151456239,0.025272897628505354,2.7857563302829877,-0.026938188085261393,-0.13657932419681962
3.043608721744349,PASSED,-0.2901151737754269,0.005000351377189705,0.023688444470107057,2.7857293272590984,-0.027069618802081623,-0.12799831190250996
3.044608921784357,PASSED,-0.29011016221873764,0.0050230874090141965,0.0221010900607483,2.785702197101225,-0.027192459224114264,-0.11940182878605939
3.045609121824365,PASSED,-0.2901051287206694,0.0050442346320800765,0.020511311735967975,2.7856749484063217,-0.02730669548447198,-0.11079254807215383
3.046609321864373,PASSED,-0.2901000748710496,0.005063790910571126,0.018919589661104144,2.7856475897839217,-0.027412316318166922,-0.10217302411014152
3.047609521904381,PASSED,-0.29009500226160256,0.005081754587126548,0.017326401151633912,2.785620129853517,-0.02750931305575101,-0.0935458799000452
3.048609721944389,PASSED,-0.2900899124854712,0.005098124481906029,0.015732223864712166,2.7855925772419825,-0.027597679614935335,-0.0849136787071814
3.049609921984397,PASSED,-0.2900848071367404,0.005112899891304941,0.014137533088380047,2.7855649405809952,-0.02767741247320555,-0.07627897797889885
3.050610122024405,PASSED,-0.2900796878099607,0.0051260805873758145,0.012542804725868417,2.7855372285044346,-0.027748510728648524,-0.06764444041902416
3.051610322064413,PASSED,-0.29007455609967314,0.005137666817291143,0.010948513374968284,2.78550944964583,-0.027810976021980585,-0.05901252860741686
3.052610522104421,PASSED,-0.290069413599936,0.005147659300583403,0.009355129903788907,2.7854816126357886,-0.027864812533683704,-0.050385833766918346
3.053610722144429,PASSED,-0.2900642619038516,0.005156059228809894,0.007763127108291536,2.7854537260994228,-0.02791002706077924,-0.04176698931461629
3.054610922184437,PASSED,-0.29005910260309603,0.005162868263831603,0.006172973630655457,2.7854257986538182,-0.02794662890557447,-0.03315841511563473
3.055611122224445,PASSED,-0.29005393728744955,0.005168088535494505,0.0045851370177323325,2.7853978389054856,-0.027974629883192197,-0.02456268595244942
3.056611322264453,PASSED,-0.29004876754432896,0.005171722641351486,0.0030000850831465855,2.78536985544782,-0.02799404440363823,-0.0159824101084208
3.057611522304461,PASSED,-0.2900435949583221,0.005173773642604537,0.001418278699653806,2.785341856858601,-0.028004889338675572,-0.007419951656627682
3.058611722344469,PASSED,-0.29003842111072453,0.005174245062554996,-0.00015981921567126276,2.7853138516974623,-0.028007184059291132,0.0011221000784843364
3.059611922384477,PASSED,-0.29003324757907745,0.005173140886765911,-0.0017337468380256517,2.7852858485034084,-0.02800095047282787,0.00964124405311518
3.060612122424485,PASSED,-0.29002807593670915,0.0051704655573030535,-0.0033030512127448005,2.7852578557923295,-0.027986212923188803,0.01813508669636797
3.061612322464493,PASSED,-0.29002290775227796,0.005166223971160137,-0.00486727609636513,2.785229882054517,-0.027962998232979295,0.026601092551600897
3.062612522504501,PASSED,-0.2900177445893185,0.005160421479610074,-0.0064259685191959855,2.7852019357522244,-0.027931335683438464,0.03503685420031535
3.063612722544509,PASSED,-0.2900125880057896,0.005153063884017793,-0.007978680307670915,2.7851740253172226,-0.027891256958909275,0.04343997141510262
3.064612922584517,PASSED,-0.2900074395536265,0.0051441574310996325,-0.009524967991819856,2.785146159148362,-0.027842796197813127,0.051807954216844095
3.065613122624525,PASSED,-0.29000230077829436,0.0051337088135040105,-0.011064383998156395,2.785118345609179,-0.027785989926198948,0.06013848321239766
3.066613322664533,PASSED,-0.2899971732183461,0.005121725165046047,-0.012596491431167672,2.7850905930254903,-0.02772087703927102,0.0684291560716216
3.067613522704541,PASSED,-0.2899920584049829,0.005108214055773248,-0.014120854500553342,2.785062909683026,-0.02764749881941776,0.07667759570768859
3.068613722744549,PASSED,-0.2899869578616181,0.005093183491392314,-0.015637037634519676,2.7850353038250666,-0.02756589889512948,0.08488147667534175
3.069613922784557,PASSED,-0.28998187310344414,0.005076641909270319,-0.01714461178031068,2.7850077836501104,-0.02747612320641835,0.0930384967349893
3.070614122824565,PASSED,-0.28997680563700406,0.0050585981720048636,-0.018643154255553098,2.784980357309559,-0.027378220004293092,0.1011463390521082
3.071614322864573,PASSED,-0.28997175695976557,0.005039061567272798,-0.020132238383074184,2.784953032905403,-0.027272239857580923,0.10920268515221021
3.0726145229045807,PASSED,-0.2899667285596995,0.005018041802888145,-0.02161144838570704,2.7849258184879635,-0.027158235569710587,0.11720535634909009
3.0736147229445887,PASSED,-0.28996172191486197,0.004995549001257298,-0.023080370460940386,2.7848987220536245,-0.027036262184716612,0.12515207075723256
3.0746149229845967,PASSED,-0.2899567384929807,0.004971593697048966,-0.024538593373260482,2.784871751542601,-0.026906377007008028,0.1330405823428216
3.0756151230246047,PASSED,-0.2899517797510454,0.00494618683281957,-0.025985711466818554,2.7848449148367314,-0.02676863951077678,0.1408687721568629
3.0766153230646127,PASSED,-0.2899468471349023,0.004919339753904537,-0.027421323880510003,2.7848182197572915,-0.026623111333190837,0.1486344478719938
3.0776155231046207,PASSED,-0.2899419420788531,0.004891064204878659,-0.02884503245612205,2.7847916740628156,-0.026469856313909506,0.15633540022088893
3.0786157231446287,PASSED,-0.2899370660052584,0.004861372324262609,-0.03025644605600244,2.784765285446978,-0.026308940377026645,0.16396962799083958
3.0796159231846367,PASSED,-0.2899322203241457,0.004830276640713969,-0.03165517521039755,2.784739061536458,-0.026140431555420368,0.1715349506832368
3.0806161232246447,PASSED,-0.289927406432822,0.004797790067660043,-0.03304083828294515,2.78471300988887,-0.025964399969708122,0.1790293423982495
3.0816163232646527,PASSED,-0.28992262571549116,0.004763925898647368,-0.03441305616582849,2.784687137990682,-0.025780917791898086,0.1864507347512307
3.0826165233046607,PASSED,-0.2899178795428763,0.004728697803031465,-0.035771455249284864,2.7846614532551857,-0.02559005921377261,0.19379714037497606
3.0836167233446687,PASSED,-0.28991316927184674,0.004692119819783276,-0.037115668580791614,2.784635963020495,-0.025391900404219202,0.20106658900569693
3.0846169233846767,PASSED,-0.2899084962450508,0.0046542063531247735,-0.03844533204364313,2.784610674547554,-0.025186519526841967,0.20825706962492965
3.0856171234246847,PASSED,-0.28990386179055266,0.004614972167847577,-0.039760087432898494,2.7845855950181866,-0.02497399668138482,0.21536669601195924
3.0866173234646928,PASSED,-0.28989926722147574,0.004574432382682666,-0.0410595836529201,2.7845607315331673,-0.024754413865022737,0.22239356326216111
3.0876175235047008,PASSED,-0.2898947138356501,0.0045326024658049555,-0.042343472360902724,2.7845360911103265,-0.024527854971782392,0.22933577989246481
3.0886177235447088,PASSED,-0.28989020291526646,0.0044894982292180245,-0.043611412737616866,2.784511680682699,-0.02429440571993265,0.2361915664879224
3.0896179235847168,PASSED,-0.28988573572653487,0.004445135823305722,-0.044863068028760625,2.7844875070966553,-0.024054153691465834,0.24295900311941226
3.0906181236247248,PASSED,-0.28988131351934954,0.00439953173081165,-0.04609810880427933,2.7844635771101287,-0.023807188233640822,0.24963642762874733
3.0916183236647328,PASSED,-0.28987693752695914,0.0043527027608198186,-0.04731621078353316,2.784439897390821,-0.02355360043340828,0.2562220486350735
3.0926185237047408,PASSED,-0.28987260896564304,0.00430466604418601,-0.048517053867325514,2.7844164745144653,-0.023293483149791298,0.2627141069382551
3.0936187237447488,PASSED,-0.2898683290343929,0.004255439026843233,-0.049700326326412525,2.784393314963105,-0.023026930926819636,0.2691109669939291
3.094618923784757,PASSED,-0.2898640989146011,0.004205039463029336,-0.050865722138886044,2.784370425123431,-0.022754039930528665,0.2754110158223336
3.095619123824765,PASSED,-0.28985991976975406,0.004153485410516001,-0.052012939429634975,2.7843478112851208,-0.022474908002306872,0.281612536488094
3.096619323864773,PASSED,-0.28985579274513296,0.004100795224390897,-0.053141683922081843,2.78432547963923,-0.022189634581943608,0.2877140096133784
3.097619523904781,PASSED,-0.28985171896751916,0.004046987549927023,-0.0542516681584014,2.7843034362766117,-0.021898320633480427,0.2937139076963794
3.098619723944789,PASSED,-0.28984769954490747,0.003992081316578881,-0.05534261014130457,2.7842816871863696,-0.021601068682976544,0.29961064570888646
3.099619923984797,PASSED,-0.289843735566224,0.003936095732980944,-0.05641423256902572,2.7842602382543324,-0.021297982773133727,0.30540275259876726
3.100620124024805,PASSED,-0.28983982810105174,0.003879050278950513,-0.057466268338033824,2.78423909526161,-0.0209891683318779,0.3110889003605354
3.101620324064813,PASSED,-0.28983597819936213,0.0038209646985454954,-0.05849845511634093,2.7842182638831114,-0.020674732277099712,0.3166674910566175
3.102620524104821,PASSED,-0.28983218689125284,0.0037618589961938456,-0.059510533841855874,2.7841977496861556,-0.02035478293347786,0.3221372453320099
3.103620724144829,PASSED,-0.2898284551866924,0.0037017534280248078,-0.06050225772049221,2.7841775581290986,-0.020029429905934093,0.32749688235160246
3.104620924184837,PASSED,-0.2898247840752715,0.003640668494765975,-0.06147338361772661,2.784157694559992,-0.0196987841667343,0.33274497709858447
3.105621124224845,PASSED,-0.2898211745259606,0.003578624936639073,-0.06242367446635174,2.7841381642152903,-0.019362957983228648,0.3378803211103686
3.106621324264853,PASSED,-0.289817627486875,0.0035156437260341887,-0.06335290136390652,2.7841189722185726,-0.019022064834696845,0.34290170014609284
3.107621524304861,PASSED,-0.28981414388504567,0.003451746060413131,-0.06426084179249213,2.7841001235793277,-0.01867621942275826,0.3478078864669125
3.108621724344869,PASSED,-0.2898107246261977,0.0033869533553537072,-0.06514728057071087,2.7840816231917516,-0.01832553764247699,0.3525977094908389
3.109621924384877,PASSED,-0.2898073705945354,0.0033212872384805825,-0.06601200774140037,2.7840634758336122,-0.01797013648224903,0.3572701273860375
3.110622124424885,PASSED,-0.28980408265253427,0.003254769541093294,-0.06685482381788081,2.7840456861651077,-0.017610134060812497,0.36182395080353325
3.111622324464893,PASSED,-0.28980086164073987,0.0031874222926960814,-0.06767553145010091,2.784028258727806,-0.017245649563031925,0.3662581957652671
3.112622524504901,PASSED,-0.28979770837757385,0.0031192677138236974,-0.06847394382057281,2.7840111979436015,-0.016876803152320725,0.3705718873418188
3.113622724544909,PASSED,-0.2897946236591469,0.0030503282072957723,-0.06924988166615946,2.7839945081137025,-0.01650371602044989,0.3747639615568424
3.114622924584917,PASSED,-0.2897916082590792,0.002980626352338154,-0.07000317048525705,2.783978193417679,-0.016126510295351976,0.37883356745862407
3.115623124624925,PASSED,-0.2897886629283269,0.002910184898914729,-0.07073364204887063,2.783962257912526,-0.01574530898874064,0.38277979937980694
3.116623324664933,PASSED,-0.2897857883950172,0.0028390267577498053,-0.07144114057562569,2.783946705531779,-0.015360236008474751,0.38660176752327735
3.117623524704941,PASSED,-0.2897829853642896,0.0027671749938234166,-0.0721255128268976,2.7839315400846676,-0.01497141608418107,0.3902986954739502
3.118623724744949,PASSED,-0.28978025451814465,0.0026946528214171835,-0.07278661212578982,2.783916765255302,-0.014578974724623888,0.39386980227933416
3.119623924784957,PASSED,-0.2897775965153,0.0026214835945722213,-0.07342430332441052,2.783902384601905,-0.014183038199003005,0.3973143411819145
3.120624124824965,PASSED,-0.28977501199105354,0.002547690799518054,-0.07403845620733829,2.7838884015560668,-0.0137837335117109,0.40063158469889776
3.121624324864973,PASSED,-0.2897725015571542,0.0024732980495425533,-0.07462894582094277,2.7838748194220777,-0.013381188291428077,0.4038209773387743
3.122624524904981,PASSED,-0.2897700658016795,0.002398329076026509,-0.0751956586461117,2.783861641376249,-0.01297553083094429,0.4068817825804637
3.123624724944989,PASSED,-0.2897677052889208,0.002322807721063192,-0.0757384858414546,2.7838488704663087,-0.012566890042375371,0.40981345922788914
3.124624924984997,PASSED,-0.28976542055927584,0.002246757931110414,-0.07625732602699378,2.7838365096108304,-0.01215539533862829,0.41261553342654267
3.125625125025005,PASSED,-0.2897632121291485,0.002170203749321098,-0.07675208563086397,2.78382456159869,-0.011741176677734949,0.41528741253787516
3.126625325065013,PASSED,-0.28976108049085614,0.002093169307177976,-0.07722267981796169,2.78381302908858,-0.011324364503660044,0.41782868176625676
3.127625525105021,PASSED,-0.28975902611254406,0.0020156788184605024,-0.07766902798381436,2.783801914608538,-0.010905089678935215,0.4202389200305424
3.128625725145029,PASSED,-0.2897570494381073,0.0019377565714605376,-0.07809105967739863,2.7837912205555497,-0.010483483459097475,0.42251775304253825
3.129625925185037,PASSED,-0.28975515088712045,0.0018594269207532624,-0.0784887113938595,2.7837809491951564,-0.010059677473067845,0.4246648080210259
3.130626125225045,PASSED,-0.2897533308547735,0.0017807142817149537,-0.0788619241346082,2.783771102661123,-0.009633803667524058,0.42667980389229204
3.131626325265053,PASSED,-0.28975158971181675,0.001701643121040014,-0.0792106517018271,2.783761682955141,-0.009205994248148247,0.42856249636482513
3.132626525305061,PASSED,-0.28974992780451186,0.0016222379496883437,-0.07953485111823258,2.7837526919465736,-0.008776381666173491,0.4303126390480464
3.133626725345069,PASSED,-0.28974834545459066,0.001542523317783402,-0.0798344857627478,2.783744131372235,-0.008345098580130255,0.43193005070669604
3.134626925385077,PASSED,-0.2897468429592213,0.001462523805143639,-0.08010953055777349,2.7837360028362044,-0.007912277809628178,0.43341458369900043
3.135627125425085,PASSED,-0.2897454205909823,0.0013822640124265201,-0.08035996749001582,2.7837283078097026,-0.007478052270303208,0.43476617640894866
3.136627325465093,PASSED,-0.2897440785978427,0.0013017685581627398,-0.08058577877962342,2.7837210476309826,-0.007042554970209423,0.43598471588367854
3.137627525505101,PASSED,-0.2897428172031507,0.0012210620685364393,-0.08078696352408483,2.7837142235052625,-0.006605918985897043,0.43707016326484693
3.138627725545109,PASSED,-0.2897416366056294,0.0011401691688768542,-0.08096352374991866,2.783707836504724,-0.006168277345553765,0.4380226250622321
3.139627925585117,PASSED,-0.2897405369793791,0.0010591144798078084,-0.08111546594846396,2.783701887568509,-0.00572976306571365,0.43884204969203605
3.140628125625125,PASSED,-0.28973951847388796,0.0009779226079706922,-0.08124280909621755,2.783696377502804,-0.005290509086193942,0.43952859940482336
3.141628325665133,PASSED,-0.2897385812140491,0.0008966181374187606,-0.08134557818907436,2.783691306980904,-0.004850648233853316,0.44008235429782805
3.142628525705141,PASSED,-0.2897377253001855,0.0008152256255060122,-0.08142380106186436,2.7836866765433705,-0.004410313174701579,0.4405035290543439
3.143628725745149,PASSED,-0.28973695080808143,0.0007337695945220141,-0.08147751759875381,2.783682486598201,-0.0039696363673529635,0.4407923262114633
3.144628925785157,PASSED,-0.28973625778902184,0.000652274522389318,-0.08150677515532423,2.7836787374210425,-0.003528750060476797,0.4409489606526355
3.145629125825165,PASSED,-0.28973564626983866,0.0005707648379162788,-0.08151162401818245,2.7836754291554344,-0.003087786234799585,0.44097373569359555
3.146629325865173,PASSED,-0.28973511625296366,0.0004892649144643708,-0.08149212307439155,2.783672561813112,-0.0026468765313762046,0.4408670152432374
3.147629525905181,PASSED,-0.2897346677164893,0.00040779905935869366,-0.08144834312653405,2.7836701352743196,-0.0022061522771934686,0.4406290801424023
3.148629725945189,PASSED,-0.28973430061423594,0.0003263915096310859,-0.08138035412832355,2.7836681492881863,-0.0017657444086437912,0.4402603941545271
3.149629925985197,PASSED,-0.2897340148758264,0.00024506642549042116,-0.08128823748222556,2.7836666034731214,-0.0013257834236920004,0.4397613788166329
3.150630126025205,PASSED,-0.28973381040676766,0.00016384788040925345,-0.08117208348046248,2.7836654973172696,-0.0008863993634680964,0.43913251449541824
3.151630326065213,PASSED,-0.28973368708853875,8.275985690078011e-05,-0.08103198352714726,2.783664830178963,-0.0004477218055664562,0.43837425350578824
3.152630526105221,PASSED,-0.28973364477868646,1.8262392499286274e-06,-0.08086804039998763,2.783664601287262,-9.879759288865687e-06,0.437487241458792
3.153630726145229,PASSED,-0.2897336833109276,-7.892919520278937e-05,-0.08068036382120493,2.783664809742497,0.00042699834945446655,0.43647202026635906
3.154630926185237,PASSED,-0.28973380249525743,-0.00015948278052197153,-0.08046906631783365,2.7836654545168478,0.0008627846419503402,0.43532914064888323
3.155631126225245,PASSED,-0.289734002118066,-0.0002398109696919125,-0.08023427107134588,2.7836665344549845,0.0012973519306904756,0.43405938746763684
3.156631326265253,PASSED,-0.28973428194226,-0.00031989034199705234,-0.07997610646100252,2.7836680482747154,0.0017305737120907928,0.43266337735543725
3.157631526305261,PASSED,-0.28973464170739227,-0.00039969760928810133,-0.07969470784441332,2.783669994567688,0.0021623241528070133,0.4311418162900767
3.158631726345269,PASSED,-0.289735081129797,-0.00047920962125397293,-0.07939021471351054,2.783672371800121,0.0025924782007249007,0.42949553566976134
3.159631926385277,PASSED,-0.28973559990273257,-0.0005584033742559964,-0.07906277852769861,2.783675178313569,0.0030209115935591877,0.42772529761063766
3.160632126425285,PASSED,-0.28973619769652953,-0.0006372560162306544,-0.07871255093929756,2.7836784123257274,0.003447500864774236,0.4258319202846563
3.161632326465293,PASSED,-0.28973687415874627,-0.0007157448529540592,-0.07833969391280955,2.783682071931264,0.003872123411051656,0.42381629693926187
3.162632526505301,PASSED,-0.28973762891433014,-0.0007938473552898596,-0.07794437461779424,2.783686155102688,0.004294657518823702,0.42167931499390277
3.163632726545309,PASSED,-0.2897384615657853,-0.0008715411647851538,-0.07752676608029409,2.783690659691271,0.004714982408272875,0.4194219390860193
3.164632926585317,PASSED,-0.28973937169334696,-0.0009488041005005607,-0.07708704880548214,2.783695583427955,0.005132978220378598,0.41704506078552595
3.165633126625325,PASSED,-0.28974035885516103,-0.0010256141641996903,-0.07662540696156114,2.7837009239243478,0.005548526101461123,0.4145497612805246
3.166633326665333,PASSED,-0.28974142258747093,-0.0011019495471617474,-0.07614203362905456,2.783706678673717,0.005961508241152465,0.41193705863188634
3.167633526705341,PASSED,-0.2897425624048096,-0.0011777886362877472,-0.0756371261239631,2.7837128450520314,0.006371807849883721,0.4092079754641705
3.168633726745349,PASSED,-0.28974377780019756,-0.0012531100187435972,-0.07511088667710793,2.783719420319009,0.0067793092017981935,0.40636360288134077
3.169633926785357,PASSED,-0.2897450682453476,-0.0013278924900018084,-0.07456352764561358,2.7837264016192496,0.007183897754500859,0.4034051859168821
3.170634126825365,PASSED,-0.2897464331908743,-0.001402115057882639,-0.07399526137097538,2.7837337859833404,0.007585460073887132,0.40033374169919894
3.171634326865373,PASSED,-0.28974787206650954,-0.0014757569478714026,-0.07340630906728905,2.7837415703290236,0.007983883860314378,0.39715048291260996
3.172634526905381,PASSED,-0.2897493842813243,-0.0015487976108266215,-0.07279689888050503,2.783749751462394,0.008379058097386436,0.39385673984502445
3.173634726945389,PASSED,-0.28975096922395555,-0.0016212167272618284,-0.07216726147167492,2.78375832607911,0.008770872972271573,0.39045363157854596
3.174634926985397,PASSED,-0.289752626262838,-0.0016929942115779266,-0.07151763287904707,2.7837672907656614,0.009159219915353645,0.3869424840844233
3.175635127025405,PASSED,-0.2897543547464428,-0.0017641102197694066,-0.07084825839976874,2.7837766420006362,0.009543991692306828,0.38332463886568946
3.176635327065413,PASSED,-0.28975615400352006,-0.001834545153862521,-0.07015938455534446,2.783786376156032,0.009925082368933863,0.3796013684679316
3.177635527105421,PASSED,-0.2897580233433475,-0.0019042796658955672,-0.06945126368484744,2.7837964894986014,0.010302387364187347,0.37577407977718696
3.178635727145429,PASSED,-0.28975996205598403,-0.0019732946644633077,-0.06872415515633565,2.7838069781912145,0.01067580349496595,0.37184416477954707
3.179635927185437,PASSED,-0.28976196941252813,-0.0020415713195851073,-0.06797832176544209,2.783817838294239,0.011045228947153837,0.3678129771267819
3.180636127225445,PASSED,-0.289764044665382,-0.0021090910675582394,-0.06721403211159156,2.783829065766984,0.011410563379777392,0.36368206962140237
3.181636327265453,PASSED,-0.2897661870485194,-0.0021758356146592403,-0.06643155709394054,2.783840656469128,0.011771707902147443,0.35945282420248187
3.182636527305461,PASSED,-0.2897683957777596,-0.002241786943584794,-0.06563117681329547,2.7838526061621907,0.012128565070922678,0.35512673182373933
3.183636727345469,PASSED,-0.28977067005104473,-0.0023069273176541134,-0.06481317224000237,2.7838649105110433,0.01248103900620117,0.3507054042483255
3.184636927385477,PASSED,-0.2897730090487232,-0.002371239284436558,-0.06397782981073945,2.783877565085416,0.012829035339324946,0.3461902857074079
3.185637127425485,PASSED,-0.2897754119338363,-0.0024347056814046676,-0.06312544173968997,2.783890565361456,0.01317246123883391,0.3415829753766649
3.186637327465493,PASSED,-0.28977787785241,-0.0024973096395204783,-0.06225630236655805,2.7839039067232965,0.013511225502165275,0.3368851219678317
3.187637527505501,PASSED,-0.28978040593375076,-0.002559034588007499,-0.0613707125673289,2.7839175844646387,0.013845238493818749,0.3320982381105679
3.188637727545509,PASSED,-0.289782995290746,-0.0026198642585171963,-0.060468975804609935,2.783931593790386,0.014174412211609047,0.3272240375767842
3.189637927585517,PASSED,-0.28978564502016807,-0.0026797826886786305,-0.059551399732650195,2.7839459298182736,0.014498660334466337,0.3222641797109584
3.190638127625525,PASSED,-0.28978835420298277,-0.002738774226775593,-0.058618297006503804,2.78396058758053,0.014817898176429452,0.3172202834645535
3.191638327665533,PASSED,-0.28979112190466144,-0.0027968235350568325,-0.05766998246439675,2.7839755620255593,0.015132042749825736,0.3120941000174363
3.192638527705541,PASSED,-0.28979394717549734,-0.0028539155940141272,-0.056706776619226164,2.7839908480196454,0.015441012804406871,0.3068873576236001
3.193638727745549,PASSED,-0.2897968290509253,-0.002910035705772084,-0.055729001850443924,2.7840064403486733,0.015744728800189442,0.30160175455521926
3.194638927785557,PASSED,-0.2897997665518452,-0.002965169497404081,-0.054736984819699346,2.7840223337198844,0.01604311296502194,0.2962391050173459
3.195639127825565,PASSED,-0.2898027586849488,-0.0030193029251953554,-0.053731056438990746,2.784038522763615,0.016336089282093336,0.2908011251074333
3.196639327865573,PASSED,-0.2898058044430506,-0.0030724222773385987,-0.05271154927941131,2.7840550020350925,0.01662358352436454,0.28528965371371406
3.197639527905581,PASSED,-0.2898089028054211,-0.0031245141772302627,-0.05167880029983292,2.7840717660162317,0.016905523297120556,0.2797065187842186
3.198639727945589,PASSED,-0.2898120527381239,-0.00317556558681316,-0.050633149104940586,2.784088809117456,0.017181838015853407,0.2740535186986086
3.199639927985597,PASSED,-0.2898152531943555,-0.0032255638096609423,-0.04957493867634304,2.784106125679513,0.017452458911342353,0.26833248001583976
3.200640128025605,PASSED,-0.289818503114789,-0.003274496494188548,-0.04850451509511424,2.7841237099753413,0.017717319108510314,0.2625453419360384
3.201640328065613,PASSED,-0.2898218014279189,-0.003322351635197693,-0.047422224951831966,2.7841415562119254,0.01797635360020699,0.2566939248704271
3.202640528105621,PASSED,-0.2898251470504108,-0.0033691175781897045,-0.046328421685465,2.784159658532176,0.018229499233708892,0.25078010592288663
3.203640728145629,PASSED,-0.28982853888745186,-0.003414783021557134,-0.0452234578220727,2.784178011016831,0.018476694795338745,0.24480586543449262
3.204640928185637,PASSED,-0.2898319758331055,-0.0034593370181802896,-0.044107689157211,2.784196607686353,0.018717880974216308,0.2387730545062758
3.205641128225645,PASSED,-0.289835456770667,-0.0035027689788010197,-0.04298147492974278,2.7842154425028594,0.018953000371908616,0.23268362648299484
3.206641328265653,PASSED,-0.28983898057302254,-0.0035450686737675593,-0.04184517499107111,2.784234509372054,0.019181997553135502,0.22653955105614382
3.207641528305661,PASSED,-0.2898425461030101,-0.003586226235651646,-0.0406991531460966,2.7842538021451673,0.019404819018717098,0.22034274193189804
3.208641728345669,PASSED,-0.28984615221378196,-0.0036262321609923025,-0.0395437734703629,2.7842733146209198,0.019621413233070983,0.214095195968544
3.209641928385677,PASSED,-0.2898497977491704,-0.003665077311983753,-0.03837940267217641,2.7842930405474995,0.019831730663848503,0.2077989206501747
3.210642128425685,PASSED,-0.289853481544054,-0.003702752918777754,-0.037206409541884,2.7843129736245196,0.020035723714858546,0.20145580458328743
3.211642328465693,PASSED,-0.28985720242472635,-0.003739250581227301,-0.03602516438798876,2.7843331075050277,0.020233346810343146,0.19506795608547284
3.212642528505701,PASSED,-0.2898609592092665,-0.0037745622698798146,-0.034836038162197,2.78435343579749,0.020424556391895294,0.18863733186326492
3.213642728545709,PASSED,-0.28986475070791046,-0.0038086803279293703,-0.03363940464112786,2.784373952067803,0.020609310874594125,0.1821659165892083
3.214642928585717,PASSED,-0.28986857572342495,-0.0038415974730836885,-0.03243563882977826,2.7843946498413126,0.020787570719027395,0.17565579632930814
3.215643128625725,PASSED,-0.2898724330514814,-0.003873306797352176,-0.031225114560960218,2.78441552260482,0.02095929840155825,0.16910893999855314
3.216643328665733,PASSED,-0.28987632148103215,-0.003903801769383398,-0.03000821034472973,2.784436563808635,0.021124458437531517,0.1625274332897436
3.217643528705741,PASSED,-0.28988023979468686,-0.003933076235816071,-0.028785303824635806,2.7844577668685795,0.021283017359869743,0.1559132483705471
3.218643728745749,PASSED,-0.28988418676909067,-0.003961124420745662,-0.02755677233289397,2.7844791251680583,0.02143494376800174,0.14926851463963253
3.2196439287857572,PASSED,-0.2898881611753027,-0.003987940927439421,-0.026322996267669194,2.784500632060075,0.021580208295392346,0.1425952025579254
3.2206441288257652,PASSED,-0.28989216177917565,-0.004013520739760384,-0.025084356356491005,2.784522280869307,0.02171878362519187,0.13589541462725488
3.2216443288657732,PASSED,-0.2898961873417355,-0.004037859220741449,-0.02384123073078235,2.7845440648941344,0.021850644497724822,0.12917117780341894
3.2226445289057812,PASSED,-0.28990023661956243,-0.00406095211468578,-0.02259400275336184,2.7845659774087124,0.021975767712475572,0.12242457271563191
3.2236447289457892,PASSED,-0.2899043083651714,-0.004082795547863157,-0.021343053460053333,2.7845880116650235,0.02209413212942009,0.11565764643044774
3.2246449289857972,PASSED,-0.2899084013273938,-0.004103386026701804,-0.020088762424373952,2.784610160894931,0.022205718652594776,0.1088724410041742
3.2256451290258052,PASSED,-0.28991251425175846,-0.004122720438911042,-0.018831512065814633,2.784632418312249,0.022310510265858095,0.10207106143608312
3.2266453290658133,PASSED,-0.28991664588087346,-0.004140796055380258,-0.017571686071484686,2.7846547771148,0.02240849201610404,0.09525554278585584
3.2276455291058213,PASSED,-0.2899207949548072,-0.004157610527060731,-0.01630966208646561,2.7846772304864724,0.022499650989915885,0.08842792782917111
3.2286457291458293,PASSED,-0.2899249602114701,-0.004173161885705252,-0.015045823016557656,2.7846997715992883,0.022583976352026986,0.08159031829905418
3.2296459291858373,PASSED,-0.289929140386995,-0.004187448545008294,-0.013780550160697728,2.784722393615454,0.022661459322575562,0.07474473871491902
3.2306461292258453,PASSED,-0.28993333421611833,-0.0042004692987478625,-0.012514222792149076,2.7847450896894297,0.02273209318029676,0.06789327039204761
3.2316463292658533,PASSED,-0.28993754043255954,-0.004212223319425361,-0.011247219267731007,2.784767852969965,0.022795873237924293,0.06103791578452332
3.2326465293058613,PASSED,-0.28994175776940134,-0.004222710160157438,-0.009979921708306283,2.7847906766021717,0.02285279688459669,0.05418080059764124
3.2336467293458693,PASSED,-0.28994598495946744,-0.004231929751575623,-0.008712704558103973,2.784813553729559,0.022902863551616647,0.047323911301499516
3.2346469293858773,PASSED,-0.2899502207357014,-0.004239882401669242,-0.007445947117295091,2.784836477496081,0.02294607468984491,0.04046928951277137
3.2356471294258853,PASSED,-0.28995446383154294,-0.004246568795479276,-0.006180024938527972,2.7848594410481766,0.022982433809410074,0.033619006266761835
3.2366473294658933,PASSED,-0.2899587129813041,-0.00425198999287935,-0.004915312374438127,2.784882437536791,0.023011946433173367,0.026775035427649377
3.2376475295059013,PASSED,-0.28996296692054363,-0.004256147427697848,-0.003652183114537669,2.7849054601194294,0.023034620132985073,0.019939476067741456
3.2386477295459093,PASSED,-0.28996722438644096,-0.004259042907216889,-0.002391010455376759,2.7849285019621504,0.023050464477833446,0.013114257368792341
3.2396479295859173,PASSED,-0.2899714841181677,-0.004260678609744555,-0.0011321639091931377,2.7849515562415923,0.023059491035744253,0.006301424938813593
3.2406481296259253,PASSED,-0.28997574485725836,-0.004261057082692375,0.00012398769309435357,2.784974616146979,0.023061713412454343,-0.0004969887757256262
3.2416483296659333,PASSED,-0.28998000534797963,-0.004260181242754594,0.0013770747675712713,2.7849976748821144,0.023057147182900927,-0.00727905673854244
3.2426485297059413,PASSED,-0.28998426433769714,-0.0042580543723536035,0.0026267341566034103,2.785020725667366,0.023045809885257684,-0.01404279157971162
3.2436487297459493,PASSED,-0.2899885205772412,-0.004254680118360179,0.003872600551306996,2.785043761741658,0.02302772108515461,-0.020786139118649394
3.2446489297859573,PASSED,-0.2899927728212702,-0.004250062490568227,0.005114312619046708,2.7850667763644172,0.023002902265950538,-0.027507272594353642
3.2456491298259653,PASSED,-0.2899970198286322,-0.004244205859040554,0.006351510800090303,2.7850897628175533,0.022971376866411854,-0.03420415083490405
3.2466493298659733,PASSED,-0.29000126036272417,-0.004237114951948238,0.007583837953798384,2.785112714407396,0.02293317030855165,-0.04087482921040055
3.2476495299059813,PASSED,-0.2900054931918493,-0.004228794853820392,0.008810938243877383,2.785135624466621,0.0228883098857489,-0.047517485197649895
3.2486497299459893,PASSED,-0.29000971708957185,-0.004219251002974205,0.010032459247726227,2.7851584863561887,0.022836824834563625,-0.05413009517702081
3.2496499299859973,PASSED,-0.2900139308350694,-0.004208489188487046,0.011248051313450049,2.785181293467241,0.022778746314237083,-0.060710803759555225
3.2506501300260053,PASSED,-0.2900181332134828,-0.0041965155480777295,0.012457366473227456,2.7852040392230046,0.022714107338743617,-0.06725775664940555
3.2516503300660133,PASSED,-0.2900223230162636,-0.004183336565532928,0.01366005992585032,2.78522671708067,0.022642942807631617,-0.07376904742039496
3.2526505301060213,PASSED,-0.2900264990415182,-0.0041689590681997825,0.014855788938008698,2.785249320533257,0.022565289490997065,-0.0802428294439888
3.2536507301460293,PASSED,-0.29003066009435013,-0.004153390223170687,0.01604421575648813,2.785271843111473,0.022481185999974774,-0.08667726540782511
3.2546509301860373,PASSED,-0.2900348049871984,-0.004136637534719775,0.017225003580526078,2.785294278385546,0.022390672768584915,-0.09307054204454873
3.2556511302260454,PASSED,-0.2900389325401735,-0.004118708842421729,0.018397818109726002,2.7853166199670434,0.02229379203924403,-0.09942085420510477
3.2566513302660534,PASSED,-0.2900430415813901,-0.004099612316144759,0.01956233172180108,2.78533886151068,0.02219058786735964,-0.10572638367058064
3.2576515303060614,PASSED,-0.29004713094729667,-0.004079356453477327,0.020718216631184658,2.785360996716107,0.022081106081839427,-0.11198538675330168
3.2586517303460694,PASSED,-0.2900511994830015,-0.004057950077414091,0.02186514901793766,2.7853830193296734,0.021965394252541248,-0.11819612432809767
3.2596519303860774,PASSED,-0.29005524604259575,-0.004035402331683149,0.023002810206278312,2.78540492314619,0.021843501720339907,-0.12435680411683096
3.2606521304260854,PASSED,-0.29005926948947286,-0.0040117226776567915,0.02413088323974442,2.7854267020106476,0.02171547953394968,-0.1304657745724853
3.2616523304660934,PASSED,-0.2900632686966444,-0.003986920890809885,0.025249055918349066,2.7854483498199487,0.021581380449521244,-0.13652129099906316
3.2626525305061014,PASSED,-0.29006724254705213,-0.003961007057054017,0.026357018980880928,2.785469860524581,0.02144125890272275,-0.14252171733144864
3.2636527305461094,PASSED,-0.2900711899338769,-0.003933991569393634,0.02745446678005142,2.7854912281303137,0.021295171007451735,-0.14846534723071708
3.2646529305861174,PASSED,-0.2900751097608431,-0.0039058851226965907,0.02854109997503864,2.7855124466998378,0.021143174516114447,-0.15435058740833427
3.2656531306261254,PASSED,-0.29007900094251937,-0.00387669871126582,0.029616619067924944,2.7855335103543974,0.0209853287790311,-0.16017583686668105
3.2666533306661334,PASSED,-0.290082862404616,-0.0038464436250007497,0.030680731063167165,2.78555441327542,0.020821694797614292,-0.16593941111689775
3.2676535307061414,PASSED,-0.29008669308427715,-0.0038151314430599627,0.031733149192533325,2.785575149706078,0.020652335111785384,-0.17163986897024822
3.2686537307461494,PASSED,-0.2900904919303701,-0.0037827740322721503,0.0327735851846657,2.785595713952886,0.02047731382313578,-0.17727556843584322
3.2696539307861574,PASSED,-0.2900942579037693,-0.0037493835419890155,0.03380176034878169,2.7856161003872293,0.02029669659557848,-0.1828450003049397
3.2706541308261654,PASSED,-0.29009798997763714,-0.003714972399246622,0.034817397671468256,2.7856363034468874,0.020110550571239477,-0.18834670702837158
3.2716543308661734,PASSED,-0.2901016871376993,-0.0036795533047138135,0.035820225773702044,2.7856563176375424,0.0199189443915077,-0.1937791615340468
3.2726545309061814,PASSED,-0.2901053483825167,-0.003643139228988414,0.03680997569319809,2.78567613753424,0.019721948166493933,-0.19914093400024419
3.2736547309461894,PASSED,-0.29010897272375247,-0.003605743406657836,0.03778638675549738,2.7856957577828583,0.01951963344683417,-0.20443057676611598
3.2746549309861974,PASSED,-0.29011255918643397,-0.0035673793328133804,0.03874919857042857,2.785715173101512,0.019312073173636892,-0.2096467374847124
3.2756551310262054,PASSED,-0.2901161068092112,-0.003528060758359228,0.039698158376635935,2.7857343782819797,0.01909934170956797,-0.21478794845839924
3.2766553310662134,PASSED,-0.29011961464460945,-0.003487801684297354,0.04063301785203223,2.7857533681910605,0.018881514773605505,-0.21985292763183667
3.2776555311062214,PASSED,-0.29012308175927815,-0.0034466163583529975,0.04155353133923952,2.7857721377719327,0.01865866939197019,-0.22484035097096394
3.2786557311462294,PASSED,-0.2901265072342339,-0.003404519268912404,0.04245946150816235,2.7857906820454783,0.01843088394161868,-0.2297488499385421
3.2796559311862374,PASSED,-0.29012989016509977,-0.00336152514070245,0.04335057267781504,2.785808996111577,0.018198238071343995,-0.23457721716544808
3.2806561312262454,PASSED,-0.2901332296623385,-0.0033176489299019366,0.044226636215646015,2.785827075150382,0.017960812669209684,-0.23932419211354966
3.2816563312662534,PASSED,-0.29013652485148167,-0.00327290581864853,0.04508742794524692,2.7858449144235653,0.017718689883569966,-0.24398851465716642
3.2826565313062614,PASSED,-0.29013977487335313,-0.003227311210742245,0.04593272788031022,2.785862509275532,0.01747195305599652,-0.2485690361843053
3.2836567313462695,PASSED,-0.2901429788842877,-0.003180880725519906,0.04676232345035876,2.785879855134604,0.017220686679873847,-0.2530646027482509
3.2846569313862775,PASSED,-0.2901461360563448,-0.003133630193322352,0.04757600469568327,2.785896947514201,0.016964976440077273,-0.2574739978287898
3.2856571314262855,PASSED,-0.29014924557751626,-0.0030855756501538376,0.048373568817068724,2.785913782013955,0.0167049091191376,-0.2617962030135936
3.2866573314662935,PASSED,-0.29015230665192954,-0.003036733332374432,0.04915481708763042,2.785930354320813,0.01644057255513424,-0.26603013799653313
3.2876575315063015,PASSED,-0.2901553185000456,-0.0029871196713736896,0.04991955694281743,2.785946660210141,0.01617205572063186,-0.2701746321729482
3.2886577315463095,PASSED,-0.2901582803588507,-0.0029367512878366933,0.050667601266448856,2.7859626955467327,0.015899448573073238,-0.2742288244824016
3.2896579315863175,PASSED,-0.2901611914820438,-0.0028856449872908677,0.0513987667320765,2.7859784562858576,0.015622842055833216,-0.27819164574509975
3.2906581316263255,PASSED,-0.2901640511402175,-0.002833817753130636,0.05211287911233425,2.785993938474238,0.015342328144436373,-0.2820620884980062
3.2916583316663335,PASSED,-0.29016685862103453,-0.002781286742622815,0.052809764771479493,2.786009138251002,0.01505799971670424,-0.2858393205548849
3.2926585317063415,PASSED,-0.29016961322939794,-0.002728069280651328,0.05348926010482506,2.7860240518486266,0.014769950559599634,-0.2895223814710868
3.2936587317463495,PASSED,-0.2901723142876158,-0.00267418285376411,0.05415120474214701,2.78603867559382,0.014478275369516888,-0.29311039582385146
3.2946589317863575,PASSED,-0.2901749611355609,-0.00261964510547267,0.05479544399096799,2.7860530059084048,0.014183069688918396,-0.2966025371149207
3.2956591318263655,PASSED,-0.29017755313082416,-0.002564473830117104,0.0554218295986315,2.7860670393101414,0.013884429859927796,-0.2999980235743864
3.2966593318663735,PASSED,-0.2901800896488625,-0.0025086869665384374,0.05603021956535613,2.786080772413551,0.013582453045720764,-0.3032960079621304
3.2976595319063815,PASSED,-0.2901825700831414,-0.002452302593633209,0.05662047513180989,2.786094201930673,0.01327723715713273,-0.30649580900530166
3.2986597319463895,PASSED,-0.2901849938452714,-0.0023953389243756844,0.05719246534133435,2.786107324671831,0.012968880834647848,-0.3095966648046008
3.2996599319863975,PASSED,-0.29018736036513876,-0.00233781429855491,0.05774606614040106,2.786120137546323,0.012657483409441533,-0.3125979321407904
3.300660132026405,PASSED,-0.2901896690910306,-0.002279747178521921,0.05828115596138073,2.786132637563122,0.012343144889667737,-0.3154989115291313
3.301660332066413,PASSED,-0.29019191948975426,-0.00222115614389136,0.058797620410014656,2.7861448218315212,0.012025965926044116,-0.3182989983532792
3.302660532106421,PASSED,-0.29019411104675047,-0.0021620598837101884,0.05929535336194313,2.7861566875617494,0.011706047749188802,-0.3209976291900041
3.303660732146429,PASSED,-0.29019624326620125,-0.0021024771917347745,0.0597742510510611,2.7861682320655654,0.011383492179011462,-0.3235941975022313
3.304660932186437,PASSED,-0.29019831567113125,-0.0020424269612981903,0.06023421669359986,2.786179452756805,0.01105840157306702,-0.3260882115725836
3.305661132226445,PASSED,-0.2902003278035039,-0.001981928177661342,0.06067516159901384,2.7861903471519125,0.01073087878742035,-0.3284791683627255
3.306661332266453,PASSED,-0.2902022792243113,-0.0019209999137171588,0.06109699884096243,2.7862009128704273,0.010401027164590912,-0.33076659247391343
3.307661532306461,PASSED,-0.2902041695136581,-0.001859661323553105,0.06149965104611496,2.7862111476354445,0.010068950483588916,-0.33295007335405097
3.308661732346469,PASSED,-0.2902059982708398,-0.001797931635739851,0.06188304565801303,2.7862210492740482,0.009734752942044242,-0.33502918700508977
3.309661932386477,PASSED,-0.29020776511441493,-0.0017358301486037763,0.06224711478811581,2.786230615717693,0.009398539103289508,-0.3370036065878316
3.310662132426485,PASSED,-0.2902094696822713,-0.0016733762241010947,0.06259179764572562,2.7862398450025814,0.009060413888882169,-0.3388729529536784
3.311662332466493,PASSED,-0.29021111163168656,-0.0016105892811532777,0.06291703981587796,2.7862487352699894,0.008720482544737394,-0.3406369382721735
3.312662532506501,PASSED,-0.2902126906393821,-0.001547488789359181,0.06322279311290936,2.7862572847665543,0.008378850559724704,-0.3422953495063655
3.313662732546509,PASSED,-0.2902142064015721,-0.0014840942654093508,0.0635090111744439,2.786265491844559,0.008035623711558531,-0.34384784727271256
3.314662932586517,PASSED,-0.29021565863400567,-0.0014204252648055142,0.06377566022343131,2.786273354962154,0.007690907998810631,-0.34529428973136006
3.315663132626525,PASSED,-0.2902170470720037,-0.001356501375936313,0.06402270796638085,2.786280872683557,0.007344809559308017,-0.34663453935011523
3.316663332666533,PASSED,-0.29021837147048923,-0.0012923422161496584,0.06425012766683726,2.7862880436792348,0.006997434729008496,-0.3478683575991263
3.317663532706541,PASSED,-0.2902196316040124,-0.0012279674238800397,0.06445790200480664,2.7862948667260268,0.006648889961666775,-0.3489957071701192
3.318663732746549,PASSED,-0.29022082726676923,-0.001163396653336486,0.06464601623605153,2.7863013407072508,0.006299281756455351,-0.3500165372389598
3.319663932786557,PASSED,-0.2902219582726145,-0.0010986495688064192,0.06481446339274376,2.7863074646127775,0.00594871670491497,-0.3509307277413283
3.320664132826565,PASSED,-0.2902230244550686,-0.0010337458387926336,0.06496324109448036,2.786313237539086,0.005597301455756318,-0.3517382634368682
3.321664332866573,PASSED,-0.2902240256673188,-0.0009687051297743109,0.06509235430088421,2.7863186586892374,0.005245142562026826,-0.35243931392457506
3.322664532906581,PASSED,-0.2902249617822143,-0.000903547100221132,0.0652018130547086,2.7863237273728854,0.004892346591060428,-0.35303374232761314
3.323664732946589,PASSED,-0.2902258326922559,-0.0008382913958850512,0.06529163185699563,2.7863284430061976,0.004539020066916133,-0.3535217120220827
3.324664932986597,PASSED,-0.290226638309579,-0.0007729576420997062,0.06536183507091127,2.7863328051117815,0.00418526934556432,-0.35390339423829914
3.325665133026605,PASSED,-0.29022737856593195,-0.0007075654393524051,0.0654124478648944,2.786336813318558,0.003831200676512144,-0.35417885226142803
3.326665333066613,PASSED,-0.2902280534126473,-0.0006421343578807167,0.06544350387621767,2.7863404673616166,0.0034769201718134867,-0.3543482729901433
3.327665533106621,PASSED,-0.29022866282060833,-0.0005766839299627348,0.06545504394582485,2.7863437670820184,0.0031225336869375965,-0.35441195946638837
3.328665733146629,PASSED,-0.2902292067802094,-0.000511233645849992,0.06544711089068801,2.7863467124265973,0.0027681468784032195,-0.35437004124636845
3.329665933186637,PASSED,-0.29022968530131016,-0.00044580294786773696,0.06541975604329979,2.7863493034477176,0.00241386517822333,-0.35422280613556983
3.330666133226645,PASSED,-0.29023009841318503,-0.0003804112241666084,0.06537303547301442,2.7863515403029804,0.0020597936575696063,-0.3539706636658261
3.331666333266653,PASSED,-0.29023044616446614,-0.0003150778030177961,0.06530701159934424,2.7863534232549276,0.0017060370884502095,-0.353613839421777
3.332666533306661,PASSED,-0.2902307286230809,-0.0002498219480314025,0.06522175057775975,2.786354952670708,0.0013526999366671923,-0.3531526933571772
3.333666733346669,PASSED,-0.2902309458761843,-0.0001846628518672943,0.0651173265550072,2.7863561290217063,0.0009998862369980926,-0.35258770387704785
3.334666933386677,PASSED,-0.2902310980300849,-0.0001196196301794607,0.0649938184430512,2.78635695288313,0.0006476995846350866,-0.3519192846869782
3.335667133426685,PASSED,-0.2902311852101664,-5.471131808898747e-05,0.06485130785542126,2.786357424933607,0.0002962432099336121,-0.351147768044472
3.336667333466693,PASSED,-0.2902312075608021,1.00431377317548e-05,0.06468988779762296,2.786357545954705,-5.438017688120137e-05,-0.3502737993283745
3.337667533506701,PASSED,-0.2902311652452658,7.462488342720504e-05,0.06450965096066845,2.7863573168304554,-0.00040406839648946327,-0.34929783312818685
3.338667733546709,PASSED,-0.2902310584456357,0.00013901516222748845,0.06431069736002673,2.7863567385468295,-0.000752719739334823,-0.34822034932347506
3.339667933586717,PASSED,-0.29023088736269365,0.00020319532213309964,0.06409313493600084,2.786355812191188,-0.0011002330989106032,-0.347042033077317
3.340668133626725,PASSED,-0.2902306522158191,0.00026714681967795074,0.06385707261741796,2.786354538951717,-0.0014465079602186532,-0.34576341346187184
3.341668333666733,PASSED,-0.29023035324287766,0.0003308512246945355,0.06360262661602926,2.7863529201168062,-0.0017914444078259587,-0.34438513703759494
3.342668533706741,PASSED,-0.290229990700104,0.0003942902274069623,0.06332992011002508,2.786350957074434,-0.002134943178073195,-0.34290785905366317
3.343668733746749,PASSED,-0.29022956486198026,0.00045744564253112006,0.06303907846691291,2.786348651311487,-0.002476905704720971,-0.3413323050438515
3.3446689337867572,PASSED,-0.290229076021109,0.0005202994134872244,0.0627302326155653,2.7863460044130814,-0.002817234106482273,-0.3396591329062696
3.3456691338267652,PASSED,-0.2902285244880809,0.0005828336186389955,0.06240352017590838,2.786343018061847,-0.0031558312192419896,-0.3378890993286807
3.3466693338667732,PASSED,-0.29022791059133757,0.0006450304774062896,0.062059084494884675,2.7863396940371707,-0.0034926006772886048,-0.33602303052523785
3.3476695339067812,PASSED,-0.2902272346770293,0.0007068723523303375,0.06169706854348992,2.7863360342144317,-0.0038274468832453327,-0.3340616562443885
3.3486697339467892,PASSED,-0.29022649710886833,0.0007683417553989598,0.06131762608537719,2.7863320405642047,-0.004160275021926457,-0.33200579363894805
3.3496699339867972,PASSED,-0.29022569826797623,0.0008294213546555771,0.0609209147041107,2.78632771515143,-0.004490991159666237,-0.32985636714033356
3.3506701340268052,PASSED,-0.29022483855272757,0.0008900939761804355,0.0605070927386902,2.786323060134558,-0.004819502228307947,-0.3276142029759607
3.3516703340668133,PASSED,-0.2902239183785882,0.0009503426094513428,0.0600763269590519,2.7863180777646814,-0.005145716004406764,-0.32528015818072165
3.3526705341068213,PASSED,-0.290222938177949,0.001010150414169812,0.05962878989141397,2.7863127703846255,-0.005469541214886892,-0.32285524534639926
3.3536707341468293,PASSED,-0.2902218983999547,0.001069500722417207,0.05916465381804896,2.7863071404280166,-0.0057908875478594355,-0.32034039138997394
3.3546709341868373,PASSED,-0.290220799510329,0.0011283770428888594,0.05868409824072161,2.7863011904183335,-0.006109665613317949,-0.31773651483753995
3.3556711342268453,PASSED,-0.290219641991194,0.0011867630685706253,0.05818731064246206,2.786294922967929,-0.006425787022964235,-0.31504467285211696
3.3566713342668533,PASSED,-0.29021842634088607,0.0012446426783731858,0.05767447590929288,2.7862883407770247,-0.006739164432992725,-0.31226590147940425
3.3576715343068613,PASSED,-0.2902171530737669,0.0013019999411743432,0.05714578739573367,2.7862814466326897,-0.0070497115037341926,-0.3094011835828441
3.3586717343468693,PASSED,-0.29021582272003044,0.001358819122263167,0.05660144355088409,2.7862742434077865,-0.007357342959241063,-0.3064516367895537
3.3596719343868773,PASSED,-0.2902144358255056,0.0014150846862386588,0.05604164425856357,2.7862667340598968,-0.00766197463821238,-0.3034183737591591
3.3606721344268853,PASSED,-0.2902129929514545,0.0014707813010130107,0.05546659511821091,2.7862589216302354,-0.007963523450624555,-0.3003024381808532
3.3616723344668933,PASSED,-0.2902114946743672,0.0015258938420591758,0.05487650499813457,2.7862508092425267,-0.008261907437868178,-0.29710501995213695
3.3626725345069013,PASSED,-0.29020994158575164,0.0015804073969976464,0.054271588232027795,2.7862424001018575,-0.008557045831587421,-0.29382730956398295
3.3636727345469093,PASSED,-0.2902083342919203,0.0016343072688137508,0.05365206087215545,2.786233697493536,-0.008848858983037165,-0.2904703793735825
3.3646729345869173,PASSED,-0.29020667341377243,0.0016875789798331433,0.05301814445088371,2.7862247047818904,-0.009137268452223894,-0.2870355290621626
3.3656731346269253,PASSED,-0.2902049595865732,0.0017402082753918868,0.052370062963983284,2.7862154254090754,-0.009422197046965258,-0.28352397186083106
3.3666733346669333,PASSED,-0.2902031934597281,0.0017921811282969712,0.051708046199151994,2.7862058628938473,-0.009703568762629474,-0.2799368781998044
3.3676735347069413,PASSED,-0.2902013756965548,0.0018434837413233561,0.051032324244539934,2.7861960208303262,-0.009981308850148416,-0.2762755603983669
3.3686737347469493,PASSED,-0.2901995069740503,0.0018941025516468356,0.05034313437610605,2.7861859028867224,-0.010255343874291174,-0.27254133330568586
3.3696739347869573,PASSED,-0.2901975879826557,0.001944024233690664,0.049640713822310084,2.7861755128040713,-0.010525601645592532,-0.2687353966318023
3.3706741348269653,PASSED,-0.2901956194260168,0.001993235702776723,0.04892530592855838,2.786164854394918,-0.010792011292707198,-0.2648591474365743
3.3716743348669733,PASSED,-0.2901936020207414,0.0020417241187550353,0.04819715601148111,2.7861539315420107,-0.011054503296498543,-0.2609139080278606
3.3726745349069813,PASSED,-0.290191536496154,0.002089476888150003,0.047456511650625255,2.7861427481969607,-0.011313009452918592,-0.2569009886815092
3.3736747349469893,PASSED,-0.2901894235940462,0.0021364816688727237,0.046703626770784726,2.786131308378885,-0.011567462931904792,-0.25282180585599534
3.3746749349869973,PASSED,-0.29018726406842543,0.002182726371721637,0.04593875356766522,2.7861196161730555,-0.011817798270260551,-0.24867769335560144
3.3756751350270053,PASSED,-0.2901850586852592,0.0022281991641869446,0.04516215173040235,2.7861076757294887,-0.012063951417663936,-0.24447011676857572
3.3766753350670133,PASSED,-0.29018280822221754,0.002272888473604509,0.04437408120900545,2.786095491261564,-0.01230585971850381,-0.2402004235540741
3.3776755351070213,PASSED,-0.29018051346841206,0.0023167829890394535,0.043574804918904184,2.78608306704459,-0.012543461946277248,-0.23587009725301325
3.3786757351470293,PASSED,-0.29017817522413236,0.0023598716645511393,0.042764589240207075,2.7860704074143934,-0.012776698305813268,-0.23148053439136135
3.3796759351870374,PASSED,-0.29017579430058016,0.002402143721733939,0.04194370247786098,2.7860575167658523,-0.013005510469545317,-0.22703324995917204
3.3806761352270454,PASSED,-0.29017337151959954,0.002443588653017692,0.041112417154347825,2.786044399551453,-0.013229841565183205,-0.22252965942369726
3.3816763352670534,PASSED,-0.2901709077134068,0.002484196222189887,0.040271003850759865,2.786031060279805,-0.013449636198166524,-0.21797128202306632
3.3826765353070614,PASSED,-0.290168403724316,0.0025239564683742313,0.0394197410734007,2.7860175035141563,-0.013664840488138161,-0.21335962860401608
3.3836767353470694,PASSED,-0.2901658604044632,0.00256285970845048,0.038558906078147104,2.786003733870904,-0.013875402029907745,-0.20869615054662882
3.3846769353870774,PASSED,-0.29016327861552793,0.002600896538185831,0.0376887788401536,2.785989756018071,-0.014081269948302586,-0.2039824302936512
3.3856771354270854,PASSED,-0.2901606592284532,0.0026380578345130893,0.03680964131866138,2.78597557467379,-0.014282394914264222,-0.19921998974029034
3.3866773354670934,PASSED,-0.2901580031231626,0.0026743347584703516,0.03592177904966223,2.7859611946047647,-0.014478729114746387,-0.19441034097674786
3.3876775355071014,PASSED,-0.29015531118827625,0.0027097187561938656,0.03502547683941529,2.7859466206247383,-0.014670226274688208,-0.18955503925187023
3.3886777355471094,PASSED,-0.2901525843208243,0.002744201560695821,0.03412102294364878,2.785931857592921,-0.01485684172141719,-0.18465571838039258
3.3896779355871174,PASSED,-0.2901498234259588,0.002777775194856594,0.033208708305522625,2.7859169104124444,-0.01503853231525529,-0.17971384414323346
3.3906781356271254,PASSED,-0.2901470294166641,0.0028104319712975055,0.03228882186450492,2.785901784028772,-0.015215256497218298,-0.17473107384286135
3.3916783356671334,PASSED,-0.2901442032134653,0.0028421644949145146,0.03136165811867879,2.7858864834281327,-0.015386974311809515,-0.16970897509012023
3.3926785357071414,PASSED,-0.2901413457441356,0.002872965664673834,0.030427510853079546,2.7858710136359184,-0.01555364738351048,-0.16464913610819454
3.3936787357471494,PASSED,-0.2901384579434017,0.0029028286743653935,0.029486675583879542,2.785855379715097,-0.015715238934779885,-0.15955316137687905
3.3946789357871574,PASSED,-0.2901355407526485,0.002931747013535637,0.028539448227820233,2.7858395867646037,-0.01587171380271602,-0.1544226723089759
3.3956791358271654,PASSED,-0.2901325951196219,0.002959714470109581,0.02758612880469287,2.785823639917728,-0.016023038443493353,-0.14925928642290356
3.3966793358671734,PASSED,-0.29012962199813114,0.0029867251300052283,0.026627013956283363,2.7858075443405026,-0.016169180917572464,-0.14406459918325085
3.3976795359071814,PASSED,-0.29012662234774933,0.0030127733784554634,0.025662404779535967,2.785791305230078,-0.016310110919556624,-0.13884027051809336
3.3986797359471894,PASSED,-0.2901235971335139,0.003037853901923896,0.02469260259436358,2.7857749278130886,-0.016445799788075057,-0.13358793385198778
3.3996799359871974,PASSED,-0.29012054732562537,0.0030619616876351352,0.023717907789156556,2.785758417344038,-0.01657622046052232,-0.12830916484412136
3.4006801360272054,PASSED,-0.29011747389914583,0.0030850920246452327,0.022738623157391672,2.7857417791036414,-0.01670134754353504,-0.12300569512512395
3.4016803360672134,PASSED,-0.29011437783369665,0.0031072405056833154,0.021755052958543467,2.785725018397207,-0.016821157277881228,-0.1176790938268943
3.4026805361072214,PASSED,-0.29011126011315524,0.003128403025819137,0.020767498254007134,2.7857081405529733,-0.01693562754055953,-0.11233104191257234
3.4036807361472294,PASSED,-0.2901081217253522,0.003148575783321238,0.01977626366749749,2.785691150920474,-0.017044737869413636,-0.10696318681513067
3.4046809361872374,PASSED,-0.29010496366176686,0.0031677552820783645,0.018781655483545757,2.785674054868895,-0.017148469427520394,-0.10157713896784072
3.4056811362272454,PASSED,-0.2901017869172234,0.003185938329334489,0.017783975104509988,2.785656857785415,-0.017246805050400393,-0.09617461215477234
3.4066813362672534,PASSED,-0.2900985924895866,0.003203122036101637,0.016783527875572607,2.785639565073571,-0.017339729209977933,-0.09075719119271955
3.4076815363072614,PASSED,-0.29009538137945706,0.0032193038191406054,0.015780619814565314,2.785622182151575,-0.017427228051600137,-0.08532660857519452
3.4086817363472695,PASSED,-0.29009215458986687,0.003234481399648063,0.014775554302718796,2.7856047144507095,-0.017509289333044735,-0.07988439669086762
3.4096819363872775,PASSED,-0.2900889131259749,0.00324865280257793,0.01376863534796621,2.785587167413641,-0.017585902480472634,-0.07443231458591847
3.4106821364272855,PASSED,-0.2900856579947626,0.003261816357719246,0.012760168336882203,2.785569546492786,-0.017657058597437165,-0.06897198521693862
3.4116823364672935,PASSED,-0.29008239020472987,0.0032739706987452897,0.01175045615215189,2.7855518571486546,-0.017722750394970233,-0.06350500574382088
3.4126825365073015,PASSED,-0.29007911076559095,0.003285114762991774,0.01073980297603832,2.7855341048482187,-0.017782972227834568,-0.058033050944681516
3.4136827365473095,PASSED,-0.29007582068797144,0.0032952477908554734,0.00972851112214003,2.7855162950632497,-0.01783772013489867,-0.05255781114371671
3.4146829365873175,PASSED,-0.29007252098310504,0.0033043693256247547,0.008716883867375251,2.7854984332686925,-0.017886991760029697,-0.047080834455899605
3.4156831366273255,PASSED,-0.2900692126625314,0.003312479212446195,0.0077052221241502,2.7854805249410246,-0.01793078636871887,-0.041603791511355855
3.4166833366673335,PASSED,-0.29006589673779454,0.003319577597367056,0.006693826785335593,2.785462575556613,-0.017969104914263352,-0.036128381566568606
3.4176835367073415,PASSED,-0.29006257422014164,0.0033256649279601613,0.005682999798284962,2.785444590590098,-0.01800194993092905,-0.030656106731777075
3.4186837367473495,PASSED,-0.29005924612022366,0.0033307419503584255,0.00467303746491706,2.7854265755127634,-0.018029325566243405,-0.025188654369410056
3.4196839367873575,PASSED,-0.2900559134477953,0.003334809709654397,0.003664240516674411,2.785408535790908,-0.01805123764231442,-0.019727690538758193
3.4206841368273655,PASSED,-0.290052577211418,0.0033378695488196905,0.002656904931039227,2.7853904768842477,-0.018067693540376708,-0.01427470307797314
3.4216843368673735,PASSED,-0.29004923841816194,0.0033399231068716143,0.0016513267991799666,2.785372404244298,-0.018078702242209945,-0.008831367670078583
3.4226845369073815,PASSED,-0.2900458980733112,0.0033409723175676564,0.0006477999606170168,2.7853543233127773,-0.01808427437173527,-0.003399304095488109
3.4236847369473895,PASSED,-0.2900425571800688,0.00334101940927587,-0.0003533804600552102,2.785336239520006,-0.018084422118769067,0.0020199576739995586
3.4246849369873975,PASSED,-0.2900392167392637,0.0033400669024969618,-0.0013519243248103323,2.785318158283332,-0.018079159230966608,0.007424841221430469
3.4256851370274055,PASSED,-0.2900358777490589,0.0033381176083755477,-0.0023475406524832063,2.7853000850055407,-0.018068501068982442,0.012813709159322261
3.4266853370674135,PASSED,-0.29003254120466193,0.0033351746276272837,-0.0033399408121184927,2.78528202507329,-0.018052464556242827,0.018185048459810275
3.4276855371074215,PASSED,-0.2900292080980357,0.003331241348698176,-0.004328837673767365,2.7852639838555584,-0.01803106812826236,0.023537347660906514
3.4286857371474295,PASSED,-0.29002587941761204,0.0033263214458127558,-0.005313946359855727,2.78524596670207,-0.018004331824708873,0.028868940815205725
3.4296859371874375,PASSED,-0.2900225561480067,0.0033204188773845234,-0.006294983140482831,2.7852279789417866,-0.017972277188680323,0.03417843283744948
3.4306861372274455,PASSED,-0.2900192392697359,0.003313537884319574,-0.007271666347927486,2.7852100258813373,-0.017934927293180282,0.03946420394176954
3.4316863372674535,PASSED,-0.2900159297589353,0.0033056829874147952,-0.008243717276012783,2.78519211280353,-0.017892306740419674,0.044724785306500724
3.4326865373074615,PASSED,-0.2900126285870809,0.0032968589854116092,-0.009210858487968257,2.785174244965824,-0.017844441619267938,0.04995867838189404
3.4336867373474695,PASSED,-0.29000933672071155,0.0032870709539908217,-0.010172813376000504,2.785156427598835,-0.01779135952543683,0.05516437079725243
3.4346869373874775,PASSED,-0.29000605512115446,0.003276324242196835,-0.011129310739310576,2.7851386659048556,-0.017733089523845894,0.06034042212005771
3.4356871374274855,PASSED,-0.290002784744252,0.0032646244702683306,-0.012080079387967083,2.7851209650563717,-0.017669662151470287,0.0654853392126453
3.4366873374674936,PASSED,-0.28999952654009176,0.003251977528349782,-0.013024850272270003,2.7851033301946018,-0.017601109415025545,0.07059766793280778
3.4376875375075016,PASSED,-0.2899962814527383,0.0032383895727687417,-0.013963359120220587,2.7850857664280557,-0.0175274647386649,0.07567601531253447
3.4386877375475096,PASSED,-0.28999305041996765,0.0032238670247631213,-0.014895340595886862,2.7850682788310883,-0.017448762988567228,0.08071890662109424
3.4396879375875176,PASSED,-0.2899898343730046,0.0032084165665788255,-0.015820536576568765,2.7850508724424965,-0.01736504044008442,0.08572497639062024
3.4406881376275256,PASSED,-0.2899866342362618,0.0031920451397282066,-0.016738687033319537,2.7850335522640925,-0.017276334771468525,0.09069279676607221
3.4416883376675336,PASSED,-0.2899834509270828,0.0031747599426130437,-0.017649537169725178,2.78501632325932,-0.017182685054320523,0.09562099740261891
3.4426885377075416,PASSED,-0.2899802853554864,0.0031565684262579797,-0.018552835811956922,2.784999190351885,-0.017084131703204997,0.1005082535907983
3.4436887377475496,PASSED,-0.2899771384239153,0.0031374782926154605,-0.019448332196227786,2.784982158424377,-0.01698071651533717,0.1053531440525152
3.4446889377875576,PASSED,-0.2899740110269862,0.003117497492242399,-0.02033577915761682,2.78496523231694,-0.016872482616564953,0.11015440191868518
3.4456891378275656,PASSED,-0.28997090405124404,0.0030966342191845963,-0.021214935657926766,2.7849484168259275,-0.016759474446269514,0.11491068254660541
3.4466893378675736,PASSED,-0.28996781837491836,0.0030748969099135396,-0.022085558346477005,2.7849317167026024,-0.01664173775611635,0.11962069522420556
3.4476895379075816,PASSED,-0.2899647548676836,0.003052294239612842,-0.02294741160351158,2.7849151366518377,-0.016519319579305913,0.12428316453458553
3.4486897379475896,PASSED,-0.28996171439042184,0.0030288351180910887,-0.023800261467247282,2.7848986813308243,-0.016392268240373164,0.1288967885315314
3.4496899379875976,PASSED,-0.2899586977949891,0.003004528688241505,-0.024643875437808556,2.784882355347825,-0.016260633294692527,0.13346038378004652
3.4506901380276056,PASSED,-0.28995570592398484,0.0029793843215119202,-0.0254780275907686,2.784866163260919,-0.016124465537327895,0.13797267308769087
3.4516903380676136,PASSED,-0.2899527396105247,0.0029534116143003965,-0.02630249362536064,2.78485010957679,-0.015983816980863506,0.14243247871551734
3.4526905381076216,PASSED,-0.289949799678017,0.002926620385582998,-0.02711705211209057,2.7848341987494964,-0.01583874085290309,0.14683856079035185
3.4536907381476296,PASSED,-0.2899468869399418,0.0028990206736347764,-0.027921485172308372,2.7848184351793037,-0.015689291539231102,0.15118981559307967
3.4546909381876376,PASSED,-0.289944002199635,0.0028706227299247623,-0.02871558273515129,2.784802823211501,-0.0155355245872812,0.15548504285444673
3.4556911382276456,PASSED,-0.28994114625007417,0.0028414370188729714,-0.029499129929551178,2.7847873671352623,-0.015377496697061123,0.15972312179716244
3.4566913382676536,PASSED,-0.2899383198736696,0.002811474212898366,-0.030271923337974644,2.7847720711824975,-0.01521526569239222,0.16390292658339756
3.4576915383076616,PASSED,-0.28993552384205784,0.002780745187257584,-0.03103376050932044,2.7847569395267615,-0.015048890478120643,0.16802340606369906
3.4586917383476696,PASSED,-0.28993275891589976,0.0027492610184353295,-0.03178444103087723,2.7847419762821524,-0.014878431048158228,0.17208344589489336
3.4596919383876776,PASSED,-0.28993002584468186,0.0027170329798459313,-0.03252377029507861,2.7847271855022386,-0.014703948479410334,0.17608198398322883
3.4606921384276856,PASSED,-0.2899273253665217,0.002684072536968792,-0.033251557931846046,2.7847125711790186,-0.014525504854676418,0.18001805190104067
3.4616923384676936,PASSED,-0.2899246582079773,0.002650391343910568,-0.03396761647580865,2.7846981372418846,-0.014343163282952485,0.18389058493919633
3.4626925385077016,PASSED,-0.28992202508385984,0.0026160012407603185,-0.03467176093320986,2.7846838875566178,-0.014156987892657211,0.18769859386599264
3.4636927385477096,PASSED,-0.289919426697051,0.00258091424790925,-0.035363814129641256,2.7846698259243965,-0.013967043772066966,0.19144113840641436
3.4646929385877177,PASSED,-0.28991686373832404,0.002545142562071183,-0.03604360031035209,2.7846559560808486,-0.013773396936651278,0.19511730008853861
3.4656931386277257,PASSED,-0.2899143368861689,0.002508698554130854,-0.03671094636031355,2.7846422816950875,-0.013576114381333819,0.19872605880340352
3.4666933386677337,PASSED,-0.2899118468066214,0.002471594762958044,-0.037365687714474335,2.7846288063688007,-0.013375264001954,0.2022665930974259
3.4676935387077417,PASSED,-0.2899093941530967,0.0024338438911105814,-0.038007661269455165,2.7846155336353626,-0.013170914526014302,0.2057380645012146
3.4686937387477497,PASSED,-0.28990697956622646,0.0023954588034347402,-0.038636705280098646,2.7846024669589435,-0.012963135604528553,0.2091394928087733
3.4696939387877577,PASSED,-0.28990460367370113,0.002356452519836324,-0.03925266914396174,2.784589609733658,-0.012751997742336686,0.2124701084472627
3.4706941388277657,PASSED,-0.28990226709011535,0.0023168382117070164,-0.03985540078620483,2.784576965282751,-0.012537572184681187,0.21572919046098687
3.4716943388677737,PASSED,-0.2898999704168185,0.0022766291993205215,-0.04044475345335459,2.7845645368577645,-0.012319931039094918,0.21891578233645687
3.4726945389077817,PASSED,-0.28989771424176913,0.0022358389453077496,-0.04102058771905004,2.7845523276377833,-0.012099147182556618,0.2220292393395275
3.4736947389477897,PASSED,-0.289895499139394,0.0021944810511696296,-0.04158276508416699,2.7845403407286575,-0.01187529418622968,0.22506883431854524
3.4746949389877977,PASSED,-0.2898933256704512,0.002152569253819624,-0.042131152193897715,2.7845285791622607,-0.011648446411737626,0.22803373460772622
3.4756951390278057,PASSED,-0.28989119438189764,0.0021101174195108786,-0.04266562238531117,2.7845170458958055,-0.01141867887949164,0.23092339733815678
3.4766953390678137,PASSED,-0.28988910580676147,0.002067139540518561,-0.04318605006365621,2.7845057438111156,-0.01118606729743431,0.23373703853678116
3.4776955391078217,PASSED,-0.28988706046401846,0.0020236497302310676,-0.04369231710338416,2.7844946757139972,-0.010950688032784931,0.23647408205777756
3.4786957391478297,PASSED,-0.28988505885847304,0.001979662218662297,-0.044184307879027676,2.7844838443335793,-0.010712618064548747,0.2391338923551226
3.4796959391878377,PASSED,-0.28988310148064383,0.0019351913485452573,-0.04466191160904735,2.7844732523216935,-0.010471935004829059,0.2417158379627301
3.4806961392278457,PASSED,-0.28988118880665364,0.0018902515697758768,-0.045125023542936245,2.7844629022523004,-0.01022871701614356,0.24421942250067744
3.4816963392678537,PASSED,-0.28987932129812416,0.0018448574353791085,-0.045573541632656686,2.784452796620913,-0.009983042809896852,0.24664406207739822
3.4826965393078617,PASSED,-0.2898774994020751,0.0017990235974095414,-0.046007368860840794,2.7844429378440507,-0.00973499166781008,0.2489891954263529
3.4836967393478697,PASSED,-0.28987572355082786,0.0017527648013034604,-0.04642641426957462,2.784433328258726,-0.009484643348887017,0.25125440125419934
3.4846969393878777,PASSED,-0.2898739941619141,0.0017060958821093542,-0.046830589143793795,2.7844239701219533,-0.009232078077212092,0.2534391852887441
3.4856971394278857,PASSED,-0.28987231163798854,0.0016590317595628586,-0.04721981148163004,2.784414865610277,-0.00897737656858342,0.25554305752195555
3.4866973394678937,PASSED,-0.28987067636674657,0.0016115874335164422,-0.04759400242294061,2.7844060168193288,-0.008720619957909147,0.2575656461091553
3.4876975395079017,PASSED,-0.2898690887208467,0.0015637779790248223,-0.04795308920407263,2.78439742576342,-0.008461889751370836,0.25950658015775013
3.4886977395479097,PASSED,-0.2898675490578371,0.0015156185422598228,-0.0482970018056174,2.784389094375131,-0.008201267883499841,0.26136539301315825
3.4896979395879177,PASSED,-0.28986605772008767,0.0014671243351167644,-0.04862567736801919,2.784381024504959,-0.007938836629519016,0.2631418279592686
3.4906981396279257,PASSED,-0.2898646150347259,0.0014183106308891936,-0.04893905546727186,2.7843732179209737,-0.007674678557844935,0.2648355674839578
3.4916983396679337,PASSED,-0.28986322131357795,0.0013691927601803737,-0.04923708086985219,2.7843656763084845,-0.0074088766024838154,0.26644621394589413
3.4926985397079418,PASSED,-0.2898618768531143,0.0013197861050127427,-0.04951970469948339,2.7843584012697793,-0.007141513931455581,0.2679736424164635
3.4936987397479498,PASSED,-0.28986058193440006,0.001270106094581283,-0.04978688091944419,2.7843513943238247,-0.006872673970021414,0.269417507445968
3.4946989397879578,PASSED,-0.28985933682305,0.0012201682014547695,-0.050038567931226345,2.7843446569060433,-0.006602440410987389,0.27077759342606295
3.4956991398279658,PASSED,-0.289858141769188,0.0011699879358749088,-0.05027473067895072,2.7843381903681053,-0.006330897089274173,0.27205380723798406
3.4966993398679738,PASSED,-0.28985699700741185,0.0011195808409106452,-0.0504953378211388,2.7843319959777117,-0.006058128063590706,0.2732458379804566
3.4976995399079818,PASSED,-0.2898559027567622,0.0010689624883500747,-0.050700362386858266,2.78432607491846,-0.005784217540265949,0.27435364688762337
3.4986997399479898,PASSED,-0.28985485922069626,0.0010181484744384147,-0.05088978159486103,2.7843204282896763,-0.005509249831804844,0.2753770828434261
3.4996999399879978,PASSED,-0.28985386658706636,0.0009671544140738456,-0.05106357954437431,2.784315057106321,-0.005233309367313331,0.2763160522569043
3.500700140028006,PASSED,-0.289852925028103,0.0009159959362597541,-0.051221743327236356,2.7843099622988925,-0.004956480650307314,0.27717049350542494
3.501700340068014,PASSED,-0.28985203470040294,0.0008646886805742418,-0.05136426392436303,2.7843051447133536,-0.004678848246149264,0.2779403445931321
3.502700540108022,PASSED,-0.28985119574492135,0.0008132482918437313,-0.051491138601275514,2.784300605111111,-0.004400496725101822,0.27862563868364987
3.50370074014803,PASSED,-0.2898504082869695,0.000761690414360622,-0.05160237007099858,2.7842963441689914,-0.004121510659375615,0.27922635042124433
3.504700940188038,PASSED,-0.2898496724362159,0.0007100306892207086,-0.051697961852523226,2.7842923624792455,-0.003841974637214709,0.27974246998734725
3.505701140228046,PASSED,-0.28984898828669325,0.0006582847487124035,-0.05177792627882634,2.784288660549592,-0.003561973162940663,0.28017414379851135
3.506701340268054,PASSED,-0.28984835591680946,0.0006064682110927694,-0.05184227851350574,2.7842852388032835,-0.003281590647375503,0.28052143007625935
3.507701540308062,PASSED,-0.289847775389363,0.0005545966773498972,-0.05189103722911669,2.7842820975791818,-0.003000911457417907,0.2807843632118208
3.50870174034807,PASSED,-0.2898472467515637,0.0005026857254645975,-0.05192422832275513,2.784279237131879,-0.0027200198042913147,0.28096317973644036
3.509701940388078,PASSED,-0.289846770035057,0.00045075090637085427,-0.05194187960773531,2.7842766576318194,-0.0024389997473191712,0.28105797512927827
3.510702140428086,PASSED,-0.28984634525595393,0.0003988077396123784,-0.05194402485896955,2.784274359165465,-0.002157935205224031,0.2810689200723812
3.511702340468094,PASSED,-0.28984597241486443,0.0003468717082547609,-0.05193070235671621,2.7842723417354898,-0.0018769098576592847,0.2809962992263232
3.512702540508102,PASSED,-0.28984565149693653,0.0002949582544108986,-0.05190195483529302,2.78427060526097,-0.0015960071901399632,0.28084024638132044
3.51370274054811,PASSED,-0.2898453824718985,0.00024308277566433153,-0.05185782802074975,2.7842691495776366,-0.0013153104466878895,0.2806010748325761
3.514702940588118,PASSED,-0.2898451652941069,0.00019126061950742952,-0.051798374914336844,2.784267974438108,-0.001034902593383226,0.28027903895272177
3.515703140628126,PASSED,-0.28984499990259815,0.00013950707945413845,-0.051723650145927245,2.784267079512192,-0.000754866299817625,0.2798744633075206
3.516703340668134,PASSED,-0.2898448862211447,8.783739061359155e-05,-0.05163371463695999,2.7842664643871817,-0.00047528392497789214,0.2793876491945412
3.517703540708142,PASSED,-0.289844824158316,3.626672501178808e-05,-0.05152863291169913,2.7842661285681776,-0.0001962374984891902,0.27881894468480917
3.51870374074815,PASSED,-0.289844813607543,-1.5189811856685228e-05,-0.0514084728396561,2.784266071478453,8.219133674306326e-05,0.278168762263883
3.519703940788158,PASSED,-0.28984485444718816,-6.651718681012259e-05,-0.0512733096959582,2.7842662924598134,0.00035992130529391864,0.27743743940883697
3.520704140828166,PASSED,-0.28984494654061854,-0.00011770044240532715,-0.05112321952803548,2.784266790773007,0.0006368715428778456,0.2766254363673203
3.521704340868174,PASSED,-0.28984508973628403,-0.0001687247004938657,-0.050958283795540564,2.78426756559814,0.0009129616325355425,0.2757331918512814
3.522704540908182,PASSED,-0.28984528386779923,-0.0002195751673924583,-0.05077858896729399,2.784268616035112,0.0011881115851436778,0.274761126446038
3.52370474094819,PASSED,-0.28984552875403,-0.00027023713861864493,-0.050584226065448434,2.7842699411041054,0.0014622419211418516,0.27370980903293124
3.524704940988198,PASSED,-0.28984582419918387,-0.00032069600152868834,-0.05037528747310677,2.7842715397460447,0.0017352736387711276,0.27257965669350576
3.525705141028206,PASSED,-0.2898461699929047,-0.0003709372401415343,-0.05015187270600542,2.7842734108231264,0.0020071282492632007,0.27137124635778426
3.526705341068214,PASSED,-0.28984656591037117,-0.00042094643944748524,-0.049914083705914526,2.7842755531193557,0.002277727853888009,0.27008517680282434
3.527705541108222,PASSED,-0.2898470117124,-0.00047070928969519197,-0.04966202794223486,2.7842779653410825,0.0025469950695287086,0.2687219081992827
3.5287057411482294,PASSED,-0.28984750714555235,-0.0005202115888777173,-0.04939581334271909,2.7842806461175917,0.00281485310563348,0.26728212137509716
3.5297059411882374,PASSED,-0.2898480519422444,-0.0005694392479405108,-0.04911555620950981,2.784283594001702,0.003081225825988303,0.26576645300797286
3.5307061412282454,PASSED,-0.28984864582086256,-0.0006183782956309078,-0.04882137534432173,2.7842868074703713,0.0033460376707102686,0.2641754391979604
3.5317063412682534,PASSED,-0.2898492884858815,-0.0006670148793517444,-0.048513389305179865,2.7842902849253512,0.0036092137405045583,0.26250982352517604
3.5327065413082614,PASSED,-0.28984997962798675,-0.0007153352718058648,-0.04819172788674751,2.784294024693838,0.0038706798396448625,0.2607702828837227
3.5337067413482695,PASSED,-0.28985071892420067,-0.0007633258740179123,-0.047856518428914016,2.78429802502916,0.00413036243121717,0.2589574640313631
3.5347069413882775,PASSED,-0.28985150603801263,-0.0008109732179469666,-0.047507894262481046,2.784302284111471,0.004388188686972354,0.2570721169043992
3.5357071414282855,PASSED,-0.28985234061951226,-0.0008582639711004993,-0.04714599241423399,2.7843068000484794,0.004644086537205734,0.2551150057860339
3.5367073414682935,PASSED,-0.28985322230552696,-0.000905184940922761,-0.04677095476094673,2.7843115708761803,0.004897984640376167,0.2530868347600325
3.5377075415083015,PASSED,-0.28985415071976267,-0.0009517230769259565,-0.046382923498028014,2.784316594559625,0.005149812424301086,0.25098841670150973
3.5387077415483095,PASSED,-0.2898551254729481,-0.000997865473840734,-0.04598204585927694,2.784321868993688,0.005399500114798216,0.2488205396942098
3.5397079415883175,PASSED,-0.2898561461629827,-0.0010435993772114193,-0.0455684750449576,2.784327392003875,0.005646978745878046,0.24658402533691168
3.5407081416283255,PASSED,-0.2898572123750881,-0.0010889121861433326,-0.04514236485655054,2.7843331613471327,0.005892180160830226,0.24427967469569228
3.5417083416683335,PASSED,-0.2898583236819627,-0.0011337914543435798,-0.04470387042937821,2.7843391747126964,0.0061350370761409445,0.24190840905406855
3.5427085417083415,PASSED,-0.2898594796439395,-0.0011782248958376084,-0.04425315553712906,2.784345429722919,0.006375483038240715,0.23947099746357103
3.5437087417483495,PASSED,-0.2898606798091479,-0.0012222003890742991,-0.04379038503639868,2.7843519239341634,0.006613452481028412,0.23696840633711416
3.5447089417883575,PASSED,-0.28986192371367797,-0.0012657059768676657,-0.04331572296467846,2.784358654837681,0.006848880762739474,0.2344015319603604
3.5457091418283655,PASSED,-0.28986321088174793,-0.0013087298711549529,-0.042829341835692626,2.784365619860521,0.007081704125281074,0.23177124959576015
3.5467093418683735,PASSED,-0.2898645408258755,-0.0013512604584063914,-0.04233141752860257,2.7843728163664387,0.007311859724225451,0.22907849851012066
3.5477095419083815,PASSED,-0.28986591304705106,-0.0013932862984384147,-0.04182212170097071,2.7843802416568515,0.007539285709691736,0.22632431010372867
3.5487097419483895,PASSED,-0.2898673270349156,-0.0014347961297746345,-0.04130163775971927,2.7843878929717865,0.00776392118120161,0.22350957911397298
3.5497099419883975,PASSED,-0.2898687822679392,-0.001475778873101697,-0.04077014703862469,2.7843957674908446,0.007985706169713233,0.22063526144339218
3.5507101420284055,PASSED,-0.28987027821360495,-0.0015162236325055847,-0.04022783431406311,2.7844038623341927,0.008204581750703013,0.21770246068737162
3.5517103420684135,PASSED,-0.2898718143285935,-0.0015561196988033493,-0.039674887620232295,2.784412174563566,0.008420490013077115,0.21471213016525517
3.5527105421084215,PASSED,-0.2898733900589718,-0.001595456552603855,-0.039111497920687764,2.7844207011832793,0.008633374021441398,0.21166526049696788
3.5537107421484295,PASSED,-0.28987500484038387,-0.0016342238674708065,-0.038537859497794244,2.7844294391412543,0.008843177900744743,0.20856295850759818
3.5547109421884375,PASSED,-0.2898766580982444,-0.001672411510819211,-0.03795416591547804,2.7844383853300787,0.00904984686363051,0.2054062991378776
3.5557111422284455,PASSED,-0.2898783492479349,-0.0017100095476060458,-0.03736061736773898,2.7844475365880395,0.009253327121813404,0.2021962308795714
3.5567113422684535,PASSED,-0.2898800776950021,-0.0017470082434788848,-0.03675741487623934,2.7844568897002273,0.009453566012001176,0.19893399639324014
3.5577115423084615,PASSED,-0.28988184283535945,-0.0017833980654696718,-0.036144760067152316,2.7844664413995863,0.009650511956732442,0.19562057695661908
3.5587117423484695,PASSED,-0.2898836440554899,-0.001819169685079166,-0.035522859304388726,2.7844761883680436,0.00984411446477913,0.19225712877339757
3.5597119423884775,PASSED,-0.2898854807326521,-0.001854313981615877,-0.03489192135825915,2.7844861272375963,0.010034324174774045,0.18884476414259171
3.5607121424284855,PASSED,-0.28988735223508816,-0.001888822042731022,-0.03425215428640237,2.784496254591447,0.010221092855521788,0.18538462515118084
3.5617123424684936,PASSED,-0.2898892579222339,-0.0019226851672373801,-0.03360377131966217,2.784506566965133,0.010404373407458515,0.1818778364604235
3.5627125425085016,PASSED,-0.28989119714493083,-0.0019558948675390507,-0.03294698628967634,2.7845170608476706,0.010584119882393574,0.17832556725148266
3.5637127425485096,PASSED,-0.2898931692456406,-0.001988442871142854,-0.03228201514655442,2.7845277326827165,0.01076028750721358,0.17472899653235344
3.5647129425885176,PASSED,-0.2898951735586611,-0.0020203211224916117,-0.031609075483560005,2.7845385788697268,0.010932832660384077,0.17108925759592702
3.5657131426285256,PASSED,-0.2898972094103448,-0.002051521785654335,-0.030928388282165587,2.784549595765152,0.0111017129284802,0.16740760842958557
3.5667133426685336,PASSED,-0.289899276119318,-0.0020820372447655534,-0.030240172997253192,2.7845607796835936,0.011266887059361195,0.16368514584859878
3.5677135427085416,PASSED,-0.2899013729967033,-0.0021118601070770453,-0.029544655187650558,2.784572126899035,0.01142831502613359,0.15992318072159267
3.5687137427485496,PASSED,-0.28990349934634285,-0.002140983204346392,-0.028842058657144818,2.784583633646023,0.011585958014787796,0.15612286060928432
3.5697139427885576,PASSED,-0.28990565446502287,-0.0021693995929202743,-0.028132608518374326,2.7845952961208926,0.011739778402859094,0.15228540637930954
3.5707141428285656,PASSED,-0.28990783764270045,-0.0021971025573348612,-0.027416535012062017,2.7846071104829933,0.01188973982640597,0.14841210165858557
3.5717143428685736,PASSED,-0.28991004816273164,-0.0022240856111288,-0.026694066315190907,2.78461907285591,0.012035807142894202,0.1445041263746654
3.5727145429085816,PASSED,-0.28991228530210084,-0.002250342497157239,-0.025965432503938082,2.784631179328713,0.012177946444073674,0.14056275104934512
3.5737147429485896,PASSED,-0.2899145483316514,-0.002275867190008425,-0.02523086641601731,2.784643425957194,0.012316125087728141,0.13658923872454667
3.5747149429885976,PASSED,-0.2899168365163177,-0.0023006538971085083,-0.024490600889461003,2.78465580876513,0.012450311686236438,0.13258483836412902
3.5757151430286056,PASSED,-0.2899191491153584,-0.002324697059097896,-0.02374486938933861,2.7846683237455343,0.012580476100763419,0.12855079863554972
3.5767153430686136,PASSED,-0.28992148538259055,-0.0023479913521840265,-0.02299390888399246,2.7846809668619206,0.012706589462401732,0.12448840364015369
3.5777155431086216,PASSED,-0.2899238445666251,-0.0023705316878553182,-0.022237953529491723,2.784693734049582,0.012828624196848378,0.12039895498430839
3.5787157431486296,PASSED,-0.28992622591110334,-0.0023923132145229095,-0.021477242092990963,2.784706621216866,0.01294655399897126,0.11628370021526369
3.5797159431886376,PASSED,-0.2899286286549338,-0.0024133313185428574,-0.0207120119712528,2.7847196242464527,0.013060353830002508,0.11214391824190557
3.5807161432286456,PASSED,-0.2899310520325304,-0.0024335816242431977,-0.01994250151973236,2.784732738996639,0.013169999955812776,0.10798093085584515
3.5817163432686536,PASSED,-0.28993349527405154,-0.0024530599957847898,-0.01916895155616561,2.784745961302634,0.013275469940627336,0.10379602078703594
3.5827165433086616,PASSED,-0.289935957605639,-0.0024717625362499834,-0.018391599737879,2.784759286977855,0.013376742637576237,0.09959048105681023
3.5837167433486696,PASSED,-0.2899384382496586,-0.0024896855895775237,-0.017610689053980954,2.7847727118152146,0.013473798184317338,0.09536559053063061
3.5847169433886776,PASSED,-0.2899409364249405,-0.0025068257412244983,-0.01682646004230398,2.784786231588431,0.013566618041787996,0.0911227020973428
3.5857171434286856,PASSED,-0.2899434513470204,-0.00252317981663142,-0.016039152316667027,2.7847998420533298,0.01365518497598202,0.08686308892514584
3.5867173434686936,PASSED,-0.2899459822283809,-0.00253874488359711,-0.015249010065039047,2.7848135389491397,0.013739483030429026,0.08258803146158257
3.5877175435087016,PASSED,-0.28994852827869355,-0.0025535182524276502,-0.014456274674207617,2.784827317999813,0.01381949758729596,0.07829890713716828
3.5887177435487096,PASSED,-0.2899510887050604,-0.002567497474293842,-0.013661186660847095,2.7848411749153263,0.013895215335462213,0.07399697551897687
3.5897179435887177,PASSED,-0.2899536627122568,-0.002580680343610096,-0.012863991086525287,2.7848551053929858,0.0139666242398094,0.0696835235659957
3.5907181436287257,PASSED,-0.28995624950297333,-0.0025930648972394264,-0.012064928657866772,2.7848691051187537,0.01403371362656478,0.06535996221497078
3.5917183436687337,PASSED,-0.28995884827805823,-0.0026046494134313856,-0.01126424121468737,2.784883169768535,0.014096474095869208,0.06102747403072972
3.5927185437087417,PASSED,-0.28996145823675956,-0.002615432413326018,-0.010462172347928775,2.7848972950095088,0.014154897556394158,0.056687451521095084
3.5937187437487497,PASSED,-0.28996407857696777,-0.002625412660706949,-0.009658964069599492,2.784911476501422,0.014208977253341401,0.052341193898008204
3.5947189437887577,PASSED,-0.28996670849545725,-0.0026345891602495754,-0.0088548565246438,2.7849257098979106,0.014258707722047606,0.04798998524500256
3.5957191438287657,PASSED,-0.2899693471881282,-0.002642961158378189,-0.008050092531260395,2.784939990847801,0.014304084802070698,0.043635143208485466
3.5967193438687737,PASSED,-0.2899719938502483,-0.0026505281434354533,-0.007244913407933248,2.784954314996415,0.014345105645319456,0.03927797660894348
3.5977195439087817,PASSED,-0.2899746476766933,-0.0026572898442191665,-0.006439559034232907,2.7849686779868743,0.014381768703474511,0.03491977918579569
3.5987197439487897,PASSED,-0.28997730786218767,-0.002663246229128137,-0.005634268825461191,2.784983075461401,0.014414073725700772,0.030561850919904095
3.5997199439887977,PASSED,-0.2899799736015448,-0.002668397507158426,-0.004829284166840892,2.7849975030626166,0.014442021759954297,0.026205489809275003
3.6007201440288057,PASSED,-0.2899826440899062,-0.0026727441261767634,-0.0040248422526687365,2.7850119564348423,0.014465615156458162,0.02185200096692453
3.6017203440688137,PASSED,-0.28998531852297993,-0.002676286771838911,-0.0032211812684662345,2.785026431225378,0.014484857535544246,0.017502631165527263
3.6027205441088217,PASSED,-0.28998799609727927,-0.0026790263682812906,-0.002418539891655249,2.7850409230858033,0.01449975381741393,0.013158715672454866
3.6037207441488297,PASSED,-0.2899906760103588,-0.002680964075366871,-0.0016171518815303965,2.7850554276732518,0.014510310207427643,0.008821506241219019
3.6047209441888377,PASSED,-0.2899933574610518,-0.002682101289393382,-0.0008172554564991213,2.7850699406516912,0.014516534166444002,0.004492260866451243
3.6057211442288457,PASSED,-0.28999603964970444,-0.0026824396412093183,-1.908272222733287e-05,2.7850844576932006,0.014518434445886508,0.00017229182654372754
3.6067213442688537,PASSED,-0.2899987217784108,-0.0026819809954743367,0.0007771313731212651,2.785098974479235,0.014516021062231701,-0.004137167309039162
3.6077215443088617,PASSED,-0.29000140305124555,-0.00268072744923745,0.0015711561460637576,2.7851134867018916,0.0145093052782413,-0.008434861777972084
3.6087217443488697,PASSED,-0.29000408267449623,-0.0026786813309205813,0.002362759764072082,2.7851279900651487,0.014498299599036521,-0.012719557489317593
3.6097219443888777,PASSED,-0.29000675985689395,-0.0026758451997356218,0.003151712132217405,2.7851424802861517,0.014483017829204827,-0.01698991139327979
3.6107221444288857,PASSED,-0.2900094338098426,-0.0026722218428757096,0.00393778667837547,2.7851569530964086,0.014463474948931358,-0.021244859526930338
3.6117223444688937,PASSED,-0.2900121037476476,-0.0026678142754461846,0.004720754596957487,2.7851714042430613,0.014439687182658792,-0.025483037436321885
3.6127225445089017,PASSED,-0.29001476888774175,-0.0026626257385948637,0.00550039168756336,2.785185829490105,0.014411672040385888,-0.02970321216396066
3.6137227445489097,PASSED,-0.29001742845091133,-0.002656659697370841,0.006276474248328873,2.785200224619598,0.014379448171371541,-0.0339043069146048
3.6147229445889177,PASSED,-0.29002008166151905,-0.0026499198405095597,0.007048778603249409,2.78521458543288,0.014343035438022102,-0.038085017639329755
3.6157231446289257,PASSED,-0.29002272774772664,-0.0026424100777049783,0.00781708560546953,2.7852289077517747,0.01430245496539648,-0.04224410928314874
3.6167233446689337,PASSED,-0.2900253659417148,-0.0026341345373549056,0.00858117684647446,2.7852431874197827,0.014257729014386107,-0.04638051216185501
3.6177235447089418,PASSED,-0.2900279954799022,-0.002625097566890334,0.009340832876635783,2.7852574203032705,0.014208881018284807,-0.05049298539426586
3.6187237447489498,PASSED,-0.2900306156031621,-0.002615303729520428,0.010095840365419296,2.785271602292635,0.014155935618481184,-0.05458034274319294
3.6197239447889578,PASSED,-0.2900332255570375,-0.002604757801257427,0.010845986861389226,2.785285729303479,0.01409891860049688,-0.058641468145045214
3.6207241448289658,PASSED,-0.2900358245919541,-0.0025934647715797022,0.011591058221948246,2.7852997972777627,0.014037856884805366,-0.06267521405582797
3.6217243448689738,PASSED,-0.29003841196343155,-0.0025814298399863705,0.012330847174253928,2.7853138021849424,0.013972778542386644,-0.06668042799398363
3.6227245449089818,PASSED,-0.29004098693229236,-0.0025686584130312543,0.013065146809024375,2.7853277400231136,0.01390371278709715,-0.07065597348650317
3.6237247449489898,PASSED,-0.290043548764869,-0.0025551561039389653,0.01379375061446559,2.785341606820121,0.013830689917007668,-0.07460080115813345
3.6247249449889978,PASSED,-0.2900460967332087,-0.002540928730070849,0.014516456037216985,2.7853553986346835,0.0137537413586977,-0.07851372974452726
3.625725145029006,PASSED,-0.29004863011527615,-0.002525982309407482,0.015233063747466679,2.7853691115574786,0.013672899631032943,-0.08239372627824493
3.626725345069014,PASSED,-0.2900511481951538,-0.002510323059507536,0.01594337400159855,2.7853827417122323,0.01358819830569795,-0.08623972470615736
3.627725545109022,PASSED,-0.29005365026324004,-0.002493957395413767,0.016647190821883293,2.7853962852567995,0.013499672057601747,-0.0900505970228995
3.62872574514903,PASSED,-0.29005613561644455,-0.0024768919255240543,0.017344322601598815,2.785409738384221,0.013407356609620395,-0.09382534862032053
3.629725945189038,PASSED,-0.29005860355838214,-0.0024591334514351363,0.018034575080464157,2.785423097323772,0.013311288699564631,-0.0975629510127253
3.630726145229046,PASSED,-0.2900610533995631,-0.0024406889638856856,0.018717762528774603,2.7854363583419905,0.013211506112958116,-0.10126234366904278
3.631726345269054,PASSED,-0.29006348445758184,-0.002421565640273243,0.019393697668221403,2.78544951774371,0.013108047661404729,-0.10492252347628311
3.632726545309062,PASSED,-0.29006589605730215,-0.002401770842719911,0.020062197476739332,2.7854625718730612,0.013000953140047513,-0.10854251994450599
3.63372674534907,PASSED,-0.2900682875310408,-0.0023813121156296504,0.020723080165940908,2.7854755171144623,0.012890263322970658,-0.1121213484984192
3.634726945389078,PASSED,-0.29007065821874783,-0.002360197181814879,0.02137616958065827,2.7854883498936025,0.012776019973856603,-0.11565801619114545
3.635727145429086,PASSED,-0.290073007468184,-0.0023384339401303113,0.022021289753840788,2.7855010666784077,0.01265826581751213,-0.11915158311335917
3.636727345469094,PASSED,-0.29007533463509605,-0.0023160304642347086,0.022658266656777816,2.785513663979975,0.012537044481796067,-0.12260117078453352
3.637727545509102,PASSED,-0.2900776390833888,-0.0022929949978426137,0.023286932882306422,2.7855261383535375,0.012412400577427186,-0.12600572675844668
3.63872774554911,PASSED,-0.29007992018529427,-0.0022693359518904084,0.023907121332137776,2.7855384863993446,0.012284379585294878,-0.12936450238154593
3.639727945589118,PASSED,-0.29008217732153835,-0.002245061903120128,0.02451866706237559,2.785550704763597,0.012153027880573392,-0.13267650628144487
3.640728145629126,PASSED,-0.29008440988150397,-0.0022201815904248903,0.025121409783813067,2.7855627901393167,0.012018392754370246,-0.13594087281761247
3.641728345669134,PASSED,-0.29008661726339185,-0.0021947039108745512,0.025715192728023088,2.785574739267223,0.011880522323867906,-0.1391568022921592
3.642728545709142,PASSED,-0.2900887988743778,-0.0021686379177671767,0.026299860026942116,2.7855865489365876,0.011739465558913836,-0.14232340672867494
3.64372874574915,PASSED,-0.290090954130767,-0.0021419928178223347,0.02687525989010826,2.78559821598607,0.011595272279619907,-0.14543986100410053
3.644728945789158,PASSED,-0.29009308245814586,-0.0021147779667722924,0.027441245156664785,2.7856097373045463,0.011447993105370148,-0.14850538308019634
3.645729145829166,PASSED,-0.2900951832915294,-0.0020870028671466302,0.027997669271659788,2.7856211098319,0.01129767943284474,-0.15151919882221573
3.646729345869174,PASSED,-0.29009725607550674,-0.0020586771653992317,0.028544390064556918,2.785632330559826,0.011144383477592945,-0.15448045953817996
3.647729545909182,PASSED,-0.29009930026438296,-0.002029810647416441,0.029081269928279346,2.7856433965325906,0.010988158198820742,-0.1573884915948866
3.64872974594919,PASSED,-0.2901013153223171,-0.002000413235930912,0.029608172523695856,2.7856543048477826,0.01082905726822073,-0.16024255660342912
3.649729945989198,PASSED,-0.29010330072345814,-0.0019704949884401402,0.030124964135488548,2.7856650526570523,0.010667135129438734,-0.1630418602343741
3.650730146029206,PASSED,-0.29010525595207637,-0.0019400660917110804,0.03063151845810706,2.7856756371668316,0.010502446929224557,-0.1657857602007089
3.651730346069214,PASSED,-0.29010718050269224,-0.0019091368590342188,0.031127708822697758,2.785686055639023,0.010335048462226788,-0.1684736048624766
3.652730546109222,PASSED,-0.29010907388020174,-0.0018777177289432709,0.031613410936447796,2.7856963053916814,0.010164996222211559,-0.1711046634503977
3.65373074614923,PASSED,-0.2901109355999979,-0.0018458192586186541,0.03208850991672951,2.7857063837996936,0.009992347392409548,-0.1736782740364192
3.654730946189238,PASSED,-0.2901127651880894,-0.0018134521219270098,0.03255288787492067,2.7857162882953985,0.00981715972627102,-0.17619392753993404
3.655731146229246,PASSED,-0.2901145621812157,-0.0017806271073117844,0.033006432442095605,2.7857260163692175,0.009639491596993163,-0.1786509304364698
3.656731346269254,PASSED,-0.29011632612695804,-0.001747355111564248,0.03344903795116347,2.7857355655702754,0.009459402047623399,-0.18104862865862567
3.657731546309262,PASSED,-0.290118056583848,-0.0017136471379642366,0.03388059736590978,2.7857449335069657,0.009276950622826373,-0.1833866222226264
3.65873174634927,PASSED,-0.2901197531214713,-0.0016795142932693318,0.03430100958090143,2.7857541178475396,0.009092197434803658,-0.1856642318894379
3.659731946389278,PASSED,-0.2901214153205695,-0.0016449677826420141,0.03471017799159514,2.7857631163206342,0.008905203179521313,-0.18788093754428184
3.660732146429286,PASSED,-0.2901230427731364,-0.0016100189063444975,0.0351080085014643,2.7857719267158156,0.008716029030921578,-0.19003628930336955
3.661732346469294,PASSED,-0.2901246350825124,-0.0015746790577191045,0.03549440870801223,2.7857805468840815,0.008524736661697098,-0.19212975583855466
3.662732546509302,PASSED,-0.2901261918634745,-0.0015389597179166132,0.035869293865477235,2.785788974738357,0.008331388259218427,-0.194160833572082
3.66373274654931,PASSED,-0.2901277127423224,-0.0015028724517142243,0.03623258109366303,2.7857972082539617,0.008136046450401077,-0.19612912564752583
3.664732946589318,PASSED,-0.29012919735696185,-0.0014664289065318475,0.036584187908186086,2.7858052454690556,0.007938774278343063,-0.19803420299833868
3.665733146629326,PASSED,-0.2901306453569835,-0.0014296408067211257,0.03692404107907895,2.7858130844850817,0.0077396352540870135,-0.19987557176119086
3.666733346669334,PASSED,-0.2901320564037385,-0.0013925199489883816,0.03725206883518742,2.785820723467161,0.007538693264424917,-0.20165293492936764
3.667733546709342,PASSED,-0.2901334301704102,-0.0013550782014193697,0.037568200058228425,2.7858281606445012,0.0073360125681587625,-0.2033658704906788
3.66873374674935,PASSED,-0.29013476634208224,-0.0013173274979682728,0.03787237237967573,2.785835394310746,0.007131657796357467,-0.20501403934170595
3.669733946789358,PASSED,-0.29013606461580305,-0.001279279834677258,0.03816452389857437,2.7858424228243526,0.00692569393829943,-0.20659707053559137
3.670734146829366,PASSED,-0.29013732470064635,-0.0012409472668551236,0.03844459710450806,2.7858492446088907,0.006718186261014816,-0.20811474845062933
3.671734346869374,PASSED,-0.29013854631776803,-0.001202341904664352,0.038712538914947255,2.7858558581533743,0.006509200352284536,-0.20956668225004652
3.672734546909382,PASSED,-0.29013972920045966,-0.0011634759095626595,0.03896829922618905,2.7858622620125533,0.006298802118717107,-0.2109526011123506
3.67373474694939,PASSED,-0.2901408730941974,-0.0011243614903302974,0.039211832569811166,2.7858684548071624,0.006087057653214166,-0.2122723750966684
3.674734946989398,PASSED,-0.29014197775668793,-0.0010850108996936197,0.039443096014588376,2.785874435224185,0.005874033313689714,-0.2135256491429751
3.675735147029406,PASSED,-0.29014304295791044,-0.0010454364309489016,0.039662050564804506,2.7858802020170863,0.005659795732654905,-0.21471220229603016
3.676735347069414,PASSED,-0.29014406848015445,-0.001005650412726971,0.03986866332668144,2.785885754006004,0.005444411658771888,-0.21583198827433983
3.677735547109422,PASSED,-0.2901450541180546,-0.0009656652064206375,0.0400629016261014,2.7858910900779503,0.005227948040981107,-0.21688470413507613
3.67873574714943,PASSED,-0.29014599967862087,-0.0009254932027197292,0.0402447384174461,2.785896209186978,0.005010472040531911,-0.21787019799194335
3.679735947189438,PASSED,-0.29014690498126566,-0.0008851468164850483,0.04041415144617089,2.7859011103543154,0.004792050879782955,-0.21878846925363224
3.680736147229446,PASSED,-0.2901477698578267,-0.0008446384840110402,0.040571119825899324,2.785905792668507,0.004572751920423154,-0.21963928609724528
3.681736347269454,PASSED,-0.2901485941525865,-0.0008039806596143103,0.040715627443950346,2.7859102552855055,0.004352642653653039,-0.22042258721869493
3.682736547309462,PASSED,-0.2901493777222878,-0.0007631858105395547,0.040847663495292355,2.785914497428777,0.004131790617476335,-0.22113833548204437
3.68373674734947,PASSED,-0.2901501204361456,-0.0007222664138068587,0.040967218890965114,2.7859185183893365,0.00391026337699211,-0.22178651048567727
3.684736947389478,PASSED,-0.29015082217585464,-0.0006812349535395936,0.04107428785146504,2.785922317525823,0.00368812859069993,-0.22236697016318188
3.685737147429486,PASSED,-0.2901514828355945,-0.0006401039157417198,0.041168871095479544,2.785925894264508,0.0034654539124577516,-0.2228798169615092
3.686737347469494,PASSED,-0.29015210232202954,-0.0005988857846975879,0.041250971009900224,2.7859292480992903,0.003242306933413556,-0.22332508709932034
3.687737547509502,PASSED,-0.2901526805543058,-0.0005575930404527209,0.041320593068178264,2.7859323785917085,0.0030187553036013443,-0.2237026582874725
3.68873774754951,PASSED,-0.29015321746404477,-0.0005162381542529612,0.041377748287480705,2.785935285370868,0.0027948665857988283,-0.22401275747921218
3.689737947589518,PASSED,-0.290153712995332,-0.00047483358422937524,0.04142245118098952,2.785937968133421,0.002570708257089293,-0.22425537619641736
3.690738147629526,PASSED,-0.29015416710470315,-0.0004333917728406546,0.041454718193874744,2.7859404266434584,0.0023463477412759416,-0.224430608891308
3.691738347669534,PASSED,-0.2901545797611263,-0.000391925143133447,0.041474570716096164,2.7859426607324327,0.002121852343023881,-0.2245385911592295
3.692738547709542,PASSED,-0.2901549509459801,-0.0003504460944210148,0.041482034043322846,2.7859446702990387,0.001897289242734998,-0.22457943970865255
3.69373874774955,PASSED,-0.29015528065302837,-0.0003089669982920542,0.04147713751938582,2.7859464553090696,0.0016727254673970914,-0.2245533324240757
3.694738947789558,PASSED,-0.2901555688883917,-0.00026750019684028474,0.04145991074002523,2.785948015795263,0.0014482278751312293,-0.22446043216038658
3.695739147829566,PASSED,-0.2901558156705145,-0.00022605799733820933,0.041430392010108855,2.785949351857134,0.001223863163004638,-0.22430089877072762
3.696739347869574,PASSED,-0.29015602103012905,-0.0001846526685192178,0.04138862002491337,2.7859504636607686,0.0009996977985179151,-0.22407500829738636
3.697739547909582,PASSED,-0.2901561850102159,-0.00014329643849732756,0.04133463668654146,2.785951351438615,0.0007757980233707774,-0.22378295304697196
3.69873974794959,PASSED,-0.2901563076659607,-0.00010200149066490198,0.04126848859634834,2.785952015489248,0.0005522298574079794,-0.22342497457334876
3.699739947989598,PASSED,-0.2901563890647072,-6.077995878487416e-05,0.041190227402480815,2.785952456177121,0.000329059048525682,-0.22300136508826307
3.700740148029606,PASSED,-0.29015642928590735,-1.9643925248911875e-05,0.041099904291616605,2.7859526739322793,0.00010635103833009554,-0.22251244026713535
3.701740348069614,PASSED,-0.29015642842106726,2.1394582569293908e-05,0.0409975768359319,2.785952669250086,-0.00011582899637851773,-0.2219584310029319
3.702740548109622,PASSED,-0.2901563865736901,6.232359726655145e-05,0.04088330660480797,2.7859524426909053,-0.0003374162014224655,-0.22133972107129163
3.70374074814963,PASSED,-0.2901563038592154,0.0001031312130850182,0.04075715529423927,2.7859519948797637,-0.0005583461043129411,-0.22065669076993166
3.704740948189638,PASSED,-0.29015618040495533,0.00014380558973915505,0.040619190894068576,2.7859513265060207,-0.0007785545364069719,-0.2199095929767634
3.705741148229646,PASSED,-0.2901560163500266,0.0001843349574538597,0.040469485595128724,2.785950438322992,-0.000997977713476782,-0.21909889979850772
3.706741348269654,PASSED,-0.2901558118452802,0.00022470761736502901,0.04030810945519636,2.7859493311475685,-0.001216552280228336,-0.2182250113869183
3.707741548309662,PASSED,-0.29015556705322737,0.00026491194657410827,0.04013514237833442,2.785948005859807,-0.0014342152675378037,-0.2172883045911674
3.70874174834967,PASSED,-0.29015528214796177,0.0003049364024553971,0.0399506648832584,2.785946463402533,-0.0016509041008896893,-0.2162891858590311
3.709741948389678,PASSED,-0.29015495731507907,0.0003447695236217089,0.03975475868834747,2.7859447047808685,-0.0018665567208611365,-0.21522824271305796
3.710742148429686,PASSED,-0.2901545927515932,0.00038439993389365496,0.039547511327678454,2.7859427310618137,-0.002081111492434173,-0.21410579081302195
3.711742348469694,PASSED,-0.2901541886658489,0.00042381634683053796,0.039329014009685984,2.785940543373742,-0.0022945072466297213,-0.21292239645056624
3.712742548509702,PASSED,-0.29015374527743165,0.00046300756711429924,0.03909935779981149,2.785938142905934,-0.0025066833527794285,-0.21167857928246794
3.71374274854971,PASSED,-0.2901532628170746,0.0005019624940942682,0.03885863976674058,2.7859355309080622,-0.0027175796652404785,-0.21037480124677152
3.714742948589718,PASSED,-0.29015274152656156,0.0005406701262723231,0.038606960452264555,2.785932708689664,-0.002927136576520376,-0.20901165130198182
3.715743148629726,PASSED,-0.2901521816586277,0.0005791195622635928,0.03834441968393978,2.785929677619607,-0.0031352950419491015,-0.2075896748465545
3.716743348669734,PASSED,-0.29015158347685743,0.0006173000040974995,0.03807112326721779,2.7859264391255296,-0.003341996565216459,-0.20610942221455894
3.717743548709742,PASSED,-0.2901509472555781,0.0006552007625468859,0.037787181904165516,2.785922994693277,-0.0035471832197544835,-0.20457147608700124
3.71874374874975,PASSED,-0.29015027327975224,0.0006928112573187683,0.03749270335036037,2.7859193458662954,-0.0037507977123083834,-0.20297650353183333
3.719743948789758,PASSED,-0.2901495618448658,0.0007301210201502042,0.03718780248548624,2.7859154942450464,-0.003952783336245158,-0.2013250375400694
3.720744148829766,PASSED,-0.290148813256814,0.000767119700185207,0.03687259840134716,2.7859114414863724,-0.004153084004878528,-0.19961775602890203
3.721744348869774,PASSED,-0.2901480278317846,0.000803797063742435,0.03654720699448178,2.785907189302877,-0.004351644289383307,-0.19785530348869665
3.722744548909782,PASSED,-0.2901472058961377,0.0008401429981867513,0.03621175274420596,2.7859027394622506,-0.004548409434102409,-0.19603837220603895
3.72374474894979,PASSED,-0.2901463477862834,0.0008761475157571382,0.03586636078784094,2.7858980937866433,-0.004743325302862249,-0.1941675331290408
3.724744948989798,PASSED,-0.29014545384855656,0.0009118007546194872,0.03551115757868754,2.785893254151942,-0.004936338498787245,-0.19224363778896839
3.725745149029806,PASSED,-0.2901445244390887,0.0009470929820680863,0.03514627402854023,2.7858882224871078,-0.0051273963223698584,-0.19026728077837649
3.726745349069814,PASSED,-0.2901435599236781,0.0009820145975718288,0.03477184315387759,2.7858830007734583,-0.005316446739166794,-0.18823917414263974
3.727745549109822,PASSED,-0.2901425606776559,0.001016556134655006,0.034387999702710274,2.785877591043938,-0.005503438500852392,-0.1861601533809042
3.72874574914983,PASSED,-0.2901415270857516,0.0010507082633641326,0.03399488138007074,2.7858719953823967,-0.00568832108483337,-0.18403087104769483
3.729745949189838,PASSED,-0.29014045954195394,0.0010844617935217246,0.03359262934260618,2.7858662159228316,-0.005871044694015703,-0.1818521012720919
3.730746149229846,PASSED,-0.29013935844937155,0.0011178076763018855,0.03318138507186413,2.785860254848623,-0.0060515603443904616,-0.17962468310986868
3.731746349269854,PASSED,-0.29013822422008934,0.0011507370067744497,0.032761294073031,2.7858541143917726,-0.006229819806918669,-0.17734931547376703
3.732746549309862,PASSED,-0.29013705727502387,0.0011832410262531596,0.032332503082495814,2.7858477968321043,-0.006405775636666698,-0.17502683926420406
3.73374674934987,PASSED,-0.29013585804377584,0.0012153111246895891,0.03189516200571853,2.785841304496461,-0.006579381239593239,-0.17265811203476455
3.734746949389878,PASSED,-0.2901346269644805,0.0012469388427909004,0.03144942216504009,2.785834639757912,-0.006750590785426908,-0.17024383503293883
3.735747149429886,PASSED,-0.29013336448365573,0.0012781158738105294,0.03099543692268856,2.7858278050349043,-0.006919359297826399,-0.16778496397719236
3.736747349469894,PASSED,-0.2901320710560486,0.0013088340658327165,0.030533362088519513,2.785820802790457,-0.007085642647828788,-0.16528227401918724
3.737747549509902,PASSED,-0.29013074714447895,0.0013390854246295672,0.030063356602404837,2.78581363553128,-0.00724939755596929,-0.16273666422137859
3.73874774954991,PASSED,-0.2901293932196818,0.0013688621142317157,0.029585578268644074,2.7858063058069487,-0.007410581589617523,-0.16014894659946918
3.739747949589918,PASSED,-0.290128009760147,0.0013981564598126673,0.029100190455823592,2.785798816209025,-0.007569153185928775,-0.1575200294524409
3.740748149629926,PASSED,-0.29012659725195805,0.0014269609492269335,0.028607355386561333,2.785791169370167,-0.007725071710897003,-0.15485085531208476
3.741748349669934,PASSED,-0.2901251561886278,0.001455268235021676,0.0281072394001964,2.7857833679632638,-0.007878297370686436,-0.152142196107666
3.742748549709942,PASSED,-0.2901236870709332,0.001483071136246661,0.027600009108177555,2.785775414700519,-0.008028791283441106,-0.14939505718600551
3.74374874974995,PASSED,-0.2901221904067482,0.0015103626398606672,0.02708583328455899,2.785767312332549,-0.008176515520160106,-0.1466103564076631
3.744748949789958,PASSED,-0.2901206667108745,0.0015371359024803862,0.026564882176492825,2.7857590636474763,-0.008321433018526522,-0.14378892633891707
3.745749149829966,PASSED,-0.2901191165048714,0.001563384252300251,0.026037328248779575,2.785750671469993,-0.008463507661150602,-0.14093178681418822
3.746749349869974,PASSED,-0.2901175403168831,0.0015891011907812637,0.02550334530250159,2.785742138660424,-0.008602704314037325,-0.13803989693507862
3.747749549909982,PASSED,-0.29011593868146546,0.0016142803931808625,0.024963107130996805,2.785733468113793,-0.008738988734638041,-0.13511410304447372
3.74874974994999,PASSED,-0.29011431213941086,0.001638915710702377,0.02441679111519349,2.7857246627588763,-0.008872327629174434,-0.1321554221976705
3.749749949989998,PASSED,-0.29011266123757123,0.0016630011726747962,0.023864575877236022,2.785715725557237,-0.009002688714280338,-0.129164860378061
3.7507501500300062,PASSED,-0.29011098652868045,0.001686530986111649,0.023306638476597037,2.785706659502255,-0.009130040662760056,-0.12614334054748774
3.7517503500700142,PASSED,-0.2901092885711749,0.0017094995378944748,0.022743160653644748,2.7856974676181707,-0.00925435307326546,-0.12309179047734614
3.7527505501100222,PASSED,-0.29010756792901327,0.0017319013968016678,0.02217432440955839,2.7856881529590933,-0.009375596578850067,-0.12001131565611421
3.7537507501500302,PASSED,-0.2901058251714944,0.0017537313135526657,0.02160031164529084,2.7856787186080227,-0.009493742802291235,-0.11690282863120494
3.7547509501900382,PASSED,-0.290104060873075,0.0017749842215017903,0.021021305485013575,2.78566916767585,-0.009608764323986595,-0.11376731707146319
3.755751150230046,PASSED,-0.2901022756131852,0.0017956552396722091,0.02043749329402228,2.7856595033003706,-0.009720634742857172,-0.11060582006998705
3.756751350270054,PASSED,-0.2901004699760442,0.0018157396715923048,0.019849057670811233,2.785649728645276,-0.00982932867486562,-0.10741933996742006
3.757751550310062,PASSED,-0.290098644550474,0.0018352330071683604,0.01925618751288511,2.785639846899147,-0.009934821729937626,-0.10420886514172914
3.75875175035007,PASSED,-0.29009679992971277,0.0018541309243501627,0.018659070294413594,2.7856298612744377,-0.010037090540583788,-0.10097544098245294
3.759751950390078,PASSED,-0.29009493671122716,0.0018724292882335454,0.018057892942695497,2.7856197750064577,-0.010136112767572106,-0.09772008432556172
3.760752150430086,PASSED,-0.2900930554965239,0.0018901241529344322,0.0174528458730142,2.7856095913523693,-0.010231867056173852,-0.09444375811920434
3.761752350470094,PASSED,-0.2900911568909609,0.0019072117622403611,0.016844118261205143,2.785599313590131,-0.010324333129077896,-0.09114761609393524
3.762752550510102,PASSED,-0.290089241503557,0.0019236885500476275,0.0162319008379737,2.785588945017497,-0.010413491722465402,-0.08783257824988881
3.76375275055011,PASSED,-0.29008730994680204,0.0019395511408556642,0.01561638412141228,2.7855784889509625,-0.010499324583337018,-0.08449971595276846
3.764752950590118,PASSED,-0.2900853628364653,0.001954796350546639,0.014997760070682892,2.785567948724746,-0.010581814523348065,-0.08115008938323148
3.765753150630126,PASSED,-0.2900834007914046,0.0019694211865151873,0.014376219900458741,2.7855573276897485,-0.010660945377507268,-0.07778469734318527
3.766753350670134,PASSED,-0.2900814244333742,0.0019834228483232843,0.01375195641318915,2.7855466292124946,-0.010736702040861818,-0.07440464069545841
3.767753550710142,PASSED,-0.2900794343868323,0.001996798728172319,0.01312516213959879,2.785535856674121,-0.01080907042693617,-0.07101088299361243
3.76875375075015,PASSED,-0.2900774312787487,0.0020095464111560923,0.012496030213222991,2.7855250134693113,-0.010878037495568284,-0.06760452572445301
3.769753950790158,PASSED,-0.2900754157384118,0.0020216636746497917,0.011864752347350726,2.7855141030052573,-0.01094359128187021,-0.06418662668690776
3.770754150830166,PASSED,-0.2900733883972354,0.0020331484899573735,0.01123152394773616,2.785503128700614,-0.011005720837016729,-0.06075817411959007
3.771754350870174,PASSED,-0.290071349888566,0.0020439990213591075,0.010596536371066785,2.7854920939844443,-0.011064416272131538,-0.0573202757782877
3.772754550910182,PASSED,-0.2900693008474888,0.002054213626355947,0.00995998408068843,2.7854810022951884,-0.011119668740949133,-0.05387393084379833
3.77375475095019,PASSED,-0.29006724191063465,0.0020637908562461667,0.009322060429907028,2.7854698570795997,-0.01117147044716405,-0.05042022312899735
3.774754950990198,PASSED,-0.29006517371598717,0.00207272945479283,0.008682957291167692,2.785458661791712,-0.011219814638997865,-0.046960170970359684
3.775755151030206,PASSED,-0.2900630969026886,0.002081028360098302,0.008042870648341074,2.7854474198917734,-0.011264695625412201,-0.043494863376986125
3.776755351070214,PASSED,-0.2900610121108476,0.002088686702453569,0.007401990159884589,2.785436134845227,-0.011306108734010181,-0.0400252720786413
3.777755551110222,PASSED,-0.2900589199813459,0.00209570380441359,0.006760509826778516,2.785424810121637,-0.011344050358504389,-0.036552526104586744
3.77875575115023,PASSED,-0.29005682115564574,0.002102079182562965,0.006118623697772767,2.785413449193675,-0.011378517925710352,-0.033077594606880575
3.779755951190238,PASSED,-0.2900547162755974,0.002107812545032193,0.0054765216501989275,2.78540205553605,-0.011409509907886015,-0.02960157388818377
3.780756151230246,PASSED,-0.2900526059832478,0.0021129037903533134,0.004834394435068335,2.785390632624492,-0.011437025811325028,-0.026125456472899083
3.781756351270254,PASSED,-0.29005049092064816,0.0021173530101670137,0.004192436732788263,2.7853791839347,-0.011461066177572457,-0.02265030609711563
3.782756551310262,PASSED,-0.29004837172966375,0.0021211604867990364,0.0035508365648456532,2.7853677129413152,-0.01148163258928731,-0.019177148793345606
3.78375675135027,PASSED,-0.29004624905178283,0.002124326691000855,0.0029097826264663663,2.7853562231168905,-0.011498727643698088,-0.015706991489065517
3.784756951390278,PASSED,-0.29004412352792713,0.0021268522849768193,0.002269468208962788,2.785344717930853,-0.011512354979237248,-0.012240898239221589
3.785757151430286,PASSED,-0.29004199579826206,0.0021287381198786654,0.0016300793637686996,2.78533320084849,-0.01152251925856032,-0.008779866712305127
3.786757351470294,PASSED,-0.29003986650200875,0.002129985233331758,0.0009918028459750855,2.7853216753299246,-0.011529226141630284,-0.005324893975070996
3.787757551510302,PASSED,-0.2900377362772558,0.002130594852063684,0.00035482932255938304,2.78531014482909,-0.011532482334142669,-0.0018770582039266642
3.78875775155031,PASSED,-0.29003560576077264,0.0021305683891638997,-0.00028065771467996036,2.7852986127927384,-0.011532295524463212,0.0015627216017102805
3.789757951590318,PASSED,-0.290033475587823,0.0021299074422805745,-0.000914472995755434,2.785287082659415,-0.0115286744076957,0.004993380211381484
3.790758151630326,PASSED,-0.29003134639197986,0.002128613795116768,-0.0015464299425067085,2.785275557858459,-0.011521628712657063,0.008413904923472213
3.791758351670334,PASSED,-0.2900292188049415,0.0021266894147586994,-0.0021763473017767892,2.7852640418090138,-0.011511169120094438,0.01182338432205928
3.792758551710342,PASSED,-0.2900270934563477,0.0021241364503350154,-0.0028040425049558745,2.785252537919027,-0.011497307314754656,0.01522075268492906
3.79375875175035,PASSED,-0.29002497097359814,0.00212095723340538,-0.0034293332127554484,2.7852410495842723,-0.011480055978182798,0.01860505916314466
3.794758951790358,PASSED,-0.29002285198167094,0.002117154275971604,-0.004052040247789093,2.7852295801873628,-0.011459428748962955,0.021975342590977845
3.795759151830366,PASSED,-0.29002073710294307,0.0021127302685767617,-0.0046719854928772234,2.7852181330967842,-0.01143544024002557,0.025330619834988386
3.796759351870374,PASSED,-0.2900186269570117,0.0021076880801560037,-0.00528899037267889,2.78520671166593,-0.0114081060291474,0.028669938240293666
3.797759551910382,PASSED,-0.2900165221605168,0.002102030756669881,-0.0059028788950852285,2.7851953192321273,-0.011377442663102961,0.03199231791386822
3.79875975195039,PASSED,-0.2900144233269651,0.0020957615191891615,-0.006513476537808791,2.785183959115701,-0.011343467620427832,0.035296859182635754
3.799759951990398,PASSED,-0.29001233106655544,0.0020888837624389797,-0.00712061022509674,2.785172634619029,-0.01130619930441467,0.03858262056684622
3.800760152030406,PASSED,-0.29001024598600567,0.002081401053986933,-0.007724107270012825,2.7851613490255933,-0.011265657093793218,0.04184860399118554
3.801760352070414,PASSED,-0.29000816868838064,0.0020733171324946536,-0.008323797640456938,2.785150105599058,-0.0112218612745064,0.045093962817238514
3.802760552110422,PASSED,-0.2900060997729225,0.0020646359054323094,-0.008919513343602206,2.7851389075823536,-0.011174833018416453,0.04831778493841974
3.80376075215043,PASSED,-0.29000403983488127,0.0020553614492287114,-0.00951108477692902,2.785127758196752,-0.011124594451690353,0.05151908791788444
3.804760952190438,PASSED,-0.29000198946534844,0.002045498005749362,-0.01009834928096321,2.7851166606409814,-0.011071168575178803,0.054697068907327596
3.805761152230446,PASSED,-0.28999994925109135,0.0020350499809569855,-0.010681141799986053,2.78510561809031,-0.011014579278139917,0.057850782459924074
3.806761352270454,PASSED,-0.28999791977438927,0.0020240219452521404,-0.011259298308084469,2.7850946336956857,-0.010954851334892136,0.0609793837730191
3.807761552310462,PASSED,-0.2899959016128719,0.002012418628964886,-0.011832661606701864,2.785083710582835,-0.010892010396787069,0.06408197432643196
3.80876175235047,PASSED,-0.2899938953393589,0.002000244921194359,-0.012401071879743724,2.7850728518514187,-0.010826082966123122,0.06715773488895961
3.809761952390478,PASSED,-0.28999190152170146,0.0019875058698614256,-0.012964370968392912,2.785062060574166,-0.010757096392989733,0.0702057986296755
3.810762152430486,PASSED,-0.28998992072262636,0.0019742066775542437,-0.013522406533041135,2.785051339796027,-0.010685078884969376,0.07322531428081018
3.811762352470494,PASSED,-0.28998795349958095,0.0019603526999588143,-0.01407502497035501,2.785040692533345,-0.01061005946537729,0.07621548979960359
3.812762552510502,PASSED,-0.2899860004045807,0.0019459494455728893,-0.01462207399630458,2.7850301217730227,-0.010532067978266432,0.07917548531836115
3.81376275255051,PASSED,-0.2899840619840588,0.0019310025715508084,-0.015163407372598584,2.7850196304717136,-0.01045113508737717,0.08210449460319845
3.814762952590518,PASSED,-0.2899821387787173,0.0019155178825764549,-0.01569887670885651,2.7850092215550317,-0.01036729222027921,0.08500178209446853
3.815763152630526,PASSED,-0.2899802313233811,0.0018995013293455014,-0.016228337579017933,2.784998897916729,-0.010280571641184334,0.0878664437618123
3.816763352670534,PASSED,-0.28997834014685314,0.0018829590052405198,-0.01675164845562387,2.784988662417949,-0.010191006356065332,0.09069784602379402
3.817763552710542,PASSED,-0.2899764657717726,0.001865897144932317,-0.017268668209921935,2.784978517886434,-0.01009863012375695,0.09349515649810747
3.81876375275055,PASSED,-0.28997460871447467,0.001848322122014311,-0.01777925939006229,2.7849684671157853,-0.010003477481335258,0.09625763303741465
3.819763952790558,PASSED,-0.2899727694848527,0.0018302404472708119,-0.018283284979123928,2.784958512864714,-0.009905583684519378,0.09898457266819202
3.820764152830566,PASSED,-0.2899709485862231,0.0018116587645248157,-0.018780614590577747,2.784948657856295,-0.009804984732448887,0.10167520500535385
3.821764352870574,PASSED,-0.2899691465151916,0.001792583850739968,-0.01927111324769465,2.784938904777276,-0.00970171731236552,0.1043288968020478
3.822764552910582,PASSED,-0.2899673637615228,0.001773022612833559,-0.019754654345551955,2.784929256277344,-0.009595818828610589,0.106944875056853
3.82376475295059,PASSED,-0.28996560080801137,0.0017529820838965695,-0.020231111997947897,2.784919714968445,-0.009487327381729572,0.10952249476379393
3.824764952990598,PASSED,-0.28996385813035597,0.0017324694228516594,-0.02070036040955138,2.7849102834240975,-0.009376281725941947,0.11206109647017855
3.825765153030606,PASSED,-0.2899621361970356,0.0017114919111696513,-0.02116227919697943,2.7849009641787292,-0.00926272128572017,0.11456000272284493
3.826765353070614,PASSED,-0.2899604354691884,0.0016900569495802793,-0.02161674985096721,2.784891759727018,-0.009146686143004273,0.11701856937793043
3.827765553110622,PASSED,-0.28995875640049285,0.001668172057057082,-0.022063654304684252,2.7848826725232536,-0.009028216998736705,0.11943619419399217
3.82876575315063,PASSED,-0.2899570994370513,0.001645844867278517,-0.0225028800944852,2.7848737049807086,-0.008907355180077304,0.1218122349696723
3.829765953190638,PASSED,-0.2899554650172767,0.0016230831260839963,-0.02293431526121118,2.7848648594710212,-0.008784142634790573,0.12414608549810709
3.830766153230646,PASSED,-0.289953853571781,0.0015998946899614184,-0.023357850030155572,2.784856138323605,-0.008658621877504049,0.1264372051454661
3.831766353270654,PASSED,-0.289952265523267,0.0015762875217503608,-0.023773380331658978,2.784847543825051,-0.008530836019237747,0.12868496034685792
3.832766553310662,PASSED,-0.2899507012864222,0.0015522696891230074,-0.02418080082448328,2.7848390782185692,-0.00840082873719086,0.13088882984690722
3.83376675335067,PASSED,-0.28994916126781556,0.0015278493622280967,-0.024580010941862233,2.784830743703414,-0.008268644254805972,0.13304825074354384
3.834766953390678,PASSED,-0.2899476458657971,0.0015030348097054623,-0.024970913576482553,2.7848225424343616,-0.008134327318150267,0.13516272726381218
3.835767153430686,PASSED,-0.28994615547039965,0.0014778343972783991,-0.025353411660783667,2.7848144765211624,-0.007997923217245705,0.1372316833317276
3.836767353470694,PASSED,-0.28994469046324395,0.0014522565844971131,-0.025727413528287852,2.784806548028045,-0.007859477733190316,0.1392546845378299
3.837767553510702,PASSED,-0.2899432512174462,0.0014263099212477126,-0.026092829730141962,2.7847987589732037,-0.0077190371358746394,0.14123120583423998
3.83876775355071,PASSED,-0.28994183809752816,0.0014000030467852473,-0.026449570950680786,2.784791111328318,-0.007576648194954944,0.1431607643099992
3.839767953590718,PASSED,-0.28994045145933045,0.0013733446853969676,-0.026797555013345423,2.7847836070180936,-0.00743235810627161,0.1450429715988924
3.840768153630726,PASSED,-0.28993909164992826,0.0013463436436251894,-0.02713669961073329,2.784776247919791,-0.007286214536090547,0.14687730256917647
3.841768353670734,PASSED,-0.2899377590075501,0.0013190088088328874,-0.02746692491334804,2.784769035862803,-0.007138265585780967,0.14866338213651517
3.842768553710742,PASSED,-0.28993645386149963,0.0012913491446379718,-0.02778815704929385,2.784761972628223,-0.006988559747997823,0.15040080821423063
3.84376875375075,PASSED,-0.28993517653207945,0.0012633736893463267,-0.028100320786545896,2.7847550599484383,-0.0068371459321754065,0.1520891542278719
3.844768953790758,PASSED,-0.28993392733051887,0.0012350915524015535,-0.028403347716924817,2.784748299506739,-0.00668407344028032,0.15372805033989653
3.845769153830766,PASSED,-0.2899327065589038,0.0012065119112687076,-0.028697170076793635,2.784741692936942,-0.006529391922967585,0.15531716196129475
3.846769353870774,PASSED,-0.28993151451010984,0.0011776440098459568,-0.028981722320055272,2.7847352418230304,-0.0063731513864370495,0.15685611957669526
3.847769553910782,PASSED,-0.28993035146773805,0.0011484971543077916,-0.029256944350238193,2.7847289476988,-0.006215402204520699,0.158344556809455
3.84876975395079,PASSED,-0.2899292177060539,0.001119080709920121,-0.029522777745959183,2.7847228120475465,-0.006056195030685052,0.15978225185310907
3.849769953990798,PASSED,-0.28992811348992903,0.0010894040993128069,-0.02977916584821726,2.7847168363017305,-0.005895580844519167,0.16116880904106773
3.850770154030806,PASSED,-0.289927039074786,0.0010594767992712084,-0.03002605617051919,2.784711021842696,-0.00573361093539088,0.16250397585309997
3.851770354070814,PASSED,-0.2899259947065458,0.0010293083366796627,-0.03026340020556307,2.7847053700003785,-0.005570336827333243,0.16378752952732856
3.852770554110822,PASSED,-0.28992498062157845,0.0009989082866958161,-0.030491149836035514,2.7846998820530477,-0.005405810318418394,0.16501916183986412
3.85377075415083,PASSED,-0.2899239970466566,0.0009682862698462007,-0.03070926152533525,2.7846945592270473,-0.0052400834733499465,0.1661986338875012
3.854770954190838,PASSED,-0.28992304419891207,0.0009374519481266369,-0.03091769518238268,2.784689402696568,-0.005073208550785777,0.1673257816819481
3.855771154230846,PASSED,-0.2899221222857953,0.0009064150225449248,-0.03111641251459846,2.7846844135834274,-0.0049052380194839025,0.16840036438182657
3.856771354270854,PASSED,-0.28992123150503785,0.0008751852303432371,-0.03130537865974724,2.784679592956867,-0.00473622457213529,0.16942216932646767
3.857771554310862,PASSED,-0.28992037204461774,0.0008437723422380974,-0.03148456106873486,2.784674941833362,-0.00456622106278058,0.17039106937353996
3.85877175435087,PASSED,-0.28991954408272813,0.0008121861582175806,-0.03165393265503801,2.7846704611764674,-0.004395280476795329,0.17130693039305786
3.859771954390878,PASSED,-0.2899187477877483,0.0007804365057467617,-0.031813465681339574,2.7846661518966416,-0.004223456001775906,0.17216950477033097
3.860772154430886,PASSED,-0.2899179833182185,0.0007485332366749035,-0.0319631379988703,2.784662014851126,-0.004050800930782672,0.17297878180850426
3.861772354470894,PASSED,-0.2899172508228173,0.0007164862232347832,-0.032102930400953744,2.784658050843818,-0.0038773686360273002,0.17373463671994951
3.862772554510902,PASSED,-0.2899165504403415,0.0006843053565403654,-0.03223282422339381,2.78465426062516,-0.003703212643203252,0.1744368968934472
3.86377275455091,PASSED,-0.28991588229968995,0.0006520005429785619,-0.03235280645407674,2.7846506448920634,-0.003528386531558981,0.17508558814482011
3.864772954590918,PASSED,-0.28991524651984973,0.0006195816998735246,-0.03246286753901111,2.784647204287824,-0.0033529439273100193,0.17568061498505594
3.865773154630926,PASSED,-0.2899146432098857,0.0005870587546942991,-0.03256299693936844,2.7846439394020623,-0.003176938554660272,0.17622187775954148
3.866773354670934,PASSED,-0.289914072468932,0.0005544416420203582,-0.03265318983032267,2.784640850770699,-0.0030004241270534257,0.17670946083838254
3.867773554710942,PASSED,-0.28991353438618855,0.0005217402976369335,-0.03273344741882607,2.7846379388759086,-0.0028234543830835805,0.1771432660574873
3.86877375475095,PASSED,-0.28991302904091815,0.00048896465859536,-0.03280376679007143,2.784635204146128,-0.002646083087208805,0.17752331575296826
3.869773954790958,PASSED,-0.2899125565024482,0.00045612466037447,-0.0328641525081025,2.784632646956056,-0.002468363959662179,0.17784966874239722
3.870774154830966,PASSED,-0.2899121168301746,0.0004232302312405115,-0.032914613551195675,2.7846302676266723,-0.002290350701148079,0.17812231836190284
3.871774354870974,PASSED,-0.28991171007356925,0.0003902912910435018,-0.03295515796088572,2.784628066425287,-0.002112096968810851,0.17834134165411133
3.872774554910982,PASSED,-0.2899113362721894,0.0003573177495860022,-0.03298579712190887,2.784626043565577,-0.001933656365074838,0.17850677845728127
3.87377475495099,PASSED,-0.28991099545569105,0.00032431950117293865,-0.03300654927383336,2.784624199207683,-0.0017550823840006638,0.17861878281876956
3.874774954990998,PASSED,-0.28991068764384453,0.00029130642257348675,-0.03301743148319765,2.7846225334582626,-0.001576428462210411,0.17867734777124147
3.8757751550310062,PASSED,-0.2899104128465533,0.0002582883715028846,-0.03301846412887177,2.7846210463706242,-0.0013977479103865012,0.1786826878590218
3.8767753550710142,PASSED,-0.28991017106387557,0.00022527518188376083,-0.033009673279291774,2.784619737944813,-0.0012190939104573162,0.17863487464262734
3.8777755551110222,PASSED,-0.2899099622860486,0.00019227666138618823,-0.03299108530975985,2.7846186081277793,-0.001040519498816671,0.1785341029726574
3.8787757551510302,PASSED,-0.28990978649351634,0.0001593025900078895,-0.032962728757324686,2.7846176568134933,-0.0008620775774545924,0.17838046695502605
3.8797759551910382,PASSED,-0.28990964365695926,0.00012636271564226578,-0.032924638104489715,2.784616883843119,-0.0006838208822919315,0.17817418063441762
3.8807761552310462,PASSED,-0.28990953373732753,9.34667510341102e-05,-0.0328768489439328,2.784616289005204,-0.0005058019163717324,0.17791548944405344
3.8817763552710542,PASSED,-0.2899094566858769,6.0624372648308954e-05,-0.03281939801371355,2.7846158720358587,-0.00032807302051715293,0.1776045001282634
3.8827765553110622,PASSED,-0.289909412444207,2.7845217558522093e-05,-0.03275232647383575,2.7846156326189777,-0.00015068632607081027,0.1772414906583955
3.8837767553510703,PASSED,-0.28990940094430284,-4.861121688962928e-06,-0.03267568109658454,2.7846155703864475,2.6306295876536462e-05,0.17682670947331425
3.8847769553910783,PASSED,-0.2899094221085792,-3.748509712142242e-05,-0.032589504989709465,2.784615684918401,0.00020285320889815492,0.1763603820538213
3.8857771554310863,PASSED,-0.289909475849927,-7.001720812658106e-05,-0.03249384834879144,2.7846159757434594,0.00037890301931395613,0.1758427626571211
3.8867773554710943,PASSED,-0.2899095620717631,-0.00010244800634545547,-0.032388764798929694,2.784616442339007,0.0005544046352350587,0.17527418476375686
3.8877775555111023,PASSED,-0.28990968066808265,-0.0001347680965444069,-0.03227430713229924,2.7846170841314755,0.0007293072536289054,0.17465490748057344
3.8887777555511103,PASSED,-0.28990983152351374,-0.00016696813927641197,-0.032150533131808975,2.7846179004966256,0.0009035603365457305,0.173985199874326
3.8897779555911183,PASSED,-0.28991001451337517,-0.00019903885470625213,-0.03201750362852763,2.7846188907598766,0.001077113708040492,0.17326548590838567
3.8907781556311263,PASSED,-0.2899102295037366,-0.0002309710240351349,-0.03187527979578617,2.7846200541966266,0.00124991752789149,0.17249604247940614
3.8917783556711343,PASSED,-0.28991047635148126,-0.0002627554924519738,-0.03172392749754079,2.7846213900325827,0.0014219222518236016,0.1716771782339154
3.8927785557111423,PASSED,-0.2899107549043713,-0.00029438317222267026,-0.031563514619466916,2.7846228974441205,0.0015930787299050118,0.17080934464640654
3.8937787557511503,PASSED,-0.28991106500111596,-0.00032584504474091877,-0.031394111117436306,2.78462457555866,0.0017633382168571474,0.169892915155955
3.8947789557911583,PASSED,-0.28991140647144137,-0.0003571321622490356,-0.031215788435237226,2.7846264234550286,0.0019326522918799419,0.16892818160068748
3.8957791558311663,PASSED,-0.2899117791361643,-0.0003882356522494277,-0.03102862437716204,2.7846284401638637,0.002100972948850355,0.16791564055023
3.8967793558711743,PASSED,-0.2899121828072668,-0.000419146718510533,-0.030832694183734126,2.7846306246680235,0.0022682526495558,0.16685574080892113
3.8977795559111823,PASSED,-0.2899126172879745,-0.0004498566431090929,-0.030628078208443738,2.7846329759030066,0.002434444236088098,0.16574881701454938
3.8987797559511903,PASSED,-0.2899130823728366,-0.0004803567906730648,-0.030414860467657366,2.784635492757373,0.002599500961464663,0.16459533095124224
3.8997799559911983,PASSED,-0.28991357784780847,-0.0005106386091131989,-0.030193123755118633,2.784638174073208,0.002763376602701987,0.16339584809471164
3.9007801560312063,PASSED,-0.2899141034903367,-0.0005406936318808114,-0.029962955442608553,2.784641018646574,0.0029260253791899347,0.16215072875010517
3.9017803560712143,PASSED,-0.2899146590694465,-0.000570513482127416,-0.029724446782601912,2.784644025227975,0.003087401931783751,0.16086043515629014
3.9027805561112223,PASSED,-0.28991524434583094,-0.0006000898725278738,-0.02947768614569516,2.7846471925228484,0.0032474614585731878,0.15952558787820123
3.9037807561512303,PASSED,-0.28991585907194284,-0.0006294146090409192,-0.029222770091278848,2.78465051919206,0.0034061596566603695,0.15814660489316865
3.9047809561912383,PASSED,-0.28991650299208904,-0.0006584795934958537,-0.02895979403070505,2.7846540038524155,0.0035634526906918483,0.15672398679035277
3.9057811562312463,PASSED,-0.28991717584252646,-0.0006872768239066383,-0.02868885466417099,2.7846576450771634,0.0037192972693499463,0.15525830656992778
3.9067813562712543,PASSED,-0.2899178773515603,-0.0007157983979979812,-0.02841005370945748,2.784661441396551,0.0038736506794630654,0.1537501458085799
3.9077815563112623,PASSED,-0.28991860723964485,-0.000744036515825952,-0.0281234939069797,2.7846653912983452,0.004026470701155891,0.15219993894898878
3.9087817563512703,PASSED,-0.2899193652194858,-0.0007719834802722235,-0.027829278139132555,2.7846694932284057,0.004177715693130714,0.15060836065871175
3.9097819563912783,PASSED,-0.28992015099614504,-0.0007996316999225387,-0.027527513991103713,2.784673745591232,0.004327344605165911,0.14897594628618727
3.9107821564312863,PASSED,-0.28992096426714714,-0.0008269736912187412,-0.0272183094996015,2.7846781467505544,0.004475316939113964,0.14730325905596334
3.9117823564712944,PASSED,-0.2899218047225881,-0.0008540020802568629,-0.026901775397135227,2.784682695029907,0.00462159279465908,0.14559091987121822
3.9127825565113024,PASSED,-0.2899226720452458,-0.0008807096043309886,-0.026578023192119278,2.784687388713238,0.004766132896365473,0.143839556263178
3.9137827565513104,PASSED,-0.2899235659106925,-0.0009070891144487132,-0.026247168068128195,2.7846922260455114,0.004908898562562272,0.14204973948587835
3.9147829565913184,PASSED,-0.2899244859874093,-0.0009331335768778834,-0.02590932533653146,2.78469720523332,0.005049851719758877,0.1402221023370898
3.9157831566313264,PASSED,-0.2899254319369017,-0.0009588360742689978,-0.025564612094169648,2.784702324445521,0.005188954959484783,0.13835733131845113
3.9167833566713344,PASSED,-0.28992640341381837,-0.0009841898089104361,-0.0252131496729511,2.784707581813867,0.005326171501731353,0.13645601619864878
3.9177835567113424,PASSED,-0.2899274000660702,-0.0010091881035456517,-0.02485505794339196,2.7847129754336533,0.005461465197954403,0.13451881623931744
3.9187837567513504,PASSED,-0.28992842153495185,-0.0010338244024421387,-0.024490459531883644,2.7847185033643815,0.005594800594015663,0.1325464492758879
3.9197839567913584,PASSED,-0.2899294674552648,-0.0010580922743443945,-0.02411948014917026,2.7847241636304068,0.0057261428791724545,0.1305395090773941
3.9207841568313664,PASSED,-0.2899305374554421,-0.0010819854134702994,-0.023742245110394675,2.784729954221634,0.0058554579315644555,0.12849874793507182
3.9217843568713744,PASSED,-0.28993163115767456,-0.001105497640771375,-0.023358882094862823,2.7847358730941787,0.005982712315491162,0.12642480792113012
3.9227845569113824,PASSED,-0.2899327481780383,-0.0011286229057984216,-0.022969520315169235,2.7847419181710693,0.006107873280187571,0.12431840254659628
3.9237847569513904,PASSED,-0.2899338881266246,-0.001151355288650513,-0.02257429121003937,2.784748087342944,0.006230908791505826,0.12218025049935935
3.9247849569913984,PASSED,-0.28993505060767,-0.0011736890002014464,-0.022173325111529512,2.7847543784687607,0.006351787526187791,0.1200110574703687
3.9257851570314064,PASSED,-0.2899362352196892,-0.0011956183845019605,-0.021766757093170636,2.7847607893764983,0.006470478855967157,0.1178115113186991
3.9267853570714144,PASSED,-0.28993744155560786,-0.0012171379200860409,-0.02135472124468686,2.78476731786389,0.006586952896530522,0.11558239339314183
3.9277855571114224,PASSED,-0.289938669202898,-0.0012382422206102643,-0.02093735337724765,2.784773961699151,0.006701180509400078,0.11332442585383133
3.9287857571514304,PASSED,-0.2899399177437141,-0.0012589260367912665,-0.020514791383505333,2.784780718621711,0.006813133264624346,0.11103830813789174
3.9297859571914384,PASSED,-0.28994118675503017,-0.0012791842570810976,-0.020087172894048287,2.784787586342959,0.0069227834919907165,0.10872484018535654
3.9307861572314464,PASSED,-0.2899424758087789,-0.0012990119097589258,-0.019654639200348382,2.7847945625469843,0.007030104277194417,0.10638474854926343
3.9317863572714544,PASSED,-0.289943784471991,-0.0013184041629925253,-0.019217329255766642,2.7848016448913486,0.007135069466658592,0.10401881674078199
3.9327865573114624,PASSED,-0.28994511230693626,-0.0013373563259633172,-0.01877538544747541,2.7848088310078323,0.007237653663072112,0.10162778286201117
3.9337867573514704,PASSED,-0.28994645887126547,-0.0013558638513875697,-0.018328952075437225,2.7848161185032043,0.007337832229602356,0.09921242230906639
3.9347869573914784,PASSED,-0.2899478237181534,-0.0013739223347328795,-0.017878170858558185,2.7848235049600003,0.007435581330607808,0.09677355346970916
3.9357871574314864,PASSED,-0.28994920639644295,-0.0013915275158348918,-0.017423187930981597,2.784830987937303,0.007530877908353721,0.09431192726338358
3.9367873574714944,PASSED,-0.2899506064507895,-0.0014086752803953602,-0.01696414898012642,2.784838564971505,0.0076236996439844875,0.09182827454235416
3.9377875575115024,PASSED,-0.2899520234218074,-0.0014253616600145406,-0.01650120004521637,2.7848462335771256,0.0077140250702370065,0.08932352739262793
3.9387877575515104,PASSED,-0.28995345684621593,-0.0014415828329018803,-0.016034488115421734,2.7848539912475805,0.0078018334990415435,0.08679836307914233
3.9397879575915185,PASSED,-0.2899549062569872,-0.0014573351262572546,-0.015564163515342833,2.784861835455992,0.007887105001835665,0.08425359593744225
3.9407881576315265,PASSED,-0.28995637118349404,-0.0014726150146574697,-0.01509037165679646,2.784869763655988,0.007969820504529495,0.08169010719808689
3.9417883576715345,PASSED,-0.289957851151659,-0.0014874191221536145,-0.014613264722376883,2.7848777732824925,0.008049961712265432,0.07910860809450275
3.9427885577115425,PASSED,-0.2899593456841039,-0.0015017442235272357,-0.014132992474450818,2.784885861752555,0.008127511134801368,0.07650996549689103
3.9437887577515505,PASSED,-0.2899608543002999,-0.001515587242659959,-0.013649703571571728,2.7848940264661532,0.008202452127265695,0.0738950104426161
3.9447889577915585,PASSED,-0.289962376516718,-0.0015289452548555209,-0.013163551278222033,2.784902264806997,0.008274768819447945,0.07126448000867253
3.9457891578315665,PASSED,-0.2899639118469809,-0.001541815487954764,-0.012674687646590634,2.784910574143365,0.008344446180970843,0.06861928253237935
3.9467893578715745,PASSED,-0.28996545980201405,-0.001554195320546091,-0.012183262554484415,2.7849189518289155,0.008411470026964367,0.06596022163428675
3.9477895579115825,PASSED,-0.2899670198901981,-0.0015660822833231107,-0.011689429592043384,2.78492739520351,0.008475826954480872,0.06328806477131611
3.9487897579515905,PASSED,-0.2899685916175214,-0.0015774740611109513,-0.011193343251705457,2.784935901594028,0.00853750438233255,0.060603669905254544
3.9497899579915985,PASSED,-0.289970174487733,-0.0015883684908315407,-0.010695154033178717,2.784944468315216,0.008596490617662123,0.05790794561245066
3.9507901580316065,PASSED,-0.2899717680024953,-0.001598763562024372,-0.010195015965932738,2.7849530926704955,0.008652774746412082,0.05520158417496317
3.9517903580716145,PASSED,-0.2899733716615379,-0.0016086574191075023,-0.00969308449459589,2.7849617719527986,0.008706346663374288,0.052485472153699524
3.9527905581116225,PASSED,-0.2899749849628112,-0.001618048359868397,-0.009189511605093978,2.784970503445406,0.00875719716641918,0.04976052363901773
3.9537907581516305,PASSED,-0.28997660740263986,-0.0016269348349834836,-0.00868445078841528,2.784979284422764,0.008805317832700924,0.047027428043561276
3.9547909581916385,PASSED,-0.28997823847587684,-0.0016353154496314818,-0.008178057221053366,2.7849881121513262,0.00885070106096901,0.044287095084437574
3.9557911582316465,PASSED,-0.2899798776760572,-0.0016431889634470666,-0.007670484878605922,2.7849969838903945,0.008893340145890317,0.04154041147921956
3.9567913582716545,PASSED,-0.2899815244955521,-0.001650554289068391,-0.007161886116470108,2.7850058968929243,0.008933229146126653,0.03878805940774464
3.9577915583116625,PASSED,-0.2899831784257226,-0.0016574104933054356,-0.006652416317427418,2.7850148484063926,0.008970362982555147,0.036031021108994386
3.9587917583516705,PASSED,-0.2899848389570736,-0.0016637567971593869,-0.00614222887830069,2.7850238356735946,0.009004737420404559,0.03327004900968718
3.9597919583916785,PASSED,-0.28998650557940747,-0.0016695925747549217,-0.005631476740357961,2.785032855933504,0.009036349031182304,0.030505985289785015
3.9607921584316865,PASSED,-0.28998817778197744,-0.001674917353665394,-0.00512031369054846,2.785041906422084,0.00906519522483241,0.027739665890317906
3.9617923584716945,PASSED,-0.2899898550536411,-0.001679730814954747,-0.004608893021889675,2.7850509843731324,0.00909127425580883,0.024971941033822647
3.9627925585117025,PASSED,-0.28999153688301327,-0.001684032792321728,-0.004097366930374918,2.7850600870190885,0.009114585172908618,0.0222035678104301
3.9637927585517105,PASSED,-0.2899932227586189,-0.00168782327202,-0.0035858882102030925,2.785069211591888,0.009135127885071785,0.01943547506499412
3.9647929585917185,PASSED,-0.2899949121690453,-0.0016911023929745577,-0.0030746094507938465,2.785078355323761,0.00915290311157949,0.016668394136180178
3.9657931586317265,PASSED,-0.28999660460309434,-0.0016938704453955534,-0.00256368106779718,2.7850875154480654,0.009167912369363655,0.013903166882818759
3.9667933586717345,PASSED,-0.28999829954993367,-0.001696127870720056,-0.002053254828972824,2.7850966892001163,0.00918015804274501,0.011140677713710677
3.9677935587117426,PASSED,-0.28999999649924835,-0.0016978752619839213,-0.0015434822204604274,2.7851058738179852,0.009189643298004443,0.008381640289916408
3.9687937587517506,PASSED,-0.2900016949413908,-0.0016991133618323108,-0.0010345116003425126,2.7851150665433297,0.009196372108048679,0.005626923213781339
3.9697939587917586,PASSED,-0.2900033943675311,-0.0016998430624945522,-0.0005264933701741365,2.785124264622194,0.009200349284564714,0.0028773453842047955
3.9707941588317666,PASSED,-0.2900050942698064,-0.0017000654060806207,-1.9577063331083388e-05,2.7851334653058313,0.00920158043782023,0.00013369183639283652
3.9717943588717746,PASSED,-0.2900067941414696,-0.0016997815824056426,0.0004860908338507008,2.785142665851493,0.00920007196062141,-0.0026032565556325157
3.9727945589117826,PASSED,-0.29000849347703733,-0.001698992928663279,0.0009903623480391698,2.7851518635232404,0.009195831061187877,-0.005332661352130874
3.9737947589517906,PASSED,-0.2900101917724371,-0.0016977009298911106,0.0014930897215877398,2.7851610555927393,0.009188865756739271,-0.00805373317958924
3.9747949589917986,PASSED,-0.29001188852515386,-0.0016959072167650226,0.0019941287290884207,2.7851702393400526,0.00917918482816178,-0.010765725509425441
3.9757951590318066,PASSED,-0.2900135832343762,-0.0016936135648959606,0.00249333396237747,2.7851794120544264,0.009166797848040338,-0.01346781652945306
3.9767953590718146,PASSED,-0.2900152754011402,-0.0016908218946477906,0.002990561105364953,2.7851885710350848,0.009151715202406346,-0.016159198370349778
3.9777955591118226,PASSED,-0.2900169645284742,-0.0016875342699810717,0.0034856670409547635,2.785197713591987,0.009133948002522046,-0.018839200893600177
3.9787957591518306,PASSED,-0.2900186501215412,-0.0016837528969081935,0.003978510427493797,2.7852068370466316,0.009113508170168337,-0.02150691999378216
3.9797959591918386,PASSED,-0.29002033168778113,-0.0016794801230059669,0.0044689495520484285,2.7852159387328013,0.009090408394971179,-0.024161678666078854
3.9807961592318466,PASSED,-0.29002200873705175,-0.0016747184365986535,0.004956844310823321,2.7852250159973306,0.009064662080418402,-0.02680273847723941
3.9817963592718546,PASSED,-0.2900236807817685,-0.001669470465213103,0.0054420561020353695,2.7852340662008706,0.009036283433718475,-0.029429252181717908
3.9827965593118626,PASSED,-0.29002534733704305,-0.0016637389741183204,0.005924447756614176,2.7852430867186393,0.009005287415769343,-0.03204052846074295
3.98379675935187,PASSED,-0.2900270079208214,-0.001657526866449361,0.006403880943856665,2.785252074941162,0.008971689676495767,-0.03463587981546375
3.984796959391878,PASSED,-0.29002866205402,-0.0016508371807743933,0.006880222162374846,2.7852610282750105,0.008935506634281044,-0.03721448381423135
3.985797159431886,PASSED,-0.290030309260661,-0.001643673089662901,0.007353337077570825,2.785269944143543,0.008896755464422918,-0.03977562722072214
3.986797359471894,PASSED,-0.2900319490680063,-0.0016360379004761831,0.007823090592815949,2.7852788199876195,0.008855454012067773,-0.04231866911142686
3.987797559511902,PASSED,-0.29003358100669013,-0.0016279350512660472,0.008289354955016136,2.7852876532663284,0.008811620855718455,-0.04484281450791025
3.98879775955191,PASSED,-0.2900352046108507,-0.0016193681113318818,0.00875199658693177,2.785296441457698,0.008765275316032205,-0.0473473564718097
3.989797959591918,PASSED,-0.29003681941825965,-0.0016103407795599234,0.009210888561976174,2.7853051820593904,0.0087164373572696,-0.04983169362313563
3.990798159631926,PASSED,-0.29003842497045135,-0.0016008568819124713,0.009665903704436067,2.7853138725894135,0.008665127669969463,-0.052295016418135304
3.991798359671934,PASSED,-0.2900400208128492,-0.0015909203712469663,0.010116915306217875,2.7853225105868034,0.008611367651992025,-0.05473668568364069
3.992798559711942,PASSED,-0.29004160649489186,-0.0015805353254412162,0.010563799472104942,2.785331093612291,0.008555179307376478,-0.05715611723681786
3.99379875975195,PASSED,-0.29004318157015757,-0.0015697059458515351,0.011006433001398143,2.7853396192490063,0.008496585376610305,-0.059552473119076625
3.994798959791958,PASSED,-0.2900447455964862,-0.0015584365552898875,0.011444695601814048,2.785348085103112,0.008435609249937416,-0.061925229042094215
3.995799159831966,PASSED,-0.2900462981361008,-0.00154673159688029,0.011878466948120045,2.7853564888044753,0.008372274920147261,-0.06427373028886325
3.996799359871974,PASSED,-0.29004783875572665,-0.0015345956330045578,0.012307628494139985,2.785364828007314,0.008306607078520534,-0.06659724918530183
3.997799559911982,PASSED,-0.2900493670267097,-0.0015220333425756585,0.012732065052071724,2.785373100390837,0.008238631049445149,-0.06889521566877382
3.99879975995199,PASSED,-0.29005088252513195,-0.0015090495193021288,0.013151662087835173,2.7853813036598565,0.008168372720791538,-0.0711670706435036
3.999799959991998,PASSED,-0.29005238483192647,-0.001495649071598392,0.01356630478100487,2.7853894355454427,0.00809585867002896,-0.07341203750862535
4.000800160032006,PASSED,-0.2900538735329901,-0.001481837019328657,0.013975883928888913,2.7853974938054957,0.008021116051420795,-0.07562967267452399
4.001800360072014,PASSED,-0.29005534821929424,-0.001467618492007246,0.014380289583092001,2.785405476225376,0.007944172587560056,-0.07781932465154973
4.002800560112022,PASSED,-0.2900568084869939,-0.001452998727765006,0.014779414015005064,2.785413380618484,0.007865056641052134,-0.07998036107883538
4.00380076015203,PASSED,-0.29005825393753554,-0.0014379830716130912,0.01517315090985495,2.7854212048268447,0.0077837971248032635,-0.08211228636222678
4.004800960192038,PASSED,-0.2900596841777623,-0.0014225769724719828,0.015561397961944227,2.785428946721682,0.00770042350511648,-0.0842145085698191
4.005801160232046,PASSED,-0.2900610988200177,-0.0014067859822685196,0.015944051697809138,2.7854366042039747,0.007614965828979382,-0.08628645451528434
4.006801360272054,PASSED,-0.29006249748224755,-0.0013906157543236931,0.01632101210950455,2.785444175205009,0.007527454677837325,-0.08832761555990574
4.007801560312062,PASSED,-0.2900638797880997,-0.0013740720399547544,0.016692182541894973,2.785451657686937,0.007437921186354375,-0.0903374087649793
4.00880176035207,PASSED,-0.29006524536702194,-0.0013571606875907639,0.017057465578720798,2.78545904964328,0.007346396986346201,-0.09231539417030403
4.009801960392078,PASSED,-0.2900665938543581,-0.0013398876414317878,0.017416766545813176,2.785466349099472,0.007252914241921047,-0.09426097792838894
4.010802160432086,PASSED,-0.2900679248914419,-0.0013222589379580404,0.01776999475903667,2.785473554113355,0.007157505631610127,-0.09617369856594067
4.011802360472094,PASSED,-0.29006923812568886,-0.0013042807042234548,0.01811705971828513,2.7854806627756834,0.007060204299548165,-0.09805308772597414
4.012802560512102,PASSED,-0.2900705332106862,-0.0012859591570533859,0.0184578721379249,2.785487673210616,0.00696104389864621,-0.09989860968594358
4.01380276055211,PASSED,-0.29007180980628094,-0.0012673005998251343,0.01879234728846966,2.78549458357618,0.006860058536343973,-0.101709864046432
4.014802960592118,PASSED,-0.2900730675786653,-0.001248311419961496,0.01912040158041751,2.7855013920647522,0.006757282786026548,-0.1034863411647532
4.015803160632126,PASSED,-0.2900743062004606,-0.0012289980883696437,0.019441951599475638,2.7855080969034995,0.0066527516722935396,-0.10522762877851265
4.016803360672134,PASSED,-0.2900755253507987,-0.0012093671562717204,0.019756919096888273,2.7855146963548245,0.006546500640973862,-0.1069332996804544
4.017803560712142,PASSED,-0.2900767247154015,-0.0011894252525042907,0.02006522688112421,2.785521188716806,0.006438565587009188,-0.10860289015415188
4.01880376075215,PASSED,-0.2900779039866581,-0.00116917908277746,0.020366798290634713,2.785527572323605,0.006328982807219737,-0.11023603954631857
4.019803960792158,PASSED,-0.2900790628636997,-0.0011486354268352543,0.020661561043253337,2.7855338455458734,0.0062177889754062654,-0.11183235999157297
4.020804160832166,PASSED,-0.29008020105247306,-0.00112780113588747,0.020949444217471573,2.785540006791166,0.006105021208222042,-0.11339137197932415
4.021804360872174,PASSED,-0.29008131826581035,-0.001106683130501858,0.02123037949770578,2.7855460545042936,0.005990716949615744,-0.11491284969094744
4.022804560912182,PASSED,-0.29008241422349823,-0.0010852883988628746,0.02150429973316862,2.7855519871677297,0.005874914030255888,-0.11639629913912683
4.02380476095219,PASSED,-0.2900834886523438,-0.001063623994626919,0.02177114057114691,2.7855578033019426,0.005757650648649419,-0.11784143658469798
4.024804960992198,PASSED,-0.29008454128623845,-0.0010416970333984197,0.02203084166673462,2.785563501465751,0.005638965303519704,-0.11924795082639393
4.025805161032206,PASSED,-0.2900855718662197,-0.001019514691587802,0.0222833419065399,2.7855690802566673,0.005518896862633823,-0.12061543425887446
4.026805361072214,PASSED,-0.2900865801405306,-0.0009970842048092619,0.02252858335987343,2.7855745383112076,0.005397484502039848,-0.12194364481737446
4.027805561112222,PASSED,-0.29008756586467677,-0.0009744128632487818,0.022766513694217536,2.785579874305206,0.005274767667445602,-0.12323229444549365
4.02880576115223,PASSED,-0.29008852880148106,-0.0009515080110104744,0.022997077934367328,2.7855850869541143,0.005150786138553975,-0.12448101852238257
4.029805961192238,PASSED,-0.2900894687211363,-0.0009283770446165988,0.02322022536688128,2.785590175013288,0.005025579968376341,-0.12568960461446732
4.030806161232246,PASSED,-0.2900903854012552,-0.0009050274085656694,0.023435909840294894,2.78559513727825,0.004899189438545664,-0.1268578133081503
4.031806361272254,PASSED,-0.29009127862691836,-0.0008814665936751934,0.02364408492393024,2.7855999725849645,0.004771655126900283,-0.1279853105368681
4.032806561312262,PASSED,-0.2900921481907196,-0.0008577021362038513,0.023844705836283404,2.7856046798100658,0.004643017835820174,-0.1290719447756043
4.03380676135227,PASSED,-0.2900929938928093,-0.0008337416137551821,0.024037733523592966,2.7856092578711156,0.0045133185914337315,-0.13011744412699963
4.034806961392278,PASSED,-0.29009381554093483,-0.0008095926432944096,0.02422312841889201,2.785613705726796,0.004382598630248321,-0.1311216392243507
4.035807161432286,PASSED,-0.29009461295047934,-0.0007852628794409264,0.0244008541432106,2.7856180223771507,0.004250899416961503,-0.13208426266179665
4.036807361472294,PASSED,-0.2900953859444974,-0.0007607600114393798,0.024570877240437477,2.78562220686375,0.004118262579263564,-0.13300522105536627
4.037807561512302,PASSED,-0.2900961343537491,-0.0007360917610902701,0.02473316575489109,2.785626258269894,0.003984729917075046,-0.1338842896106174
4.03880776155231,PASSED,-0.29009685801673085,-0.0007112658801805401,0.024887691012955952,2.7856301757207738,0.0038503434271647484,-0.13472129011008463
4.039807961592318,PASSED,-0.29009755677970467,-0.0006862901480807192,0.02503442615773075,2.785633958383633,0.003715145233642599,-0.13551612913019337
4.040808161632326,PASSED,-0.29009823049672456,-0.00066117237024586,0.02517334561961145,2.7856376054679046,0.0035791775801631664,-0.13626866971225876
4.041808361672334,PASSED,-0.2900988790296605,-0.0006359203739087424,0.025304430148788415,2.7856411162253565,0.0034424828833931782,-0.13697871480847368
4.042808561712342,PASSED,-0.2900995022482203,-0.0006105420073568999,0.025427657487211805,2.785644489950191,0.003305103635701775,-0.1376462696133572
4.04380876175235,PASSED,-0.2901001000299692,-0.0005850451379249695,0.025543010728409452,2.7856477259791697,0.0031670824263843344,-0.13827116912016207
4.044808961792358,PASSED,-0.2901006722603462,-0.0005594376467693518,0.025650478107089883,2.785650823691684,0.003028461949535493,-0.1388533486679617
4.045809161832366,PASSED,-0.29010121883267925,-0.0005337274300700457,0.025750042427450326,2.785653782509858,0.0028892849723171307,-0.13939272958529625
4.046809361872374,PASSED,-0.2901017396481973,-0.0005079223950533787,0.025841696742811306,2.785656601898596,0.002749594300745457,-0.13988929956259202
4.047809561912382,PASSED,-0.29010223461603957,-0.0004820304557723089,0.025925434306575575,2.785659281365644,0.0026094327974838143,-0.14034297239434354
4.04880976195239,PASSED,-0.2901027036532638,-0.00045605953415018305,0.026001246499159296,2.78566182046163,0.0024688433771181614,-0.14075371901319247
4.049809961992398,PASSED,-0.2901031466848506,-0.00043001755611908317,0.02606913238572695,2.7856642187800946,0.002327868957669039,-0.14112155307307656
4.050810162032406,PASSED,-0.2901035636437066,-0.00040391244773041153,0.026129092390634774,2.7856664759574974,0.0021865524555252265,-0.14144646819096998
4.051810362072414,PASSED,-0.29010395447066445,-0.00037775213503993206,0.026181126223709245,2.7856685916732244,0.0020449368029554814,-0.1417284421555951
4.052810562112422,PASSED,-0.29010431911448087,-0.0003515445410562051,0.026225239157072065,2.785670565649584,0.0019030649240556247,-0.14196750339603076
4.05381076215243,PASSED,-0.2901046575318321,-0.0003252975822895169,0.026261438506432276,2.7856723976517683,0.0017609796747601976,-0.14216374656169134
4.054810962192438,PASSED,-0.29010496968730737,-0.00029901916818788173,0.02628973116510376,2.7856740874878283,0.0016187238909454056,-0.14231714198352546
4.055811162232446,PASSED,-0.29010525555339967,-0.0002727171980209012,0.02631012950156502,2.7856756350086154,0.0014763403645625106,-0.14242778264914135
4.056811362272454,PASSED,-0.29010551511049415,-0.00024639955729268033,0.026322648212658083,2.785677040107734,0.001333871804948375,-0.14249574425746522
4.057811562312462,PASSED,-0.2901057483468546,-0.0002200741173806094,0.026327301045012855,2.785678302721448,0.001191360826944729,-0.14252113383443282
4.05881176235247,PASSED,-0.29010595525860733,-0.00019374873318856456,0.02632410629006613,2.785679422828615,0.0010488499897978896,-0.142503972688444
4.059811962392478,PASSED,-0.29010613584972267,-0.00016743123853701322,0.026313086892541502,2.78568040045057,0.0009063817215146402,-0.14244446534645314
4.060812162432486,PASSED,-0.2901062901319942,-0.0001411294456653433,0.026294263524422226,2.785681235651021,0.0007639983174171091,-0.14234269659824975
4.061812362472494,PASSED,-0.2901064181250163,-0.00011485114465654305,0.026267659331718943,2.785681928535923,0.0006217419803632913,-0.1421987640241966
4.0628125625125024,PASSED,-0.2901065198561583,-8.86040970615297e-05,0.026233306437209628,2.7856824792533397,0.00047965474639575297,-0.14201288059643286
4.0638127625525104,PASSED,-0.29010659536053746,-6.239603578784772e-05,0.026191231164663584,2.7856828879933024,0.00033777849569111826,-0.1417851641101026
4.0648129625925185,PASSED,-0.29010664468098896,-3.623466485240364e-05,0.026141464115964415,2.785683154987641,0.0001961549584974975,-0.14151578591596614
4.0658131626325265,PASSED,-0.290106667868034,-1.012765378334703e-05,0.026084042371118075,2.7856832805098133,5.482566690145321e-05,-0.14120496204942978
4.0668133626725345,PASSED,-0.2901066649798461,1.591736314596436e-05,0.02601899996810693,2.785683264874718,-8.616803796948044e-05,-0.14085286675193626
4.0678135627125425,PASSED,-0.29010663608221404,4.1892788825441664e-05,0.02594637615372422,2.7856831084385085,-0.00022678498592016238,-0.14045966874984575
4.0688137627525505,PASSED,-0.29010658124850386,6.779106551445567e-05,0.02586621037920718,2.7856828115983627,-0.0003669842699942757,-0.14002569429029166
4.0698139627925585,PASSED,-0.29010650055961784,9.360467753273927e-05,0.02577854644433457,2.7856823747922936,-0.0005067251718509382,-0.13955104023424317
4.0708141628325665,PASSED,-0.290106394103952,0.00011932615340501183,0.02568342882423123,2.785681798498877,-0.0006459672294789983,-0.1390360692239379
4.0718143628725745,PASSED,-0.29010626197735095,0.00014494806658555065,0.025580902751410554,2.785681083237052,-0.0007846702215690114,-0.13848094066739647
4.0728145629125825,PASSED,-0.29010610428306066,0.00017046303988998236,0.02547102033977915,2.785680229565831,-0.0009227941873039975,-0.13788598244671238
4.0738147629525905,PASSED,-0.29010592113167966,0.00019586374612826722,0.02535383017062201,2.78567923808405,-0.0010602994530644822,-0.13725145463633262
4.0748149629925985,PASSED,-0.2901057126411076,0.0002211429092343255,0.025229385063015794,2.7856781094300866,-0.0011971466090473489,-0.13657762354722294
4.0758151630326065,PASSED,-0.29010547893649213,0.00024629330860180277,0.02509774223711828,2.7856768442815767,-0.0013332965394152274,-0.13586480158164882
4.0768153630726145,PASSED,-0.29010522015017337,0.00027130777993538405,0.02495895739788987,2.785675443355102,-0.0014687104608372273,-0.13511333464890074
4.0778155631126225,PASSED,-0.2901049364216267,0.0002961792164072822,0.024813089187903672,2.785673907405896,-0.001603349874140878,-0.1343234657401504
4.0788157631526305,PASSED,-0.2901046278974037,0.00032090057196242436,0.02466019979996788,2.7856722372275127,-0.001737176608171786,-0.13349557955807942
4.0798159631926385,PASSED,-0.29010429473107063,0.0003454648630359798,0.024500351922613853,2.785670433651489,-0.0018701528713437894,-0.13263005224795266
4.0808161632326465,PASSED,-0.2901039370831454,0.00036986516952239226,0.024333609528944835,2.785668497547017,-0.0020022411710558497,-0.13172713135479866
4.0818163632726545,PASSED,-0.2901035551210323,0.00039409463808887617,0.024160041258176668,2.785666429820583,-0.002133404373672797,-0.13078725012504572
4.0828165633126625,PASSED,-0.29010314901895523,0.000418146483050622,0.023979714097458703,2.7856642314155984,-0.0022636057644755017,-0.12981081792114377
4.0838167633526705,PASSED,-0.2901027189578888,0.00044201398797275254,0.023792698805245153,2.7856619033120444,-0.0023928089498873643,-0.12879809707234163
4.0848169633926785,PASSED,-0.2901022651254875,0.0004656905087759037,0.02359906880175519,2.785659446526068,-0.0025209779456289386,-0.12774959485439685
4.0858171634326865,PASSED,-0.2901017877160133,0.0004891694747178319,0.023398897368710106,2.7856568621095996,-0.002648077192862811,-0.126665682153523
4.0868173634726945,PASSED,-0.29010128693026144,0.0005124443896183868,0.023192259921784756,2.7856541511499495,-0.002774071495009613,-0.12554671547565438
4.0878175635127025,PASSED,-0.29010076297548426,0.0005355088347921528,0.022979235341753397,2.785651314769396,-0.0028989260872894127,-0.12439317681589669
4.0888177635527105,PASSED,-0.29010021606531333,0.0005583564703820023,0.022759902421913683,2.785648354124768,-0.003022606646473597,-0.12320548076304266
4.0898179635927185,PASSED,-0.2900996464196802,0.0005809810359720536,0.022534341035476455,2.7856452704069987,-0.003145079281316366,-0.12198407089591912
4.0908181636327265,PASSED,-0.2900990542647352,0.0006033763537995541,0.022302635688849857,2.785642064840702,-0.0032663105268999552,-0.12072936204203677
4.0918183636727345,PASSED,-0.29009843983276423,0.000625536330121124,0.022064870076716692,2.785638738683712,-0.003386267389493995,-0.11944186296204143
4.0928185637127426,PASSED,-0.29009780336210494,0.0006474549553274732,0.021821128626104212,2.7856352932266395,-0.0035049173291945073,-0.11812199085949321
4.0938187637527506,PASSED,-0.29009714509706025,0.0006691263077247061,0.0215715015779855,2.785631729792388,-0.003622228279572301,-0.11677025672332722
4.094818963792759,PASSED,-0.2900964652878108,0.0006905445535423516,0.021316075310752143,2.7856280497356876,-0.003738168661448195,-0.11538713197760499
4.095819163832767,PASSED,-0.29009576419032596,0.0007117039485546383,0.021054941479976358,2.7856242544426197,-0.0038527073573457584,-0.11397307184420262
4.096819363872775,PASSED,-0.29009504206627323,0.0007325988405309724,0.020788192307239127,2.7856203453301096,-0.003965813771574984,-0.11252864248590727
4.097819563912783,PASSED,-0.290094299182926,0.0007532236696944734,0.020515920401008803,2.7856163238454372,-0.004077457811665484,-0.11105430516022985
4.098819763952791,PASSED,-0.29009353581307,0.0007735729706343639,0.02023822129914508,2.785612191465725,-0.004187609877900281,-0.1095505736178425
4.099819963992799,PASSED,-0.2900927522349085,0.000793641373724764,0.01995519095123683,2.7856079496974346,-0.004296240887792569,-0.10801796740858555
4.100820164032807,PASSED,-0.29009194873196587,0.0008134236058378773,0.019666926221031063,2.7856036000758246,-0.004403322316422781,-0.1064570694446275
4.101820364072815,PASSED,-0.29009112559298994,0.0008329144927216597,0.019373527325616487,2.785599144164445,-0.004508826135546212,-0.10486831890930035
4.102820564112823,PASSED,-0.29009028311185325,0.000852108959709204,0.01907509342882959,2.785594583554578,-0.004612724872823967,-0.10325234952339199
4.103820764152831,PASSED,-0.29008942158745216,0.0008710020327207117,0.018771726066626363,2.785589919864708,-0.004714991616712207,-0.10160967346480652
4.104820964192839,PASSED,-0.2900885413236061,0.0008895888398997058,0.01846352792057255,2.785585154739974,-0.004815599969119468,-0.09994080503556367
4.105821164232847,PASSED,-0.2900876426289544,0.0009078646128961577,0.018150603047038003,2.785580289851595,-0.004914524138591161,-0.09824641242911236
4.106821364272855,PASSED,-0.2900867258168527,0.0009258246877848755,0.017833056116504275,2.7855753268963332,-0.0050117388746438426,-0.09652695180172796
4.107821564312863,PASSED,-0.29008579120526734,0.0009434645058943169,0.017510992771399392,2.7855702675958995,-0.005107219490962634,-0.09478305933016706
4.108821764352871,PASSED,-0.2900848391166698,0.0009607796158133253,0.017184521350747696,2.7855651136963924,-0.005200941909870292,-0.09301532529265162
4.109821964392879,PASSED,-0.2900838698779294,0.0009777656734640708,0.016853748517410772,2.785559866967716,-0.005292882607428651,-0.09122427906883164
4.110822164432887,PASSED,-0.2900828838202047,0.0009944184435022841,0.01651878438541511,2.785554529202986,-0.005383018662818783,-0.08941057293766556
4.111822364472895,PASSED,-0.29008188127883455,0.001010733801014958,0.016179739597512812,2.785549102217942,-0.005471327762563844,-0.08757478428332481
4.112822564512903,PASSED,-0.2900808625932277,0.001026707731004977,0.015836723585023364,2.7855435878503534,-0.005557788163700309,-0.08571747903855712
4.113822764552911,PASSED,-0.29007982810675165,0.0010423363302872347,0.01548984974708031,2.7855379879594167,-0.005642378735621573,-0.08383930050973482
4.114822964592919,PASSED,-0.2900787781666205,0.0010576158088591659,0.015139231121831506,2.7855323044251357,-0.005725078997649024,-0.08194090303926178
4.115823164632927,PASSED,-0.2900777131237821,0.0010725424893475962,0.01478498006616317,2.7855265391477197,-0.005805869043180577,-0.0800228071930808
4.116823364672935,PASSED,-0.2900766333328043,0.0010871128087152912,0.014427212235382915,2.7855206940469768,-0.005884729558672804,-0.07808565435832399
4.117823564712943,PASSED,-0.2900755391517603,0.0011013233190454764,0.014066042393386552,2.7855147710616683,-0.005961641930263089,-0.07613018307825781
4.118823764752951,PASSED,-0.2900744309421134,0.0011151706881960002,0.013701586988615119,2.7855087721489062,-0.006036588123563362,-0.07415686678161577
4.119823964792959,PASSED,-0.2900733090686008,0.0011286517002247122,0.01333396205544349,2.785502699283509,-0.006109550714902754,-0.07216640771124484
4.120824164832967,PASSED,-0.290072173899117,0.0011417632561534455,0.012963285177593107,2.785496554457383,-0.00618051295893711,-0.0701594682497641
4.121824364872975,PASSED,-0.2900710258045965,0.0011545023750347049,0.0125896746837038,2.7854903396788697,-0.0062494587435967565,-0.06813666226623387
4.122824564912983,PASSED,-0.2900698651588956,0.001166866194139725,0.012213248719231249,2.7854840569721264,-0.006316372551777551,-0.06609857212383512
4.123824764952991,PASSED,-0.2900686923386741,0.00117885196915253,0.011834125875187436,2.7854777083764644,-0.00638123955787997,-0.06404596208814169
4.124824964992999,PASSED,-0.29006750772327583,0.0011904570756934895,0.011452426984807544,2.7854712959457197,-0.006444045577817141,-0.0619793918365243
4.125825165033007,PASSED,-0.29006631169460945,0.0012016790090731623,0.01106827097624993,2.785464821747588,-0.0065047770563382325,-0.05989953631080394
4.126825365073015,PASSED,-0.29006510463702817,0.0012125153844254174,0.01068177826959187,2.785458287862996,-0.0065634210906149555,-0.05780703292066941
4.127825565113023,PASSED,-0.2900638869372093,0.0012229639382324168,0.010293070831937748,2.785451696385427,-0.006619965457840169,-0.05570259009490952
4.128825765153031,PASSED,-0.29006265898403333,0.001233022528036273,0.009902269118468782,2.78544504942028,-0.006674398573024303,-0.05358679857695016
4.129825965193039,PASSED,-0.29006142116846284,0.0012426891318429668,0.009509493598844022,2.7854383490842083,-0.006726709495476263,-0.0514603383686323
4.130826165233047,PASSED,-0.2900601738834207,0.0012519618505700161,0.009114868812519892,2.7854315975044623,-0.006776887967451059,-0.04932389437890576
4.131826365273055,PASSED,-0.29005891752366836,0.0012608389066888573,0.008718514323055501,2.785424796818223,-0.006824924395832859,-0.047178117717063046
4.132826565313063,PASSED,-0.29005765248568405,0.0012693186440417893,0.008320552706183117,2.785417949171953,-0.006870809816198011,-0.04502362213054413
4.133826765353071,PASSED,-0.29005637916754007,0.0012773995301047162,0.007921108300756286,2.7854110567207244,-0.006914535948720041,-0.042861139449687176
4.134826965393079,PASSED,-0.2900550979687805,0.0012850801544488125,0.0075203017063230305,2.78540412162756,-0.00695609519468624,-0.04069131697720518
4.135827165433087,PASSED,-0.2900538092902988,0.0012923592284851712,0.007118255589716073,2.7853971460627682,-0.006995480581421276,-0.03851476657359037
4.136827365473095,PASSED,-0.2900525135342149,0.001299235587298871,0.006715094296356002,2.7853901322032764,-0.00703268582299223,-0.03633222490253197
4.137827565513103,PASSED,-0.29005121110375254,0.0013057081890607664,0.006310940072254963,2.7853830822319687,-0.007067705311279853,-0.03414433054434977
4.138827765553111,PASSED,-0.29004990240311673,0.0013117761130450405,0.0059059132589531615,2.7853759983370256,-0.0071005340642339085,-0.031951701227193256
4.139827965593119,PASSED,-0.29004858783737075,0.0013174385623323278,0.005500139972843226,2.7853688827112486,-0.007131167796527761,-0.029755086338291013
4.140828165633127,PASSED,-0.29004726781231355,0.0013226948635929473,0.0050937421191368125,2.7853617375514057,-0.007159602887485763,-0.027555094037807665
4.141828365673135,PASSED,-0.2900459427343572,0.0013275444642132331,0.0046868396210519156,2.7853545650575637,-0.007185836353391476,-0.025352380484317427
4.142828565713143,PASSED,-0.2900446130104044,0.0013319869343665048,0.004279557174751416,2.785347367432423,-0.007209865897567166,-0.023147653303271048
4.143828765753151,PASSED,-0.2900432790477261,0.0013360219678630145,0.0038720177110148427,2.7853401468806616,-0.007231689879585285,-0.02094153449468495
4.144828965793159,PASSED,-0.2900419412538397,0.0013396493788238144,0.0034643397939900502,2.785332905608265,-0.007251307314335298,-0.01873470158689825
4.145829165833167,PASSED,-0.29004060003638665,0.0013428691038613646,0.0030566485332571072,2.7853256458218714,-0.0072687178848265584,-0.016527816427501958
4.146829365873175,PASSED,-0.2900392558030115,0.0013456812014341027,0.0026490635990590295,2.785318369728118,-0.007283921915304237,-0.014321506511129801
4.147829565913183,PASSED,-0.2900379089612399,0.0013480858502438867,0.0022417056169341566,2.7853110795329825,-0.007296920390908687,-0.012116454999996133
4.148829765953191,PASSED,-0.2900365599183581,0.0013500833503153702,0.0018346963745166386,2.7853037774411122,-0.007307714985433337,-0.009913354207754077
4.149829965993199,PASSED,-0.2900352090812924,0.0013516741220015588,0.0014281552273029028,2.785296465655192,-0.007316307978163034,-0.0077127517443258435
4.150830166033207,PASSED,-0.2900338568564885,0.001352858705970096,0.0010222031293599903,2.785289146375289,-0.00732270229422638,-0.0055153589426913474
4.151830366073215,PASSED,-0.2900325036497925,0.0013536377615186743,0.0006169571613905978,2.7852818217981983,-0.007326901553590955,-0.003321859645830132
4.152830566113223,PASSED,-0.2900311498663308,0.001354012067721918,0.0002125388978125767,2.785274494116802,-0.007328909991914045,-0.0011328241079303415
4.153830766153231,PASSED,-0.290029795910392,0.0013539825219669316,-0.0001909355235194551,2.7852671655194174,-0.007328732476358949,0.0010510753304462089
4.154830966193239,PASSED,-0.2900284421853086,0.0013535501393170549,-0.0005933474007816535,2.7852598381891815,-0.007326374514490299,0.0032292195607853055
4.155831166233247,PASSED,-0.290027089093339,0.001352716052571211,-0.0009945796425518448,2.7852525143033833,-0.007321842279080397,0.005400912642646657
4.156831366273255,PASSED,-0.290025737035551,0.0013514815106157774,-0.001394516830687992,2.78524519603285,-0.007315142549929496,0.007565606823069716
4.157831566313263,PASSED,-0.29002438641170525,0.0013498478786216639,-0.0017930421030637246,2.785237885541313,-0.007306282717978266,0.009722648703336464
4.158831766353271,PASSED,-0.2900230376201393,0.0013478166377383705,-0.0021900400701131972,2.785230584984788,-0.007295270824369258,0.011871390212788538
4.159831966393279,PASSED,-0.29002169105765324,0.001345389382822624,-0.0025853981461684133,2.7852232965109303,-0.007282115550896461,0.0140111956461365
4.160832166433287,PASSED,-0.29002034711939484,0.0013425678225786385,-0.0029790016425304254,2.7852160222584508,-0.007266826134089935,0.016141564246786488
4.161832366473295,PASSED,-0.29001900619874665,0.0013393537795869613,-0.0033707372244418305,2.785208764356479,-0.00724941245026013,0.01826176355181816
4.162832566513303,PASSED,-0.29001766868721307,0.00133574918780718,-0.0037604948166745675,2.785201524923949,-0.007229885038997786,0.0203711764026924
4.163832766553311,PASSED,-0.2900163349743087,0.0013317560927607146,-0.0041481618663257586,2.785194306069021,-0.007208254946477664,0.022469369931742488
4.164832966593319,PASSED,-0.2900150054474472,0.0013273766508959998,-0.004533628530307914,2.785187109888451,-0.007184533862825282,0.024555559466142834
4.165833166633327,PASSED,-0.2900136804918317,0.0013226131276236606,-0.004916786433693475,2.7851799384670217,-0.007158734098638458,0.02662923400061141
4.166833366673335,PASSED,-0.29001236049034523,0.0013174678969773237,-0.005297526788099246,2.7851727938769293,-0.0071308685079844655,0.028689828422912227
4.167833566713343,PASSED,-0.2900110458234432,0.0013119434410729838,-0.005675741981833725,2.7851656781772216,-0.00710095052677183,0.030736749739119527
4.168833766753351,PASSED,-0.2900097368690458,0.0013060423486045802,-0.006051326126116427,2.785158593413194,-0.007068994212809061,0.03276935677853684
4.169833966793359,PASSED,-0.2900084340024318,0.0012997673133675182,-0.006424174644358824,2.785151541615841,-0.007035014151483624,0.034787197690035666
4.170834166833367,PASSED,-0.29000713759613417,0.0012931211336028176,-0.006794183178262073,2.7851445248012676,-0.006999025493652693,0.03678963125819317
4.171834366873375,PASSED,-0.2900058480198353,0.0012861067121961972,-0.007161246892192854,2.7851375449701354,-0.00696104399262459,0.03877608087470947
4.172834566913383,PASSED,-0.29000456564026494,0.0012787270528309665,-0.007525267680589016,2.7851306041071098,-0.006921085909518935,0.04074608459295025
4.173834766953391,PASSED,-0.2900032908210978,0.0012709852605546361,-0.007886142006824855,2.785123704180302,-0.00687916805967119,0.04269902668427617
4.174834966993399,PASSED,-0.29000202392285357,0.0012628845417191322,-0.008243770054623317,2.785116847140729,-0.006835307830209462,0.04463436464669729
4.175835167033407,PASSED,-0.29000076530279684,0.0012544282002811824,-0.00859805569350027,2.785110034921782,-0.006789523103795051,0.04655163425955332
4.176835367073415,PASSED,-0.28999951531483986,0.00124561963715566,-0.008948901413537349,2.785103269438683,-0.006741832308270677,0.04845023636758765
4.177835567113423,PASSED,-0.2899982743094447,0.001236462351179371,-0.009296209018123195,2.785096552587967,-0.006692254407955746,0.05032967627982571
4.178835767153431,PASSED,-0.28999704263352855,0.0012269599351982612,-0.00963988728976776,2.785089886246977,-0.006640808837073903,0.05218950061652198
4.179835967193439,PASSED,-0.2899958206303684,0.0012171160756612935,-0.00997984103510107,2.78508327227333,-0.006587515575224665,0.05402910267104933
4.180836167233447,PASSED,-0.2899946086395089,0.0012069345517518669,-0.010315979158977326,2.7850767125044293,-0.00653239510882088,0.05584804222560879
4.181836367273455,PASSED,-0.28999340699667003,0.0011964192335682522,-0.010648210866706254,2.7850702087569754,-0.006475468358413084,0.05764588919592141
4.182836567313463,PASSED,-0.28999221603365716,0.0011855740807625115,-0.010976447431764071,2.7850637628264527,-0.006416756792840114,0.05942201649100215
4.183836767353471,PASSED,-0.28999103607827204,0.0011744031410921636,-0.011300601162736634,2.7850573764866793,-0.006356282337392903,0.061176081418016455
4.184836967393479,PASSED,-0.28998986745422517,0.0011629105494051202,-0.011620585369914553,2.7850510514893103,-0.006294067357385831,0.06290757906644291
4.185837167433487,PASSED,-0.28998871048104985,0.001151100525941027,-0.011936315526878807,2.785044789563382,-0.006230134725094191,0.06461600110843908
4.186837367473495,PASSED,-0.28998756547401744,0.0011389773744721152,-0.012247708763600582,2.785038592414859,-0.006164507740014764,0.0663009743934174
4.187837567513503,PASSED,-0.28998643274405456,0.0011265454811184227,-0.012554683080420443,2.7850324617261735,-0.006097210144292552,0.06796200994140802
4.188837767553511,PASSED,-0.28998531259766086,0.001113809313561662,-0.012857157207654082,2.7850263991557944,-0.006028266131789213,0.06959868087795981
4.189837967593519,PASSED,-0.2899842053368294,0.0011007734181985708,-0.013155054133382433,2.7850204063377895,-0.005957700316355523,0.07121057180417624
4.190838167633527,PASSED,-0.2899831112589679,0.0010874424193035954,-0.013448295402704178,2.785014484881398,-0.005885537736096605,0.07279725256207942
4.191838367673535,PASSED,-0.28998203065682177,0.0010738210177323156,-0.013736805683663415,2.7850086363706255,-0.005811803831197241,0.07435833979088707
4.192838567713543,PASSED,-0.28998096381839855,0.0010599139884321315,-0.014020511711197642,2.785002862363816,-0.005736524469930455,0.07589337558405233
4.193838767753551,PASSED,-0.28997991102689413,0.0010457261801834219,-0.014299339273717775,2.784997164393279,-0.005659725883490395,0.07740206034406374
4.194838967793559,PASSED,-0.28997887256062055,0.0010312625124618028,-0.014573220020219416,2.7849915439648742,-0.005581434707623653,0.07888391954852832
4.195839167833567,PASSED,-0.28997784869293547,0.0010165279746309059,-0.014842083038015255,2.784986002557649,-0.005501677958837353,0.08033863494481354
4.196839367873575,PASSED,-0.2899768396921731,0.001001527624695163,-0.015105861200894275,2.7849805416234563,-0.005420483002789301,0.08176583678354425
4.197839567913583,PASSED,-0.289975845821577,0.0009862665862952502,-0.015364489865925236,2.7849751625865955,-0.005337877578103482,0.08316514995400118
4.198839767953591,PASSED,-0.28997486733923433,0.000970750048686881,-0.015617902769998462,2.7849698668434453,-0.0052538897905126105,0.0845362126821193
4.199839967993599,PASSED,-0.2899739044980122,0.0009549832637028935,-0.015866039793313587,2.784964655762141,-0.0051685480425987486,0.08587877140169141
4.200840168033607,PASSED,-0.2899729575454953,0.0009389715439785833,-0.01610883967830784,2.7849595306822246,-0.005081881086871144,0.08719241194487994
4.201840368073615,PASSED,-0.2899720267239255,0.0009227202629777939,-0.016346241882444063,2.7849544929143115,-0.004993918038930782,0.0884768052706837
4.202840568113623,PASSED,-0.2899711122701431,0.0009062348515298734,-0.0165781911582381,2.7849495437397933,-0.004904688262290387,0.08973175755353648
4.203840768153631,PASSED,-0.2899702144155299,0.0008895207954359564,-0.01680463271770287,2.7849446844105055,-0.004814221455442579,0.09095683971065617
4.204840968193639,PASSED,-0.2899693333859539,0.0008725836364823531,-0.017025509777536977,2.7849399161484576,-0.00472254761528631,0.09215184045334356
4.205841168233647,PASSED,-0.289968469401716,0.0008554289684655415,-0.017240773509661158,2.7849352401455154,-0.004629697013076885,0.09331644338014539
4.206841368273655,PASSED,-0.28996762267749826,0.0008380624350317581,-0.017450373383198336,2.784930657563145,-0.004535700190784318,0.09445040823418115
4.207841568313663,PASSED,-0.2899667934223141,0.0008204897300467764,-0.017654259386170563,2.784926169532131,-0.004440587959678631,0.09555344635335845
4.208841768353671,PASSED,-0.2899659818394602,0.0008027165938891447,-0.017852387338605637,2.78492177715232,-0.004344391394598618,0.09662531089778395
4.209841968393679,PASSED,-0.28996518812647054,0.0007847488120293757,-0.018044711540544347,2.7849174814923767,-0.004247141792021421,0.0976657970301392
4.210842168433687,PASSED,-0.2899644124750716,0.000766592213791334,-0.01823118936970664,2.7849132835895327,-0.0041488707035599965,0.09867461608228134
4.211842368473695,PASSED,-0.28996365507114,0.0007482526702895069,-0.0184117795899074,2.7849091844493707,-0.00404960990086154,0.09965159377590567
4.212842568513703,PASSED,-0.28996291609466207,0.0007297360918991838,-0.018586444257266757,2.7849051850455866,-0.0039493913703863934,0.10059648827464135
4.213842768553711,PASSED,-0.28996219571969456,0.0007110484268554478,-0.01875514556804885,2.784901286319802,-0.0038482472918069856,0.10150913878258457
4.214842968593719,PASSED,-0.2899614941143279,0.0006921956602367559,-0.018917847319120582,2.7848974891813474,-0.0037462100518564512,0.10238930739583486
4.215843168633727,PASSED,-0.28996081144065106,0.000673183810822702,-0.01907451747734287,2.784893794507081,-0.0036433122253192113,0.10323683929817667
4.216843368673735,PASSED,-0.28996014785471813,0.0006540189294309408,-0.019225124001373307,2.7848902031412015,-0.003539586552301121,0.10405156216469981
4.217843568713743,PASSED,-0.28995950350651717,0.0006347070976123548,-0.01936963703006095,2.7848867158950896,-0.003435065932979342,0.10483332409316504
4.218843768753751,PASSED,-0.2899588785399405,0.000615254425884796,-0.019508028192557307,2.784883333547142,-0.0033297834313565306,0.10558195330924262
4.219843968793759,PASSED,-0.28995827309275735,0.000595667050644013,-0.019640273272933547,2.784880056842622,-0.0032237722591263182,0.10629731817752523
4.220844168833767,PASSED,-0.2899576872965879,0.0005759511334219164,-0.019766346521538577,2.78487688649352,-0.003117065751097333,0.10697930126329211
4.221844368873775,PASSED,-0.2899571212768794,0.0005561128589169673,-0.019886226493889565,2.7848738231784287,-0.0030096973671120877,0.10762777246654717
4.222844568913783,PASSED,-0.2899565751528846,0.0005361584322977039,-0.019999893369512547,2.7848708675424305,-0.002901700675471464,0.10824263775667513
4.223844768953791,PASSED,-0.28995604903764133,0.0005160940783133079,-0.020107327727651614,2.7848680201969693,-0.002793109373806983,0.10882374426968443
4.224844968993799,PASSED,-0.28995554303795446,0.0004959260387223135,-0.020208514166556203,2.7848652817197745,-0.002683957221294928,0.10937109134030247
4.225845169033807,PASSED,-0.28995505725437976,0.0004756605700484625,-0.020303438345380825,2.7848626526547604,-0.002574278063188768,0.109884535950064
4.226845369073815,PASSED,-0.28995459178120947,0.000455303943258209,-0.020392085753502046,2.784860133511957,-0.0024641058376378487,0.11036401861815613
4.227845569113823,PASSED,-0.28995414670645986,0.0004348624401772547,-0.0204744479659225,2.784857724767434,-0.002353474531103237,0.11080949847891584
4.228845769153831,PASSED,-0.2899537221118606,0.000414342352096546,-0.02055051482389963,2.7848554268632553,-0.0022424181707162163,0.11122093499242372
4.229845969193839,PASSED,-0.2899533180728462,0.0003937499784096614,-0.020620279595541278,2.7848532402074184,-0.0021309708512689015,0.11159824241724237
4.230846169233847,PASSED,-0.2899529346585493,0.0003730916242499719,-0.02068373720245493,2.784851165173826,-0.002019166688899456,0.11194144233758155
4.231846369273855,PASSED,-0.28995257193179563,0.00035237359846133887,-0.020740884846085144,2.7848492021022686,-0.0019070397898431936,0.11225053686871654
4.232846569313863,PASSED,-0.289952229949101,0.00033160221215427615,-0.020791720614381153,2.7848473512983913,-0.0017946243172054033,0.11252542981717276
4.233846769353871,PASSED,-0.28995190876067045,0.0003107837766350022,-0.020836245455869176,2.784845613033698,-0.0016819544273571074,0.11276619653571124
4.234846969393879,PASSED,-0.28995160841039863,0.000289924601323628,-0.020874461881710975,2.7848439875455524,-0.0015690642304330106,0.11297286384968729
4.235847169433887,PASSED,-0.2899513289358729,0.0002690309921785302,-0.020906373987355644,2.7848424750371983,-0.0014559878471451084,0.11314539624671202
4.236847369473895,PASSED,-0.2899510703683773,0.00024810924979752863,-0.020931987976765546,2.784841075677774,-0.001342759382962057,0.1132838428072775
4.237847569513903,PASSED,-0.28995083273289957,0.00022716566710713845,-0.02095131249947325,2.784839789602361,-0.0012294128590573982,0.11338831130291296
4.238847769553911,PASSED,-0.2899506160481387,0.00020620652847671712,-0.0209643560510534,2.7848386169120123,-0.0011159822799534013,0.11345875763805273
4.239847969593919,PASSED,-0.2899504203265156,0.00018523810686561798,-0.020971131984462998,2.784837557673818,-0.001002501599684752,0.11349529535571372
4.240848169633927,PASSED,-0.2899502455741844,0.00016426666231658427,-0.0209716529254142,2.7848366119209675,-0.000889004662239624,0.11349803217140415
4.241848369673935,PASSED,-0.2899500917910469,0.00014329844038243805,-0.020965934606634255,2.7848357796528225,-0.0007755252621575674,0.11346697868915821
4.242848569713943,PASSED,-0.2899499589707676,0.00012233967033256036,-0.02095399367870668,2.7848350608350048,-0.0006620971083464598,0.1134022705590738
4.243848769753951,PASSED,-0.2899498471007913,0.00010139656279282484,-0.02093585011375475,2.784834455399482,-0.0005487537941517554,0.11330400995179143
4.244848969793959,PASSED,-0.2899497561623623,8.047530836378145e-05,-0.02091152397256914,2.7848339632446915,-0.00043552879311323326,0.11317232842967613
4.245849169833967,PASSED,-0.28994968613054517,5.958207614438112e-05,-0.020881037717287804,2.7848335842356167,-0.0003224555145638786,0.11300724529580691
4.246849369873975,PASSED,-0.289949636974248,3.872301089067816e-05,-0.0208444169446464,2.7848333182039555,-0.00020956717948418462,0.11280906160228539
4.247849569913983,PASSED,-0.28994960865624647,1.7904232377054773e-05,-0.020801686226274714,2.7848331649482216,-9.689687824497057e-05,0.11257779433049983
4.248849769953991,PASSED,-0.28994960113321033,-2.8681665666895953e-06,-0.02075287408872414,2.784833124233892,1.552238379041031e-05,0.11231357383863491
4.249849969993999,PASSED,-0.2899496143557314,-2.3588122553041474e-05,-0.02069801058477037,2.784833195793571,0.00012765783394645192,0.11201670103431279
4.250850170034007,PASSED,-0.2899496482683537,-4.424960300805432e-05,-0.020637127035174493,2.784833379327142,0.00023947684992170175,0.11168722593587453
4.251850370074015,PASSED,-0.2899497028096043,-6.48466069987129e-05,-0.020570255294314634,2.7848336745019373,0.00035094693142336415,0.11132531854552098
4.252850570114023,PASSED,-0.28994977791202725,-8.537316789098052e-05,-0.020497431290902923,2.7848340809529146,0.00046203580790073694,0.11093124843194072
4.253850770154031,PASSED,-0.289949873502218,-0.00010582335539177091,-0.020418691640715355,2.7848345982828624,0.0005727114277498,0.11050520079381133
4.254850970194039,PASSED,-0.2899499895008604,-0.00012619127603303508,-0.020334073308296743,2.7848352260625777,0.0006829418773418711,0.11004728212424421
4.255851170234047,PASSED,-0.2899501258227643,-0.00014647107543463585,-0.020243616797136762,2.784835963831086,0.0007926954794087637,0.10955781536199151
4.256851370274055,PASSED,-0.28995028237690645,-0.00016665694059896812,-0.020147364075795947,2.7848368110958504,0.000901940814198469,0.10903701440818138
4.257851570314063,PASSED,-0.2899504590664713,-0.000186743100505616,-0.020045357127215856,2.7848377673329985,0.0010106466391073584,0.10848503190936137
4.258851770354071,PASSED,-0.2899506557888943,-0.0002067238274122173,-0.019937640092858294,2.7848388319875568,0.0011187819614126265,0.10790218256920585
4.259851970394079,PASSED,-0.2899508724359069,-0.00022659344040440053,-0.019824261591733228,2.784840004473697,0.0012263160759840412,0.1072887359062207
4.260852170434087,PASSED,-0.2899511088935827,-0.0002463463051516968,-0.01970526685100496,2.7848412841749752,0.0013332184776120837,0.10664484544259023
4.261852370474095,PASSED,-0.2899513650423856,-0.0002659768355827,-0.019580706151002117,2.784842670444597,0.0014394589330314754,0.10597086207059284
4.262852570514103,PASSED,-0.28995164075721896,-0.0002854794966139106,-0.01945063095134952,2.784844162605692,0.001545007530624732,0.10526708794169902
4.263852770554111,PASSED,-0.28995193590747687,-0.00030484880459671025,-0.019315092670433125,2.7848457599515752,0.0016498345809896106,0.10453369198033169
4.264852970594119,PASSED,-0.2899522503570965,-0.0003240793288870665,-0.019174145370305,2.7848474617460446,0.0017539106967064788,0.10377106487455945
4.265853170634127,PASSED,-0.2899525839646121,-0.0003431656939778479,-0.01902784490443223,2.7848492672236635,0.0018572068146124037,0.10297948659350176
4.266853370674135,PASSED,-0.28995293658321075,-0.0003621025807887762,-0.01887624808192579,2.7848511755900685,0.001959694147420917,0.10215923028518818
4.267853570714143,PASSED,-0.28995330806078895,-0.000380884726993066,-0.018719411619199183,2.7848531860222634,0.002061344209035971,0.10131061583496459
4.268853770754151,PASSED,-0.2899536982400111,-0.0003995069301547319,-0.018557397523310294,2.784855297668958,0.0021621288776741167,0.10043403717359947
4.269853970794159,PASSED,-0.2899541069583693,-0.0004179640483654763,-0.018390265335700484,2.7848575096508634,0.0022620203201410443,0.09952971266247947
4.270854170834167,PASSED,-0.28995453404824456,-0.00043625100072650243,-0.018218077044576522,2.7848598210610476,0.0023609910386269916,0.0985980557015924
4.271854370874175,PASSED,-0.2899549793369691,-0.000454362770137454,-0.018040897655201678,2.784862230965254,0.002459013898678765,0.09763939628522729
4.272854570914183,PASSED,-0.2899554426468906,-0.0004722944044918145,-0.017858792153799725,2.7848647384022622,0.0025560621064990466,0.09665408217698439
4.273854770954191,PASSED,-0.28995592379543705,-0.0004900410166676035,-0.017671825523781857,2.784867342384225,0.002652109205599133,0.09564244371548779
4.274854970994199,PASSED,-0.2899564225951832,-0.0005075977864989517,-0.01748006603639275,2.7848700418970465,0.0027471291306290376,0.09460491257284953
4.275855171034207,PASSED,-0.28995693885391904,-0.0005249599637657056,-0.017283584753661187,2.78487283590073,0.0028410961745669303,0.09354179818125485
4.276855371074215,PASSED,-0.2899574723747178,-0.0005421228666940337,-0.017082448378106217,2.784875723329759,0.0029339849870062256,0.09245348861132269
4.277855571114223,PASSED,-0.2899580229560068,-0.0005590818836803156,-0.016876729391732213,2.784878703093485,0.0030257706418604247,0.09134043234944945
4.278855771154231,PASSED,-0.2899585903916392,-0.0005758324773562823,-0.016666503198789692,2.7848817740765,0.0031164285754016405,0.09020293433572621
4.279855971194239,PASSED,-0.28995917447096564,-0.0005923701818815425,-0.01645183874290714,2.7848849351390377,0.0032059346075869323,0.08904143075166918
4.280856171234247,PASSED,-0.2899597749789094,-0.0006086906056938235,-0.01623281385853017,2.784888185117368,0.0032942649935382476,0.0878563560844126
4.281856371274255,PASSED,-0.2899603916960401,-0.0006247894340430235,-0.016009504676313194,2.7848915228242066,0.0033813963807191316,0.08664807457853112
4.282856571314263,PASSED,-0.2899610243986506,-0.0006406624281208977,-0.015781987012248477,2.7848949470491227,0.0034673058189606427,0.08541701401683133
4.283856771354271,PASSED,-0.2899616728588336,-0.0006563054259152069,-0.015550338315682932,2.784898456558955,0.0035519707928142828,0.08416361374484663
4.284856971394279,PASSED,-0.2899623368445604,-0.0006717143456491314,-0.015314640679418916,2.7849020500982453,0.003635369225258236,0.08288831157669158
4.285857171434287,PASSED,-0.2899630161197593,-0.0006868851844331357,-0.015074970853728064,2.784905726389644,0.003717479426645793,0.08159146126146782
4.286857371474295,PASSED,-0.2899637104443968,-0.0007018140200569392,-0.014831412137187213,2.7849094841343724,0.003798280186400841,0.08027362541743549
4.287857571514303,PASSED,-0.2899644195745578,-0.0007164970121685835,-0.014584045427948939,2.7849133220126348,0.0038777507260502053,0.07893514913731658
4.288857771554311,PASSED,-0.2899651432625289,-0.0007309304034848472,-0.014332955241806822,2.7849172386840877,0.003955870698800694,0.07757652182593656
4.289857971594319,PASSED,-0.2899658812568804,-0.0007451105194640414,-0.014078223137452429,2.7849212327882635,0.0040326202128255035,0.0761981754907247
4.290858171634327,PASSED,-0.28996663330255096,-0.0007590337704964677,-0.013819936295742238,2.784925302945043,0.004107979847637965,0.07480060769362114
4.291858371674335,PASSED,-0.28996739914093217,-0.0007726966522335392,-0.013558178697957756,2.7849294477551156,0.004181930647993731,0.07338426213052958
4.292858571714343,PASSED,-0.28996817850995443,-0.0007860957462786406,-0.013293037609863743,2.7849336658004256,0.004254454086969044,0.07194955687183517
4.293858771754351,PASSED,-0.2899689711441734,-0.0007992277214447048,-0.01302460020353137,2.784937955644652,0.004325532132594353,0.0704970381276231
4.294858971794359,PASSED,-0.28996977677485736,-0.0008120893339727981,-0.012752954077801332,2.784942315833687,0.004395147256666712,0.06902718136884899
4.295859171834367,PASSED,-0.289970595130075,-0.0008246774283973188,-0.012478187989000415,2.784946744896095,0.00446328235493327,0.06754037619836445
4.296859371874375,PASSED,-0.28997142593478475,-0.0008369889392292151,-0.01220039272716019,2.784951241343602,0.004529920813613044,0.06603718033404797
4.297859571914383,PASSED,-0.28997226891092376,-0.0008490208898522735,-0.011919655886990557,2.7849558036715867,0.00459504656147248,0.06451812620969316
4.298859771954391,PASSED,-0.28997312377749845,-0.0008607703944932146,-0.0116360704769083,2.784960430359554,0.004658643956684947,0.06298357454764826
4.299859971994399,PASSED,-0.28997399025067516,-0.0008722346591473223,-0.01134972743890715,2.784965119871636,0.004720697848418881,0.061434103191458325
4.300860172034407,PASSED,-0.2899748680438718,-0.0008834109810019564,-0.011060718131785307,2.7849698706570845,0.004781193638593833,0.05987024816394778
4.301860372074415,PASSED,-0.2899757568678497,-0.0008942967494087703,-0.010769135256833222,2.7849746811507603,0.004840117173067987,0.05829239201429118
4.302860572114423,PASSED,-0.28997665643080633,-0.000904889446668557,-0.01047507192842239,2.7849795497736554,0.004897454820520935,0.056701151078720355
4.303860772154431,PASSED,-0.2899775664384683,-0.000915186649303936,-0.010178623106683422,2.7849844749333714,0.004953193467424395,0.05509697745328702
4.304860972194439,PASSED,-0.2899784865941853,-0.0009251860269245336,-0.009879880629873652,2.784989455024642,0.005007320478661795,0.053480367093476096
4.305861172234447,PASSED,-0.28997941659902393,-0.0009348853433222041,-0.00957894024286835,2.784994488429837,0.005059823752024135,0.051851877541583456
4.306861372274455,PASSED,-0.2899803561518625,-0.0009442824577058421,-0.00927589714415118,2.784999573519473,0.005110691696281551,0.05021198873463666
4.307861572314463,PASSED,-0.2899813049494859,-0.0009533753244816688,-0.00897084653027685,2.78500470865273,0.005159913225588139,0.04856122302122142
4.308861772354471,PASSED,-0.2899822626866808,-0.0009621619930151773,-0.008663883202329687,2.7850098921779667,0.005207477777251889,0.04690010409210215
4.309861972394479,PASSED,-0.28998322905633184,-0.0009706406086887198,-0.008355103987684558,2.785015122433235,0.005253375306152833,0.04522914544017268
4.310862172434487,PASSED,-0.28998420374951733,-0.0009788094142856496,-0.008044606669759946,2.7850203977468033,0.005297596286266685,0.04354886989630333
4.311862372474495,PASSED,-0.2899851864556058,-0.0009866667476792755,-0.0077324845428699725,2.7850257164376724,0.005340131712497471,0.041859797120440835
4.312862572514503,PASSED,-0.28998617686235245,-0.0009942110434291598,-0.007418836554560427,2.7850310768161086,0.005380973112307152,0.040162468269175626
4.313862772554511,PASSED,-0.28998717465599616,-0.0010014408344895843,-0.0071037607310006105,2.7850364771841556,0.005420112525898089,0.03845737713877899
4.314862972594519,PASSED,-0.28998817952135664,-0.0010083547501722875,-0.006787352317171616,2.7850419158361683,0.005457542521215877,0.03674507410379364
4.315863172634527,PASSED,-0.28998919114193156,-0.0010149515164191106,-0.006469708866590774,2.785047391059335,0.005493256204480395,0.03502608937166813
4.316863372674535,PASSED,-0.289990209199994,-0.0010212299581073643,-0.006150930236028728,2.7850529011342067,0.005527247196091514,0.03330092643741934
4.317863572714543,PASSED,-0.2899912333766903,-0.0010271889972086423,-0.005831111678110941,2.7850584443352235,0.005559509649685388,0.03157013836484457
4.318863772754551,PASSED,-0.289992263352137,-0.001032827652315158,-0.005510350725452158,2.785064018931236,0.005590038238351331,0.02983422220000898
4.319863972794559,PASSED,-0.2899932988055194,-0.0010381450411212523,-0.005188747526522264,2.7850696231860534,0.005618828188810326,0.028093769298317698
4.320864172834567,PASSED,-0.28999433941518865,-0.001043140379043865,-0.004866398186673009,2.7850752553589486,0.0056458752323727095,0.02634922640509297
4.321864372874575,PASSED,-0.28999538485875975,-0.0010478129779474654,-0.004543399381551728,2.7850809137052024,0.005671175627252734,0.02460117386331307
4.322864572914583,PASSED,-0.2899964348132095,-0.0010521622488263926,-0.00421985187717755,2.785086596476631,0.005694726189109014,0.02285015385159263
4.323864772954591,PASSED,-0.2899974889549738,-0.0010561876999460411,-0.0038958506146290588,2.7850923019221048,0.005716524230734729,0.021096633475130636
4.3248649729945985,PASSED,-0.2899985469600453,-0.001059888936210585,-0.003571493364486818,2.7850980282880875,0.0057365675997979385,0.019341192788595415
4.3258651730346065,PASSED,-0.2899996085040712,-0.0010632656613090445,-0.003246879587774739,2.7851037738191597,0.005754854695423665,0.017584364183814358
4.3268653730746145,PASSED,-0.2900006732624502,-0.0010663176756622605,-0.002922104196843508,2.7851095367585437,0.005771384410342977,0.015826615409643197
4.3278655731146225,PASSED,-0.2900017409104301,-0.0010690448762065352,-0.002597264775895815,2.7851153153486297,0.005786156169969044,0.014068522437015901
4.3288657731546305,PASSED,-0.2900028111232043,-0.0010714472574337506,-0.0022724588614287814,2.7851211078315044,0.00579916995007441,0.012310618550931714
4.3298659731946385,PASSED,-0.29000388357600926,-0.0010735249108809477,-0.001947783171042543,2.785126912449474,0.005810426224157311,0.010553377770882735
4.3308661732346465,PASSED,-0.29000495794422,-0.0010752780231708262,-0.0016233317024359592,2.7851327274455753,0.00581992596928269,0.008797323361710355
4.3318663732746545,PASSED,-0.2900060339034474,-0.0010767068780018962,-0.0012992035834926356,2.7851385510641182,0.005827670738542377,0.007043066525004505
4.3328665733146625,PASSED,-0.2900071111296335,-0.0010778118549825708,-0.0009754925787957595,2.7851443815511847,0.005833662567212572,0.005291003433654794
4.3338667733546705,PASSED,-0.29000818929914723,-0.0010785934282282082,-0.000652293690198298,2.785150217155157,0.005837903985705981,0.0035416951999105665
4.3348669733946785,PASSED,-0.29000926808887967,-0.0010790521677003497,-0.00032970332677032183,2.785156056127226,0.005840398081889114,0.0017956968386150175
4.3358671734346865,PASSED,-0.29001034717633883,-0.0010791887378789522,-7.814746490388048e-06,2.7851618967219163,0.00584114845133438,5.3484516366172726e-05
4.3368673734746945,PASSED,-0.29001142623974435,-0.0010790038971354638,0.0003132777368072271,2.7851677371975843,0.005840159164993682,-0.0016844669120736663
4.3378675735147025,PASSED,-0.290012504958121,-0.001078498497676572,0.0006334806069479768,2.7851735758169283,0.005837434816003409,-0.003417603709072738
4.3388677735547105,PASSED,-0.29001358301139235,-0.0010776734851941881,0.0009527003993412695,2.785179410847512,0.005832980545799212,-0.005145381200945865
4.3398679735947185,PASSED,-0.2900146600804742,-0.0010765298982369502,0.001270844662502469,2.7851852405622375,0.005826801928532563,-0.0068674413104522014
4.3408681736347265,PASSED,-0.29001573584736656,-0.0010750688668626134,0.0015878225155596668,2.7851910632398784,0.00581890507083406,-0.008583135290537187
4.3418683736747345,PASSED,-0.29001680999524565,-0.0010732916135427267,0.0019035405227716897,2.7851968771655513,0.005809296598692869,-0.010292030041626796
4.3428685737147426,PASSED,-0.29001788220855546,-0.001071199451721703,0.0022179093531922334,2.7852026806312264,0.005797983586393217,-0.011993667138337317
4.343868773754751,PASSED,-0.29001895217309837,-0.001068793784748383,0.00253083872007215,2.785208471936209,0.005784973615636558,-0.013687506502207295
4.344868973794759,PASSED,-0.2900200195761254,-0.0010660761062214097,0.002842238398240445,2.78521424938764,0.0057702747831561065,-0.015373049799281622
4.345869173834767,PASSED,-0.2900210841064254,-0.0010630479989992253,0.0031520197714803694,2.785220011300968,0.005753895625772938,-0.017049895772425824
4.346869373874775,PASSED,-0.2900221454544142,-0.001059711134040862,0.003460095082951769,2.7852257560004294,0.005735845158826161,-0.018717514396343442
4.347869573914783,PASSED,-0.29002320331222237,-0.0010560672699748452,0.003766376721393941,2.785231481819537,0.005716132920257173,-0.020375388017417853
4.348869773954791,PASSED,-0.29002425737378285,-0.001052118253100884,0.00407077697567249,2.7852371871015476,0.005694768886914704,-0.022023130225834915
4.349869973994799,PASSED,-0.29002530733491727,-0.0010478660149942128,0.004373212194003859,2.7852428701999234,0.005671763477015032,-0.02366026301556346
4.350870174034807,PASSED,-0.2900263528934224,-0.0010433125735064956,0.004673594350192661,2.7852485294788085,0.005647127620687787,-0.02528625186836634
4.351870374074815,PASSED,-0.29002739374915404,-0.0010384600305894532,0.004971841961609038,2.785254163313483,0.00562087269315046,-0.026900711316634247
4.352870574114823,PASSED,-0.29002842960411274,-0.0010333105723216642,0.005267869138575973,2.7852597700908155,0.005593010483743539,-0.028503208133778882
4.353870774154831,PASSED,-0.2900294601625256,-0.0010278664673762572,0.005561595483294684,2.785265348209728,0.005563553287843792,-0.030093187743726945
4.354870974194839,PASSED,-0.2900304851309301,-0.0010221300667091744,0.005852937456274598,2.7852708960816264,0.005532513821318284,-0.031670319046694324
4.355871174234847,PASSED,-0.29003150421825485,-0.0010161038027214236,0.006141815008734806,2.7852764121308504,0.005499905210450581,-0.03323413874837686
4.356871374274855,PASSED,-0.2900325171359006,-0.0010097901873739681,0.006428148906602703,2.78528189479512,0.0054657410765781775,-0.034784130621753985
4.357871574314863,PASSED,-0.2900335235978201,-0.0010031918122371385,0.006711859290314007,2.78528734252594,0.005430035418001959,-0.03632001054586282
4.358871774354871,PASSED,-0.2900345233205964,-0.0009963113474452143,0.006992868459664754,2.7852927537890655,0.005392802680801173,-0.037841221637401626
4.359871974394879,PASSED,-0.2900355160235216,-0.0009891515403770044,0.007271099473906428,2.7852981270648836,0.005354057729327945,-0.0393474380304451
4.360872174434887,PASSED,-0.29003650142867266,-0.0009817152140519248,0.007546477559195071,2.7853034608488594,0.00531381582990186,-0.04083820702317816
4.361872374474895,PASSED,-0.2900374792609877,-0.0009740052677914628,0.007818925394640127,2.7853087536519303,0.005272092670284827,-0.042313128012937865
4.362872574514903,PASSED,-0.29003844924834093,-0.0009660246750485249,0.008088370975136573,2.78531400400092,0.005228904337845171,-0.04377180205746942
4.363872774554911,PASSED,-0.290039411121616,-0.0009577764813256702,0.008354742221333533,2.7853192104389364,0.005184267312324706,-0.04521384116246248
4.364872974594919,PASSED,-0.29004036461477894,-0.0009492638051831567,0.00861796542330018,2.7853243715257534,0.005138198453169374,-0.0466388711505801
4.365873174634927,PASSED,-0.29004130946494927,-0.0009404898365709164,0.008877970738200498,2.785329485838217,0.005090715029539393,-0.0480464586162476
4.366873374674935,PASSED,-0.29004224541247087,-0.0009314578340988064,0.00913469029471636,2.785334551970611,0.005041834672975053,-0.049436288529735584
4.367873574714943,PASSED,-0.29004317220098114,-0.0009221711258907007,0.009388053483698727,2.7853395685350453,0.0049915753869779955,-0.05080795097527149
4.368873774754951,PASSED,-0.2900440895774788,-0.0009126331074513431,0.009637995076463462,2.785344534161816,0.004939955549714341,-0.05216109478924272
4.369873974794959,PASSED,-0.2900449972923915,-0.0009028472408024998,0.009884447697096605,2.7853494474997693,0.00488699388501188,-0.05349537797793993
4.370874174834967,PASSED,-0.29004589509964096,-0.000892817052682671,0.010127348401650386,2.7853543072166627,0.004832709484472553,-0.05481041558025212
4.371874374874975,PASSED,-0.2900467827567078,-0.0008825461342244404,0.01036663182928413,2.7853591119995107,0.004777121783566111,-0.05610589112390341
4.372874574914983,PASSED,-0.2900476600246951,-0.0008720381394260599,0.010602236777778041,2.7853638605549325,0.0047202505515965346,-0.057381459200025596
4.373874774954991,PASSED,-0.29004852666839026,-0.0008612967833212099,0.010834102322897873,2.78536855160948,0.004662115888343909,-0.05863679928769253
4.374874974994999,PASSED,-0.2900493824563257,-0.0008503258411268312,0.011062168775365647,2.7853731839099733,0.004602738226468336,-0.05987157026749604
4.375875175035007,PASSED,-0.29005022716083906,-0.000839129148045314,0.011286375952284959,2.7853777562238307,0.00454213833154045,-0.061085444701479204
4.376875375075015,PASSED,-0.29005106055813096,-0.0008277105958558092,0.011506669680984913,2.78538226733937,0.004480337254281759,-0.06227816563016543
4.377875575115023,PASSED,-0.29005188242832214,-0.0008160741326653037,0.011722992196852512,2.7853867160661276,0.00441735635990275,-0.06344938021157193
4.378875775155031,PASSED,-0.2900526925555096,-0.0008042237628718682,0.011935288191157543,2.785391101235162,0.004353217337524481,-0.06459878382273372
4.379875975195039,PASSED,-0.29005349072782033,-0.0007921635435143739,0.012143506801718764,2.7853954216993433,0.0042879421342593175,-0.06572614956011656
4.380876175235047,PASSED,-0.2900542767374651,-0.0007798975839028055,0.012347594818134907,2.785399676333636,0.004221552978703581,-0.0668311595528175
4.381876375275055,PASSED,-0.2900550503807893,-0.0007674300454017788,0.01254750095628789,2.7854038640353966,0.004154072420119368,-0.06791349127180837
4.382876575315063,PASSED,-0.2900558114583245,-0.0007547651385225225,0.012743177494568748,2.7854079837246246,0.004085523232607879,-0.06897298500461005
4.383876775355071,PASSED,-0.290056559774836,-0.0007419071214835858,0.012934576735182017,2.7854120343442497,0.0040159284613758275,-0.07000929538367989
4.384876975395079,PASSED,-0.29005729513937173,-0.000728860300193804,0.01312165099284834,2.785416014860373,0.003945311429676848,-0.07102218924251205
4.385877175435087,PASSED,-0.2900580173653077,-0.0007156290262263966,0.013304355950446769,2.785419924262526,0.003873695677590324,-0.07201146064919785
4.386877375475095,PASSED,-0.290058726270393,-0.0007022176944953536,0.013482648918107144,2.785423761563913,0.003801104996836382,-0.07297682749043748
4.387877575515103,PASSED,-0.2900594216767932,-0.0006886307428392139,0.013656486814827886,2.7854275258016417,0.0037275634168917942,-0.0739180815806876
4.388877775555111,PASSED,-0.2900601034111327,-0.0006748726511343643,0.013825828298197507,2.785431216036954,0.003653095177704859,-0.07483501092443341
4.389877975595119,PASSED,-0.29006077130453445,-0.0006609479379790346,0.013990636393417832,2.785434831355451,0.0035777247503783506,-0.07572737159455824
4.390878175635127,PASSED,-0.29006142519265987,-0.0006468611609628187,0.014150870764747924,2.785438370867296,0.003501476803374114,-0.07659499727735522
4.391878375675135,PASSED,-0.29006206491574593,-0.0006326169145604716,0.014306496827412954,2.7854418337074214,0.0034243761975339083,-0.07743767821543963
4.392878575715143,PASSED,-0.2900626903186418,-0.0006182198284992517,0.014457478883757967,2.7854452190357284,0.0033464480084241166,-0.07825519637269326
4.393878775755151,PASSED,-0.29006330125084334,-0.0006036745669699298,0.014603783293031044,2.785448526037277,0.003267717490492795,-0.07904739897040644
4.394878975795159,PASSED,-0.29006389756652623,-0.0005889858260609166,0.01474537931966786,2.7854517539224553,0.0031882100478300267,-0.07981413845767613
4.395879175835167,PASSED,-0.2900644791245782,-0.0005741583332650603,0.01488223511331547,2.7854549019271646,0.0031079512840732344,-0.08055518062286966
4.396879375875175,PASSED,-0.2900650457886289,-0.0005591968459141471,0.015014322175978229,2.7854579693129757,0.0030269669620526705,-0.08127041628569359
4.397879575915183,PASSED,-0.290065597427079,-0.0005441061489428766,0.015141613501465413,2.785460955367289,0.002945282969411122,-0.08195971021211844
4.398879775955191,PASSED,-0.2900661339131274,-0.000528891053915486,0.01526408271134079,2.7854638594034835,0.0028629253664100083,-0.0826228648604443
4.399879975995199,PASSED,-0.290066655124797,-0.0005135563978809382,0.015381704916685706,2.7854666807610546,0.0027799203458407414,-0.0832597910418155
4.400880176035207,PASSED,-0.29006716094495927,-0.0004981070410156462,0.015494458164363012,2.7854694188057447,0.00269629420409493,-0.08387037554847589
4.401880376075215,PASSED,-0.29006765126135686,-0.00048254786588825926,0.015602319769402868,2.7854720729296694,0.0026120733813866422,-0.0844544541481619
4.402880576115223,PASSED,-0.29006812596662496,-0.00046688377535725775,0.015705271038733908,2.7854746425514394,0.002527284441047649,-0.08501193113288093
4.403880776155231,PASSED,-0.29006858495831134,-0.0004511196917174989,0.015803292040442084,2.7854771271162524,0.0024419540071921146,-0.08554276900396904
4.404880976195239,PASSED,-0.2900690281388942,-0.0004352605544208298,0.015896367467487092,2.785479526096008,0.002356108827995603,-0.08604678599153952
4.405881176235247,PASSED,-0.29006945541579937,-0.0004193113190866602,0.01598448057862458,2.78548183898939,0.0022697757515065878,-0.086523936820666
4.406881376275255,PASSED,-0.29006986670141544,-0.00040327695605380366,0.016067618002344568,2.785484065321951,0.0021829816700067234,-0.08697417795266298
4.407881576315263,PASSED,-0.2900702619131074,-0.00038716244843091244,0.01614576736992233,2.785486204646195,0.002095753573798693,-0.08739737504494201
4.408881776355271,PASSED,-0.2900706409732291,-0.000370972790791573,0.016218917818950823,2.7854882565416217,0.0020081184953392975,-0.08779354740236499
4.409881976395279,PASSED,-0.2900710038091339,-0.00035471298800098173,0.01628705943835159,2.785490220614817,0.0019201035426219292,-0.08816255626070339
4.410882176435287,PASSED,-0.29007135035318377,-0.000338388052690824,0.01635018589136183,2.785492096499477,0.0018317358618207534,-0.0885044304948242
4.411882376475295,PASSED,-0.290071680542757,-0.00032200300497258323,0.01640828893616004,2.78549388385646,0.0017430426156269585,-0.08881912332644197
4.412882576515303,PASSED,-0.2900719943202545,-0.0003055628705711407,0.01646136471163091,2.785495582373816,0.0016540510229812446,-0.08910657219189494
4.413882776555311,PASSED,-0.2900722916331045,-0.00028907267867678445,0.0165094100161731,2.785497191766823,0.0015647883326118733,-0.08936676915435567
4.414882976595319,PASSED,-0.2900725724337655,-0.0002725374609548214,0.016552422859156302,2.785498711777988,0.0014752817619483726,-0.08959977166959711
4.415883176635327,PASSED,-0.29007283667972805,-0.0002559622501172025,0.016590402823260714,2.785500142177071,0.0013855585713233693,-0.08980546992860755
4.416883376675335,PASSED,-0.290073084333515,-0.00023935207815290816,0.01662335139165003,2.785501482761076,0.0012956460236314199,-0.08998393286751084
4.417883576715343,PASSED,-0.29007331536267994,-0.0002227119751712849,0.01665127070827208,2.7855027333542477,0.0012055713297579919,-0.09013520121070627
4.418883776755351,PASSED,-0.2900735297398046,-0.00020604696750476604,0.016674165638683385,2.7855038938080536,0.0011153617090971344,-0.09025923362762542
4.419883976795359,PASSED,-0.2900737274424943,-0.00018936207648514834,0.01669204127357393,2.7855049640011695,0.0010250443738121112,-0.09035606972328832
4.420884176835367,PASSED,-0.29007390845337233,-0.0001726623167180336,0.016704905429475295,2.785505943839432,0.0009346464509659399,-0.09042582492809319
4.421884376875375,PASSED,-0.29007407276007235,-0.00015595269472798014,0.01671276636377219,2.785506833255819,0.0008441950580071509,-0.09046843831258625
4.422884576915383,PASSED,-0.2900742203552301,-0.00013923820841994444,0.0167156329375447,2.785507632210386,0.0007537172709002517,-0.09048401963644132
4.423884776955391,PASSED,-0.29007435123647274,-0.0001225238435839161,0.01671351943501743,2.7855083406902166,0.0006632400622348665,-0.09047266801801437
4.424884976995399,PASSED,-0.29007446540640724,-0.00010581457359273731,0.01670643702861969,2.7855089587093587,0.0005727903712151309,-0.09043437302088304
4.425885177035407,PASSED,-0.2900745628726074,-8.91153590430271e-05,0.016694399563770577,2.785509486308758,0.0004823950757893696,-0.09036924369568011
4.426885377075415,PASSED,-0.29007464364759905,-7.243114448897441e-05,0.016677424547574076,2.785509923556171,0.0003920809262620178,-0.09027742008179956
4.427885577115423,PASSED,-0.29007470774884425,-5.576685733134716e-05,0.016655528897662707,2.785510270546083,0.00030187460506084343,-0.09015892194742431
4.428885777155431,PASSED,-0.2900747551987234,-3.912740733200894e-05,0.016628730733788556,2.785510527399611,0.00021180271550512043,-0.09001386796125545
4.429885977195439,PASSED,-0.2900747860245169,-2.251768522960131e-05,0.01659704968148702,2.785510694264405,0.00012189172378312393,-0.0898424075624905
4.430886177235447,PASSED,-0.2900748002583844,-5.942559222018719e-06,0.016560510224979647,2.7855107713145397,3.2167996608860764e-05,-0.08964460691544496
4.431886377275455,PASSED,-0.29007479793734336,1.0593123915757787e-05,0.016519131746307748,2.785510758750383,-5.734222487199999e-05,-0.08942063119113797
4.432886577315463,PASSED,-0.2900747791032457,2.7084540625533707e-05,0.016472940018754705,2.785510656798492,-0.00014661281942424256,-0.08917057012631228
4.433886777355471,PASSED,-0.2900747438027538,4.352689381266625e-05,0.016421961966051113,2.785510465711465,-0.00023561780796248888,-0.08889460081286908
4.434886977395479,PASSED,-0.29007469208731396,5.9915412383077256e-05,0.016366222973317596,2.7855101857678033,-0.000324331370304841,-0.08859287002867411
4.435887177435487,PASSED,-0.29007462401312967,7.624535269881336e-05,0.01630575187734845,2.7855098172717736,-0.0004127278054269507,-0.08826547851773343
4.436887377475495,PASSED,-0.29007453964113317,9.251200078415945e-05,0.016240578890677825,2.78550936055324,-0.0005007815905338069,-0.08791265616627131
4.437887577515503,PASSED,-0.29007443903695507,0.00010871067347176758,0.016170735218894994,2.785508815967512,-0.0005884673791509529,-0.08753454358439576
4.438887777555511,PASSED,-0.2900743222708934,0.0001248367188464041,0.016096252145130902,2.7855081838951707,-0.000675759970216359,-0.08713128938607966
4.439887977595519,PASSED,-0.29007418941788116,0.00014088551858727592,0.016017164804699068,2.7855074647418916,-0.0007626343614099361,-0.08670312573190875
4.440888177635527,PASSED,-0.2900740405574523,0.00015685248892215823,0.01593350735500449,2.7855066589382704,-0.0008490657308523809,-0.08625019858280211
4.441888377675535,PASSED,-0.29007387577370675,0.0001727330813417277,0.015845315795946183,2.785505766939617,-0.0009350294543309462,-0.08577274007574096
4.442888577715543,PASSED,-0.2900736951552738,0.00018852278521400538,0.01575262925649872,2.7855047892257714,-0.0010205011077840786,-0.08527092903806008
4.443888777755551,PASSED,-0.2900734987952749,0.00020421712732474677,0.015655484013569837,2.785503726300894,-0.0011054564666559,-0.08474497876099579
4.444888977795559,PASSED,-0.29007328679128425,0.00021981167417826322,0.01555392208014757,2.7855025786932583,-0.0011898715258996649,-0.08419511289894445
4.445889177835567,PASSED,-0.2900730592452889,0.00023530203367019923,0.015447984433128323,2.7855013469550323,-0.0012737225045916594,-0.08362155588736132
4.446889377875575,PASSED,-0.2900728162636476,0.00025068385477964976,0.015337712226998639,2.785500031662047,-0.0013569858528454189,-0.08302454316469174
4.447889577915583,PASSED,-0.29007255795704784,0.00026595282996743686,0.015223150494979345,2.785498633413581,-0.0014396382345904864,-0.08240427413198498
4.448889777955591,PASSED,-0.2900722844404625,0.0002811046961774661,0.015104343353395803,2.78549715283211,-0.0015216565704459209,-0.08176104367106725
4.449889977995599,PASSED,-0.2900719958331049,0.0002961352353780365,0.014981336432020197,2.7854955905630714,-0.0016030180304078886,-0.08109507082256814
4.450890178035607,PASSED,-0.2900716922583826,0.00031104027666917103,0.01485417786387744,2.785493947274608,-0.0016837000299894493,-0.08040661875422239
4.451890378075615,PASSED,-0.29007137384385034,0.0003258156968060267,0.014722914985507849,2.7854922236573247,-0.0017636802290624067,-0.07969591928544711
4.452890578115623,PASSED,-0.29007104072116174,0.0003404574206384109,0.014587596396968341,2.785490420424013,-0.0018429365804056995,-0.07896330604852338
4.453890778155631,PASSED,-0.29007069302602,0.0003549614237825877,0.014448274308982432,2.78548853830939,-0.0019214472997744856,-0.07820899491562806
4.454890978195639,PASSED,-0.29007033089812717,0.0003693237331920154,0.014304999476391264,2.785486578069827,-0.0019991908515975647,-0.0774332564280466
4.455891178235647,PASSED,-0.29006995448113293,0.0003835404265629298,0.014157822633929791,2.7854845404830635,-0.0020761460214883598,-0.07663644553262708
4.456891378275655,PASSED,-0.2900695639225817,0.00039760763558692333,0.01400679995070263,2.785482426347927,-0.002152291870651944,-0.07581878491755528
4.457891578315663,PASSED,-0.2900691593738594,0.00041152154621614407,0.01385198441489949,2.785480236484048,-0.0022276077232385658,-0.07498056436599888
4.458891778355671,PASSED,-0.2900687409901385,0.00042527839882436174,0.013693431403763083,2.7854779717315483,-0.002302073248115318,-0.07412216521725537
4.459891978395679,PASSED,-0.2900683089303224,0.00043887449087090915,0.013531199141736961,2.7854756329507584,-0.0023756683967331898,-0.07324380421828278
4.460892178435687,PASSED,-0.2900678633569892,0.0004523061762074555,0.013365342799752626,2.785473221021896,-0.0024483734134586213,-0.07234582506353006
4.461892378475695,PASSED,-0.29006740443633383,0.000465569865969384,0.013195921070045828,2.7854707368447573,-0.002520168897293108,-0.07142858968179124
4.462892578515703,PASSED,-0.2900669323381095,0.0004786620321464294,0.013022996248378403,2.7854681813384152,-0.0025910357228784357,-0.07049231618768538
4.463892778555711,PASSED,-0.2900664472355688,0.0004915792054439392,0.012846624663597518,2.785465555440874,-0.0026609551105567213,-0.06953743533868596
4.464892978595719,PASSED,-0.2900659493054028,0.0005043179764412177,0.012666868553065716,2.7854628601087525,-0.0027299086353866223,-0.0685642511573776
4.465893178635727,PASSED,-0.2900654387276805,0.0005168749988963262,0.012483791723136756,2.7854600963169647,-0.002797878143676427,-0.06757301304475653
4.466893378675735,PASSED,-0.2900649156857863,0.0005292469884966352,0.012297454851757313,2.785457265058368,-0.002864845858899271,-0.0665641833415689
4.467893578715743,PASSED,-0.2900643803663574,0.0005414307235011641,0.012107921773043444,2.785454367343425,-0.0029307943788420133,-0.06553807767685738
4.468893778755751,PASSED,-0.2900638329592203,0.0005534230469758789,0.011915257942495473,2.7854514041998675,-0.002995706578015835,-0.06449494683846459
4.469893978795759,PASSED,-0.29006327365732604,0.0005652208663245633,0.011719526952810366,2.7854483766723392,-0.0030595657134849536,-0.06343526122288766
4.470894178835767,PASSED,-0.2900627026566853,0.0005768211548358202,0.011520796216887846,2.785445285822039,-0.0031223554431299995,-0.06235937525981834
4.471894378875775,PASSED,-0.2900621201563021,0.0005882209526157423,0.011319132155278216,2.785442132726382,-0.003184059701940588,-0.06126751451110246
4.472894578915783,PASSED,-0.2900615263581075,0.0005994173656666098,0.01111460031459351,2.785438918478617,-0.0032446628281237637,-0.060160200631224306
4.473894778955791,PASSED,-0.2900609214668919,0.0006104075680591276,0.010907270444467359,2.78543564418747,-0.003304149564904852,-0.05903776088099832
4.474894978995799,PASSED,-0.29006030569023705,0.0006211888035398455,0.01069721217155155,2.78543231097678,-0.0033625049572004744,-0.05790047990537145
4.475895179035807,PASSED,-0.29005967923844744,0.0006317583833732081,0.010484491607903415,2.7854289199851205,-0.003419714449839282,-0.05674883446109845
4.476895379075815,PASSED,-0.29005904232448076,0.0006421136886338775,0.010269181029180143,2.7854254723654246,-0.003475763898972061,-0.05558319224723235
4.477895579115823,PASSED,-0.29005839516387805,0.0006522521719019675,0.010051351427363216,2.7854219692846067,-0.0035306394978579557,-0.05440386997833568
4.478895779155831,PASSED,-0.29005773797469303,0.0006621713555801048,0.009831071845319964,2.78541841192318,-0.003584327831344076,-0.05321130915797706
4.479895979195839,PASSED,-0.29005707097742084,0.0006718688334177911,0.009608415165930423,2.7854148014748743,-0.003636815890065608,-0.052005891763901566
4.480896179235847,PASSED,-0.29005639439492675,0.0006813422719278229,0.00938345407276574,2.7854111391462406,-0.003688091044881174,-0.05078799685000857
4.481896379275855,PASSED,-0.2900557084523733,0.0006905894097018854,0.009156260241593722,2.7854074261562625,-0.0037381410563218313,-0.0495580211677558
4.482896579315863,PASSED,-0.2900550133771481,0.0006996080579890893,0.008926906984277552,2.7854036637359667,-0.00378695407685095,-0.048316353436694326
4.483896779355871,PASSED,-0.2900543093987905,0.0007083961020795704,0.008695468827950064,2.785399853128027,-0.0038345186576659845,-0.047063399067261355
4.484896979395879,PASSED,-0.29005359674891756,0.0007169515010249259,0.008462019023625957,2.7853959955863528,-0.0038808237711067716,-0.045799589689803626
4.485897179435887,PASSED,-0.29005287566115046,0.0007252722876133213,0.00822663163157494,2.7853920923756994,-0.003925858770553194,-0.04452527261750184
4.486897379475895,PASSED,-0.29005214637103965,0.0007333565699028095,0.007989382728097044,2.7853881447712614,-0.003969613406365387,-0.04324087794198657
4.487897579515903,PASSED,-0.29005140911599,0.0007412025316026479,0.0077503476809994126,2.7853841540582702,-0.004012077855320197,-0.04194682963002576
4.488897779555911,PASSED,-0.29005066413518554,0.0007488084305279732,0.007509599754875874,2.7853801215315777,-0.004053242705836572,-0.040643531107274714
4.489897979595919,PASSED,-0.290049911669514,0.0007561726008567306,0.007267217378011894,2.7853760484952574,-0.004093098930508596,-0.0393313537151909
4.490898179635927,PASSED,-0.29004915196149067,0.0007632934536199412,0.007023276353342929,2.78537193626218,-0.004131637941527265,-0.038010782554320256
4.491898379675935,PASSED,-0.29004838525518223,0.0007701694752951821,0.006777851889839613,2.785367786153615,-0.00416885155414529,-0.0366821659938285
4.492898579715943,PASSED,-0.2900476117961302,0.0007767992289772236,0.006531021543509361,2.7853635994988077,-0.004204731986830548,-0.0353459438128783
4.493898779755951,PASSED,-0.2900468318312744,0.0007831813551579776,0.0062828626055836355,2.785359377634566,-0.004239271892286536,-0.034002546551394196
4.494898979795959,PASSED,-0.2900460456088758,0.0007893145711964096,0.006033451660330994,2.7853551219048414,-0.004272464341076736,-0.03265238361607219
4.495899179835967,PASSED,-0.2900452533784394,0.0007951976716465702,0.0057828663100469675,2.7853508336603143,-0.0043043028029147124,-0.03129584731924547
4.496899379875975,PASSED,-0.29004445539063684,0.0008008295283646515,0.005531183656770809,2.7853465142579705,-0.004334781184732602,-0.029933404816984744
4.497899579915983,PASSED,-0.29004365189722886,0.0008062090913809879,0.005278482589380042,2.7853421650606927,-0.0043638938061021934,-0.028565432404663034
4.498899779955991,PASSED,-0.290042843150988,0.0008113353874714787,0.005024838424564755,2.785337787436824,-0.004391635407400502,-0.027192380560738628
4.499899979995999,PASSED,-0.2900420294056203,0.000816207521802968,0.0047703316027724795,2.785333382759755,-0.004418001161460995,-0.02581466972699614
4.500900180036007,PASSED,-0.29004121091568796,0.0008208246778006923,0.004515038927692046,2.7853289524075104,-0.004442986636254667,-0.024432678171455214
4.501900380076015,PASSED,-0.2900403879365313,0.0008251861158746556,0.0042590375048108566,2.7853244977623084,-0.0044665878509037756,-0.023046905634210052
4.502900580116023,PASSED,-0.2900395607241907,0.0008292911746613614,0.004002406307969382,2.785320020210161,-0.004488801231830674,-0.021657697788691446
4.503900780156031,PASSED,-0.2900387295353287,0.0008331392715332268,0.0037452239144627314,2.7853155211404284,-0.004509623628019354,-0.020265528455339972
4.504900980196039,PASSED,-0.2900378946271525,0.0008367299007214058,0.0034875660373232674,2.7853110019454226,-0.004529052307007064,-0.018870779342623736
4.505901180236047,PASSED,-0.29003705625733545,0.0008400626345283956,0.003229512320100617,2.78530646401996,-0.004547084973207441,-0.017473924105543333
4.506901380276055,PASSED,-0.2900362146839395,0.0008431371237303768,0.0029711404565682985,2.785301908760961,-0.004563719738153567,-0.01607532550651447
4.507901580316063,PASSED,-0.2900353701653374,0.0008459530961001823,0.002712526978630111,2.7852973375670156,-0.0045789551303661025,-0.01467543668321729
4.508901780356071,PASSED,-0.2900345229601353,0.0008485103572719914,0.0024537506339285873,2.7852927518379738,-0.004592790109939745,-0.01327467483392635
4.509901980396079,PASSED,-0.2900336733270949,0.0008508087903650075,0.0021948880657409503,2.785288152974509,-0.004605224065384449,-0.011873475851889286
4.510902180436087,PASSED,-0.29003282152505605,0.0008528483559067712,0.0019360171924455052,2.7852835423777242,-0.004616256769028958,-0.010472188839587396
4.511902380476095,PASSED,-0.29003196781285967,0.0008546290914873076,0.001677214505930267,2.785278921448709,-0.004625888439462555,-0.009071324829603662
4.512902580516103,PASSED,-0.29003111244927093,0.0008561511109660473,0.0014185561272793072,2.7852742915881383,-0.004634119717367644,-0.007671246622079288
4.513902780556111,PASSED,-0.2900302556929019,0.0008574146063418886,0.0011601215415494245,2.7852696541958464,-0.004640951636448765,-0.006272367387148599
4.514902980596119,PASSED,-0.29002939780213566,0.0008584198446337741,0.0009019827921093776,2.7852650106704244,-0.004646385646571718,-0.0048751052801562006
4.515903180636127,PASSED,-0.2900285390350494,0.0008591671693585511,0.0006442193465555237,2.7852603624087973,-0.004650423625961115,-0.003479895462223533
4.516903380676135,PASSED,-0.29002767964933873,0.0008596570011672416,0.00038690678344726893,2.785255710805817,-0.004653067853962336,-0.0020871163605517876
4.517903580716143,PASSED,-0.29002681990224183,0.0008598898344835458,0.00013011767154212796,2.785251057253852,-0.004654321011837507,-0.0006971855515834324
4.518903780756151,PASSED,-0.29002596005046416,0.0008598662393628382,-0.00012607031554078894,2.785246403142374,-0.004654186207907136,0.0006894635850078679
4.519903980796159,PASSED,-0.2900251003501033,0.0008595868621731213,-0.00038158177250089727,2.78524174985756,-0.004652666937312108,0.002072475268375865
4.520904180836167,PASSED,-0.2900242410565742,0.0008590524225230117,-0.0006363449018487487,2.7852370987818857,-0.0046497670944544225,0.0034514212505579816
4.521904380876175,PASSED,-0.29002338242453524,0.0008582637132898023,-0.0008902854541164403,2.785232451293715,-0.004645491007523658,0.004825864050903407
4.522904580916183,PASSED,-0.2900225247078139,0.0008572216028694662,-0.001143327064482783,2.7852278087669173,-0.004639843363324701,0.0061954976309919535
4.523904780956191,PASSED,-0.29002166815933367,0.00085592703249707,-0.0013953992443386134,2.785223172570452,-0.00463282925784205,0.007559844050423003
4.524904980996199,PASSED,-0.29002081303104077,0.0008543810147229251,-0.0016464301273491466,2.785218544067981,-0.004624454210986029,0.008918515393087295
4.525905181036207,PASSED,-0.29001995957383175,0.0008525846358222948,-0.0018963447494844917,2.7852139246174863,-0.004614724079828924,0.010271208333117702
4.526905381076215,PASSED,-0.29001910803748165,0.0008505390537478143,-0.0021450736244774562,2.7852093155708566,-0.004603645151231338,0.01161740877389697
4.527905581116223,PASSED,-0.2900182586705721,0.000848245497006399,-0.0023925454860405635,2.785204718273526,-0.0045912240912197,0.01295682750346518
4.528905781156231,PASSED,-0.2900174117204208,0.0008457052651549186,-0.0026386894284402807,2.785200134064072,-0.0045774679245834575,0.014289059391427208
4.529905981196239,PASSED,-0.29001656743301046,0.0008429197283224747,-0.0028834351017796955,2.7851955642738413,-0.004562384085953957,0.01561369145488372
4.530906181236247,PASSED,-0.2900157260529196,0.0008398903256980943,-0.0031267143061142403,2.7851910102265727,-0.004545980373857652,0.016930392523918314
4.531906381276255,PASSED,-0.2900148878232529,0.0008366185651440416,-0.003368458052678311,2.7851864732380167,-0.004528264955819447,0.018238768381064436
4.532906581316263,PASSED,-0.29001405298557287,0.0008331060235274456,-0.003608597325874289,2.7851819546155707,-0.004509246372397652,0.01953846011561499
4.533906781356271,PASSED,-0.2900132217798312,0.0008293543456803024,-0.003847064861322495,2.785177455657911,-0.004488933528507982,0.020829099739041266
4.534906981396279,PASSED,-0.2900123944443021,0.0008253652422987245,-0.004083795728415092,2.785172977654624,-0.004467335695768378,0.022110321406645154
4.535907181436287,PASSED,-0.2900115712155152,0.0008211404913027448,-0.00431872117435593,2.7851685218858386,-0.004444462517970002,0.023381748726197162
4.536907381476295,PASSED,-0.29001075232818974,0.0008166819361912907,-0.004551777736186315,2.7851640896218908,-0.004420323955695355,0.02464310464027968
4.537907581516303,PASSED,-0.29000993801516894,0.000811991485389301,-0.004782899512525368,2.785159682122948,-0.004394930349719187,0.025893940200093998
4.538907781556311,PASSED,-0.2900091285073557,0.0008070711114405194,-0.005012023572952469,2.7851553006386727,-0.004368292402975591,0.02713395110593044
4.539907981596319,PASSED,-0.2900083240336488,0.0008019228502839829,-0.005239086212259008,2.785150946407865,-0.004340421130119323,0.028362820689825794
4.540908181636327,PASSED,-0.2900075248208794,0.0007965488009529046,-0.005464024743624646,2.7851466206581406,-0.004311327881859725,0.02958019997277915
4.541908381676335,PASSED,-0.290006731093749,0.0007909511241921959,-0.005686778105431239,2.7851423246055718,-0.004281024382727156,0.03078569857243044
4.542908581716343,PASSED,-0.29000594307476807,0.0007851320416259949,-0.005907285540047707,2.7851380594543715,-0.004249522659344717,0.03197907325577729
4.543908781756351,PASSED,-0.290005160984195,0.0007790938356994904,-0.006125486184142321,2.785133826396558,-0.004216835050654385,0.03315996564670419
4.544908981796359,PASSED,-0.2900043850399762,0.0007728388481078979,-0.00634132186322598,2.7851296266116234,-0.004182974264749224,0.034327999410798476
4.545909181836367,PASSED,-0.29000361545768716,0.0007663694793901595,-0.006554733287413174,2.78512546126623,-0.00414795328961014,0.035482958957941554
4.546909381876375,PASSED,-0.2900028524504743,0.000759688187312217,-0.006765664604962107,2.785121331513883,-0.004111785416092076,0.03662448322481146
4.547909581916383,PASSED,-0.2900020962289974,0.0007527974870217371,-0.006974057414158365,2.785117238494627,-0.004074484285165433,0.03775222939453277
4.548909781956391,PASSED,-0.29000134700137337,0.0007456999499112763,-0.0071798569079956935,2.785113183334733,-0.0040360638165964115,0.038865961352012694
4.549909981996399,PASSED,-0.2900006049731203,0.0007383982022536917,-0.00738300815731068,2.785109167146408,-0.00399653821179131,0.03996536710715978
4.550910182036407,PASSED,-0.2899998703471033,0.0007308949241118216,-0.007583458131576285,2.7851051910274944,-0.0039559219905116235,0.04105012406137006
4.551910382076415,PASSED,-0.28999914332348037,0.0007231928491101751,-0.007781152915026679,2.7851012560611728,-0.003914229968447284,0.04211995406631849
4.552910582116423,PASSED,-0.2899984240996498,0.0007152947639324542,-0.00797604001951706,2.7850973633156877,-0.0038714772094832566,0.0431746288958335
4.553910782156431,PASSED,-0.2899977128701982,0.0007072035055584521,-0.008168070610325446,2.78509351384406,-0.003827679077353188,0.04421380095289145
4.554910982196439,PASSED,-0.2899970098268497,0.0006989219615659679,-0.008357192913923372,2.785089708683821,-0.003782851207199273,0.0452372496212644
4.555911182236447,PASSED,-0.2899963151584162,0.0006904530694739054,-0.008543358210822053,2.785085948856725,-0.0037370095062488583,0.04624466850318229
4.556911382276455,PASSED,-0.28999562905074794,0.0006817998148364571,-0.00872651892186584,2.785082235368503,-0.0036901701291634065,0.04723584947363116
4.557911582316463,PASSED,-0.28999495168668626,0.00067296523077528,-0.008906627487384505,2.7850785692085935,-0.0036423494921649993,0.048210495348258504
4.558911782356471,PASSED,-0.2899942832460164,0.0006639523963809563,-0.009083638998949971,2.785074951349889,-0.0035935642787884355,0.049168358728767535
4.559911982396479,PASSED,-0.2899936239054214,0.0006547644366203799,-0.00925750693499414,2.7850713827485,-0.0035438313833717036,0.050109253208708064
4.560912182436487,PASSED,-0.28999297383843753,0.0006454045207534877,-0.009428188488157475,2.7850678643434907,-0.003493167972235833,0.05103284975397983
4.561912382476495,PASSED,-0.28999233321541085,0.0006358758604644826,-0.009595641489570175,2.7850643970566655,-0.0034415914371195466,0.05193899202449058
4.562912582516503,PASSED,-0.28999170220345355,0.0006261817110291957,-0.009759821399098045,2.7850609817923178,-0.0033891193867527656,0.05282742259497438
4.563912782556511,PASSED,-0.2899910809664034,0.0006163253676164429,-0.009920691421855851,2.785057619437025,-0.0033357696544178586,0.053697938828195305
4.564912982596519,PASSED,-0.28999046966478215,0.0006063101659181332,-0.01007820854927887,2.785054310859411,-0.0032815603053350894,0.054550289252485416
4.565913182636527,PASSED,-0.2899898684557569,0.000596139480687178,-0.010232336352072715,2.785051056909939,-0.003226509609716632,0.055384299862438965
4.566913382676535,PASSED,-0.28998927749310105,0.0005858167245357046,-0.010383036017740417,2.7850478584207106,-0.0031706360213148415,0.05619978076135788
4.567913582716543,PASSED,-0.28998869692715745,0.0005753453462462125,-0.010530273137326645,2.7850447162052574,-0.0031139582118092147,0.05699649533513934
4.568913782756551,PASSED,-0.28998812690480197,0.0005647288307603843,-0.010674010384829027,2.785041631058342,-0.0030564950597241343,0.05777425658504093
4.569913982796559,PASSED,-0.2899875675694085,0.0005539706979665014,-0.010814214399918708,2.785038603755781,-0.0029982655928477643,0.05853294040392203
4.570914182836567,PASSED,-0.28998701906081525,0.000543074499681395,-0.010950854208565083,2.785035635054248,-0.0029392890409120328,0.059272292956937804
4.571914382876575,PASSED,-0.2899864815152915,0.0005320438211514463,-0.011083894744204402,2.7850327256911016,-0.0028795848249266722,0.05999216467097557
4.572914582916583,PASSED,-0.28998595506550634,0.0005208822787129037,-0.011213307568101233,2.7850298763842205,-0.0028191724945482166,0.06069244085010928
4.573914782956591,PASSED,-0.2899854398404981,0.0005095935177567645,-0.011339063214831255,2.785027087831828,-0.002758071783281443,0.061372891544549564
4.574914982996599,PASSED,-0.28998493596564484,0.0004981812129230343,-0.011461132579662886,2.7850243607123466,-0.002696302583720267,0.06203340490559404
4.575915183036607,PASSED,-0.2899844435626363,0.0004866490669578369,-0.011579488222220482,2.7850216956842244,-0.0026338849417756618,0.06267379997061147
4.576915383076615,PASSED,-0.28998396274944693,0.00047500080834329356,-0.011694105542758633,2.785019093385815,-0.0025708390187852244,0.06329400500365472
4.577915583116623,PASSED,-0.28998349364030995,0.0004632401906195196,-0.011804959177784145,2.7850165544352152,-0.002507185138186124,0.06389379766273087
4.578915783156631,PASSED,-0.28998303634569267,0.00045137099234189755,-0.011912024344180618,2.785014079430152,-0.002442943748677242,0.06447311740631573
4.579915983196639,PASSED,-0.2899825909722731,0.00043939701423160137,-0.012015280621039917,2.785011668947838,-0.002378135412797348,0.06503181486227978
4.580916183236647,PASSED,-0.2899821576229176,0.0004273220788013425,-0.01211470530307148,2.7850093235448585,-0.002312780826647345,0.06556976700848412
4.581916383276655,PASSED,-0.2899817363966598,0.0004151500294301213,-0.012210278749987645,2.7850070437570613,-0.0022469007794236277,0.06608690070053944
4.582916583316663,PASSED,-0.2899813273886806,0.0004028847283656493,-0.012301982607461525,2.785004830099446,-0.0021805161690821393,0.06658308343545476
4.583916783356671,PASSED,-0.28998093069028946,0.0003905300562067985,-0.012389798526443688,2.7850026830660553,-0.0021136480122348933,0.06705820578844021
4.584916983396679,PASSED,-0.2899805463889071,0.0003780899105538254,-0.012473710403992696,2.7850006031298893,-0.002046317393413603,0.0675122275098565
4.585917183436687,PASSED,-0.2899801745680487,0.0003655682046560677,-0.012553702893601014,2.7849985907428234,-0.0019785454690432087,0.06794505561075273
4.586917383476695,PASSED,-0.2899798153073094,0.00035296886612596966,-0.012629762287762693,2.7849966463355083,-0.0019103535173341864,0.06835654910786869
4.587917583516703,PASSED,-0.2899794686823496,0.00034029583639171783,-0.012701874698577961,2.7849947703173066,-0.0018417628698379927,0.06874671308841049
4.588917783556711,PASSED,-0.28997913476488324,0.00032755306826858156,-0.012770030406175074,2.784992963076221,-0.001772794897948676,0.06911547775658718
4.589917983596719,PASSED,-0.28997881362266537,0.00031474452578890606,-0.012834217195342465,2.784991224978842,-0.0017034710515001893,0.06946275890975286
4.590918183636727,PASSED,-0.28997850531948227,0.00030187418324659573,-0.01289442610695559,2.784989556370276,-0.001633812854864858,0.06978848845238345
4.591918383676735,PASSED,-0.28997820991514234,0.00028894602256690385,-0.012950650394849347,2.7849879575741046,-0.0015638418482056746,0.07009268546371694
4.592918583716743,PASSED,-0.28997792746546813,0.00027596403327527264,-0.013002881889485684,2.784986428892343,-0.0014935796069733254,0.07037527841143722
4.5939187837567514,PASSED,-0.2899776580222897,0.00026293221139032355,-0.013051115215258001,2.7849849706054033,-0.0014230477643643478,0.07063621874067115
4.5949189837967594,PASSED,-0.2899774016334391,0.0002498545572773378,-0.013095346711470961,2.78498358297206,-0.0013522679749296829,0.07087550323066087
4.5959191838367675,PASSED,-0.28997715834274607,0.00023673507506997594,-0.013135572537955794,2.784982266229435,-0.0012812618905070911,0.07109313855054565
4.5969193838767755,PASSED,-0.2899769281900351,0.00022357777157432275,-0.013171790800784806,2.784981020592973,-0.001210051198536389,0.0712890609174733
4.5979195839167835,PASSED,-0.28997671121112334,0.0002103866549263486,-0.013204000546100386,2.7849798462564404,-0.0011386575885964523,0.07146330928824539
4.5989197839567915,PASSED,-0.2899765074378199,0.00019716573327541151,-0.013232202387494878,2.784978743391911,-0.0010671027449425433,0.07161586656435145
4.5999199839967995,PASSED,-0.2899763168979267,0.00018391901324667234,-0.013256398456235382,2.7849777121497743,-0.0009954083564378334,0.07174673646494914
4.6009201840368075,PASSED,-0.2899761396152397,0.000170650499899261,-0.01327658994152859,2.784976752658751,-0.0009235960816254917,0.07185596704393693
4.6019203840768155,PASSED,-0.2899759756095522,0.00015736419462291293,-0.013292782166227786,2.7849758650258973,-0.0008516875764000023,0.0719435306798576
4.6029205841168235,PASSED,-0.2899758248966585,0.0001440640934303718,-0.013304980543416658,2.784975049336631,-0.0007797044763592887,0.07200947961461772
4.6039207841568315,PASSED,-0.2899756874883595,0.00013075418742135785,-0.013313189652745461,2.7849743056547704,-0.0007076683493683781,0.072053891908439
4.6049209841968395,PASSED,-0.289975563392469,0.00011743846051288287,-0.01331741841229468,2.784973634022543,-0.0006356007794176878,0.07207668864552476
4.6059211842368475,PASSED,-0.2899754526128211,0.0001041208879584077,-0.01331767531592882,2.784973034460655,-0.0005635232743164042,0.07207804940512275
4.6069213842768555,PASSED,-0.28997535514927925,9.080543602378746e-05,-0.013313969680414496,2.784972506968327,-0.000491457266958941,0.07205797932569019
4.6079215843168635,PASSED,-0.28997527099774595,7.74960608738311e-05,-0.013306312129650933,2.7849720515233503,-0.00041942418160234276,0.07201648937720366
4.6089217843568715,PASSED,-0.2899752001501739,6.419670613248773e-05,-0.013294716482471637,2.784971668082128,-0.00034744538491663946,0.07195366822470312
4.6099219843968795,PASSED,-0.28997514259457824,5.091130314302167e-05,-0.01327919399412901,2.7849713565797756,-0.0002755421047246499,0.0718696881701806
4.6109221844368875,PASSED,-0.2899750983150498,3.764376976354041e-05,-0.013259759636382769,2.7849711169301674,-0.00020373554337866707,0.07176447679651765
4.6119223844768955,PASSED,-0.28997506729176964,2.4398007942016784e-05,-0.01323642994495087,2.7849709490260177,-0.0001320468593834236,0.07163815546106066
4.6129225845169035,PASSED,-0.28997504950102465,1.1177904002544442e-05,-0.013209219935819987,2.7849708527389816,-6.0497033994755856e-05,0.07149093867373915
4.6139227845569115,PASSED,-0.28997504491522436,-2.0126729877625204e-06,-0.013178148359964947,2.7849708279197194,1.0892989245803424e-05,0.07132274628510603
4.6149229845969195,PASSED,-0.28997505350291863,-1.516987293781214e-05,-0.0131432343434394,2.784970874398025,8.210235895729284e-05,0.07113378532907835
4.6159231846369275,PASSED,-0.28997507522881666,-2.8289864551385028e-05,-0.01310449646032855,2.7849709919828913,0.00015311035208037094,0.07092413165241124
4.6169233846769355,PASSED,-0.28997511005380716,-4.136883704986079e-05,-0.013061956523907224,2.784971180462653,0.00022389636281182674,0.07069393011748551
4.6179235847169435,PASSED,-0.2899751579349792,-5.440300233863396e-05,-0.013015637798683798,2.78497143960508,0.00029443988204764214,0.07044324531470195
4.6189237847569515,PASSED,-0.2899752188256447,-6.738859438879296e-05,-0.01296556155114248,2.7849717691575053,0.0003647205247223491,0.07017224091471021
4.6199239847969595,PASSED,-0.2899752926753615,-8.032187022911031e-05,-0.012911752033100622,2.7849721688469464,0.0004347180517954627,0.06988105117871585
4.6209241848369675,PASSED,-0.2899753794299578,-9.319911313690658e-05,-0.012854236824260023,2.7849726383802444,0.0005044123508982891,0.06956979771890029
4.6219243848769755,PASSED,-0.28997547903155735,-0.00010601663143230413,-0.012793039276155903,2.7849731774441957,0.0005737834422540973,0.06923862044708014
4.6229245849169835,PASSED,-0.2899755914186063,-0.0001187707607359918,-0.012728189322042152,2.7849737857056898,0.0006428114921240842,0.06888766948525801
4.6239247849569916,PASSED,-0.2899757165259,-0.00013145786433794104,-0.012659713121887283,2.7849744628118716,0.000711476833852496,0.06851712322384765
4.6249249849969996,PASSED,-0.289975854284612,-0.00014407433446074036,-0.012587641456740689,2.7849752083902817,0.0007797599423022174,0.06812709860030385
4.625925185037008,PASSED,-0.2899760046223234,-0.00015661659398345134,-0.012512004900024465,2.7849760220490243,0.0008476414521735004,0.06771778405193579
4.626925385077016,PASSED,-0.28997616746305327,-0.00016908109588159085,-0.012432833230216206,2.7849769033769283,0.0009151021820219793,0.06728936037950779
4.627925585117024,PASSED,-0.28997634272728967,-0.00018146432499950875,-0.012350159709719035,2.78497785194372,0.0009821231149609617,0.06684198131196553
4.628925785157032,PASSED,-0.2899765303320229,-0.00019376280028910343,-0.012264019009511769,2.7849788673001936,0.0010486853966243344,0.0663758152309778
4.62992598519704,PASSED,-0.28997673019077824,-0.00020597307352306616,-0.012174442716930042,2.7849799489783975,0.0011147703790336733,0.06589109386157965
4.630926185237048,PASSED,-0.2899769422136505,-0.00021809173096829873,-0.012081467264100875,2.784981096491813,0.0011803595938919423,0.0653879621893952
4.631926385277056,PASSED,-0.2899771663073393,-0.0002301153957463919,-0.011985129787421375,2.784982309335553,0.0012454347579560633,0.06486663198060459
4.632926585317064,PASSED,-0.28997740237518504,-0.0002420407270282659,-0.011885465611509103,2.7849835869865536,0.0013099778023595,0.06432731935199121
4.633926785357072,PASSED,-0.28997765031720635,-0.0002538644209012765,-0.011782512714011645,2.7849849289037727,0.001373970847013246,0.06377019485491578
4.63492698539708,PASSED,-0.28997791003013784,-0.0002655832132951956,-0.01167631218052404,2.7849863345284014,0.0014373962239084298,0.06319549825536266
4.635927185437088,PASSED,-0.28997818140746895,-0.00027719387828349174,-0.011566900193477557,2.7849878032840687,0.0015002364846124327,0.06260343566976292
4.636927385477096,PASSED,-0.28997846433948354,-0.0002886932299532165,-0.011454319320556168,2.7849893345770567,0.001562474382716007,0.0619942063927814
4.637927585517104,PASSED,-0.2899787587133011,-0.000300078125071239,-0.011338612316333362,2.7849909277965206,0.0016240929036970696,0.0613680640399165
4.638927785557112,PASSED,-0.28997906441291743,-0.0003113454605532992,-0.011219817592544784,2.7849925823147164,0.001685075268753881,0.06072523240140776
4.63992798559712,PASSED,-0.28997938131924744,-0.00032249217599182334,-0.011097980669177016,2.7849942974872253,0.0017454049102185159,0.060065914173452827
4.640928185637128,PASSED,-0.2899797093101678,-0.0003335152558464002,-0.01097314597817678,2.7849960726531933,0.001805065508721324,0.059390388055711604
4.641928385677136,PASSED,-0.2899800482605612,-0.0003444117278449752,-0.010845356012173842,2.784997907135553,0.001864040975560388,0.058698852694632306
4.642928585717144,PASSED,-0.28998039804236075,-0.00035517866453193707,-0.010714657136820634,2.784999800241287,0.001922315478632718,0.057991603324128435
4.643928785757152,PASSED,-0.28998075852459526,-0.0003658131846538258,-0.010581095445267459,2.7850017512616487,0.001979873414288623,0.057268823877089224
4.64492898579716,PASSED,-0.28998112957343597,-0.0003763124539931909,-0.010444718602096881,2.7850037594724406,0.0020366994541860706,0.05653085057768658
4.645929185837168,PASSED,-0.2899815110522427,-0.0003866736845083824,-0.010305571790587853,2.785005824134237,0.002092778503840635,0.055777849039149466
4.646929385877176,PASSED,-0.28998190282161207,-0.0003968941367435399,-0.010163705864870561,2.785007944492669,0.0021480957378954032,0.05501015739851384
4.647929585917184,PASSED,-0.28998230473942543,-0.0004069711202372452,-0.01001916857959511,2.785010119778668,0.0022026366018400773,0.05422800164211433
4.648929785957192,PASSED,-0.28998271666089825,-0.0004169019931933658,-0.009872009207137614,2.785012349208735,0.0022563867856863233,0.05343163864900077
4.6499299859972,PASSED,-0.2899831384386295,-0.00042668416399808647,-0.009722278536442724,2.7850146319852147,0.002309332274392127,0.05262138874367249
4.650930186037208,PASSED,-0.28998356992265195,-0.00043631509227779223,-0.009570028108547788,2.785016967296563,0.002361459322357526,0.051797487446549745
4.651930386077216,PASSED,-0.28998401096048343,-0.0004457922883483384,-0.00941530804521172,2.7850193543176247,0.002412754443226538,0.05096020981732095
4.652930586117224,PASSED,-0.2899844613971781,-0.000455113314143383,-0.009258170961599822,2.7850217922099056,0.0024632044406584386,0.050109855841620775
4.653930786157232,PASSED,-0.289984921075379,-0.00046427578515520804,-0.009098671045308425,2.785024280121867,0.0025127964219688707,0.04924673162297254
4.65493098619724,PASSED,-0.28998538983537053,-0.0004732773693217108,-0.008936859580632305,2.7850268171892063,0.00256151776410763,0.04837108248261749
4.655931186237248,PASSED,-0.28998586751513206,-0.00048211578779415237,-0.008772791066981207,2.7850294025351383,0.002609356116412967,0.04748319885381612
4.656931386277256,PASSED,-0.28998635395039146,-0.0004907888164807226,-0.00860652043296275,2.7850320352706923,0.0026562994469031564,0.04658341824777186
4.657931586317264,PASSED,-0.28998684897468013,-0.0004992942864914327,-0.00843810306254167,2.7850347144950156,0.0027023360336301473,0.045672032379803794
4.658931786357272,PASSED,-0.2899873524193875,-0.0005076300830166641,-0.008267592167024435,2.7850374392956545,0.002747454409643888,0.044749271769698507
4.65993198639728,PASSED,-0.2899878641138165,-0.0005157941470600723,-0.008095045294330819,2.7850402087488653,0.0027916434306786615,0.04381552054482384
4.660932186437288,PASSED,-0.2899883838852399,-0.0005237844773153167,-0.007920520229186842,2.7850430219199085,0.002834892271582785,0.04287105447698992
4.661932386477296,PASSED,-0.28998891155895634,-0.0005315991278280333,-0.007744070701736441,2.7850458778633684,0.002877190398253153,0.041916174799287303
4.662932586517304,PASSED,-0.2899894469583474,-0.000539236208999043,-0.007565754817191919,2.785048775623443,0.002918527575318142,0.040951178575456174
4.663932786557312,PASSED,-0.2899899899049347,-0.0005466938905758498,-0.007385632749883316,2.7850517142342692,0.002958893901908133,0.039976425266347766
4.66493298659732,PASSED,-0.2899905402184379,-0.0005539703996555045,-0.007203759966168936,2.785054692720223,0.0029982797778644516,0.03899217641629915
4.665933186637328,PASSED,-0.2899910977168326,-0.0005610640205608082,-0.007020194864726652,2.785057710096241,0.003036675907538231,0.03799876517876633
4.666933386677336,PASSED,-0.2899916622164087,-0.0005679730971192495,-0.006834997687584296,2.7850607653681356,0.003074073338085297,0.036996540792598905
4.667933586717344,PASSED,-0.28999223353182957,-0.000574696032591967,-0.006648227329472879,2.785063857532909,0.003110463416989908,0.03598577097928606
4.668933786757352,PASSED,-0.28999281147619094,-0.0005812312886935818,-0.006459941949709422,2.7850669855790793,0.0031458378107483962,0.034966808944622986
4.66993398679736,PASSED,-0.28999339586108036,-0.0005875773867266648,-0.006270202088665538,2.785070148487,0.0031801885284816044,0.033939990258931844
4.670934186837368,PASSED,-0.28999398649663727,-0.0005937329092631768,-0.006079069501743066,2.7850733452291783,0.0032135078795357676,0.03290559158431738
4.671934386877376,PASSED,-0.28999458319161275,-0.0005996964977178968,-0.005886601090037921,2.7850765747706068,0.0032457885079243214,0.031863986258044416
4.672934586917384,PASSED,-0.2899951857534302,-0.0006054668540259414,-0.00569285978671566,2.785079836069097,0.003277023409695049,0.030815512112516492
4.673934786957392,PASSED,-0.28999579398824543,-0.0006110427418540327,-0.005497906522341893,2.7850831280755814,0.003307205856163175,0.029760402705199685
4.6749349869974,PASSED,-0.2899964077010081,-0.0006164229851061013,-0.005301801071886352,2.78508644973447,0.0033363294842893953,0.02869911174023321
4.675935187037408,PASSED,-0.28999702669552213,-0.000621606468174998,-0.005104604400237033,2.7850897999839694,0.003364388286772533,0.02763192964507378
4.676935387077416,PASSED,-0.28999765077450723,-0.0006265921379953814,-0.0049063801004809796,2.785093177756409,0.003391376522354359,0.02655910620632725
4.677935587117424,PASSED,-0.2899982797396603,-0.0006313790026525451,-0.004707187694952088,2.7850965819785793,0.0034172888138240963,0.025481081645343864
4.678935787157432,PASSED,-0.289998913391717,-0.0006359661310287168,-0.004507088830318187,2.7851000115720668,0.0034421201554338757,0.024398181586069743
4.67993598719744,PASSED,-0.28999955153051293,-0.00064035265416849,-0.004306146012743072,2.7851034654535773,0.0034658658114590413,0.023310638984562426
4.680936187237448,PASSED,-0.29000019395504606,-0.0006445377656185467,-0.00410442174159911,2.785106942535286,0.0034885214112339077,0.0222189069684021
4.681936387277456,PASSED,-0.2900008404635383,-0.0006485207201870441,-0.0039019764530962573,2.7851104417251586,0.0035100829382332466,0.021123273686630036
4.682936587317464,PASSED,-0.29000149085349736,-0.0006523008343196793,-0.0036988725856610368,2.7851139619272898,0.0035305466682070707,0.020024034165287342
4.683936787357472,PASSED,-0.2900021449217789,-0.0006558774871202424,-0.0034951729438311044,2.785117502042243,0.003549909238101569,0.018921593713971625
4.68493698739748,PASSED,-0.29000280246464866,-0.0006592501202741613,-0.0032909399606441485,2.78512106096738,0.0035681676306294863,0.017816258403882176
4.685937187437488,PASSED,-0.2900034632778443,-0.0006624182359868832,-0.0030862328807737503,2.7851246375972116,0.0035853191507080693,0.016708361195050352
4.686937387477496,PASSED,-0.2900041271566377,-0.0006653813994846914,-0.002881117242497782,2.785128230823701,0.003601361411672077,0.015598194143312675
4.687937587517504,PASSED,-0.2900047938958968,-0.0006681392387724679,-0.0026756539846289713,2.785131839536645,0.0036162924286811315,0.014486232252882189
4.688937787557512,PASSED,-0.2900054632901479,-0.0006706914424037059,-0.0024699033956439636,2.7851354626239675,0.0036301105042809436,0.013372637831099122
4.68993798759752,PASSED,-0.2900061351336375,-0.0006730377614036752,-0.002263929402852943,2.7851390989720786,0.0036428142550352914,0.012257826036513509
4.690938187637528,PASSED,-0.29000680922039396,-0.0006751780094057455,-0.0020577937348820125,2.7851427474662103,0.0036544027095759364,0.011142206876733146
4.691938387677536,PASSED,-0.29000748534428994,-0.00067711206109288,-0.001851556988636275,2.785146406990734,0.0036648751684773447,0.010025960251191377
4.692938587717544,PASSED,-0.2900081632991034,-0.000678839852442313,-0.0016452809232975264,2.7851500764295127,0.0036742312602184644,0.008909512734404655
4.693938787757552,PASSED,-0.2900088428785797,-0.000680361381928671,-0.0014390285283982643,2.7851537546662217,0.0036824709980102853,0.007793221163432045
4.69493898779756,PASSED,-0.2900095238764929,-0.0006816767091313372,-0.001232859652178223,2.7851574405846917,0.003689594696365699,0.0066773498167357415
4.695939187837568,PASSED,-0.2900102060867068,-0.0006827859537871102,-0.0010268346581695034,2.785161133069227,0.003695602974611695,0.005562230532168864
4.696939387877576,PASSED,-0.2900108893032365,-0.0006836892981330052,-0.0008210174710453434,2.7851648310049555,0.003700496840013296,0.00444828864788898
4.697939587917584,PASSED,-0.29001157332030886,-0.0006843869847051743,-0.0006154659729183462,2.7851685332781355,0.0037042775942657297,0.0033357313221294284
4.698939787957592,PASSED,-0.2900122579324236,-0.0006848793158704303,-0.000410241293480939,2.785172238776505,0.003706946855182227,0.002224947312743315
4.6999399879976,PASSED,-0.29001294293441343,-0.000685166655320184,-0.00020540488726897337,2.7851759463895895,0.0037085065938587025,0.0011162662522963584
4.700940188037608,PASSED,-0.2900136281215044,-0.0006852494264552694,-1.015300296257093e-06,2.785179655009049,0.0037089591073105606,1.0011584899507975e-05
4.701940388077616,PASSED,-0.29001431328937594,-0.000685128112475781,0.00020286683267811258,2.785183363528988,0.003708306996463653,-0.0010935258014461765
4.702940588117624,PASSED,-0.2900149982342204,-0.0006848032561720112,0.00040618261783090893,2.7851870708462774,0.003706553180902298,-0.0021940087346277106
4.703940788157632,PASSED,-0.2900156827528025,-0.0006842754595825173,0.000608872570602642,2.785190775860882,0.0037037009286257886,-0.003291081304431039
4.70494098819764,PASSED,-0.29001636664251823,-0.000683545383228348,0.000810878876546929,2.785194477476185,0.0036997538201247954,-0.004384459965368161
4.705941188237648,PASSED,-0.29001704970145387,-0.0006826137468230376,0.0010121414244857946,2.785198174599291,0.0036947157188628793,-0.0054738621262816044
4.706941388277656,PASSED,-0.2900177317284439,-0.0006814813280404277,0.001212603688026065,2.7852018661413616,0.0036885908494281856,-0.00655887430696921
4.707941588317664,PASSED,-0.2900184125231295,-0.000680148961957135,0.0014122076801369276,2.7852055510179015,0.003681383718220551,-0.007639302474744565
4.708941788357672,PASSED,-0.29001909188601577,-0.0006786175415905857,0.0016108954908241999,2.7852092281491045,0.0036730991524992415,-0.008714741219019797
4.70994198839768,PASSED,-0.29001976961852916,-0.0006768880168018857,0.001808610987284044,2.785212896460133,0.0036637422943719914,-0.009784936066070152
4.710942188437688,PASSED,-0.29002044552307427,-0.0006749613940328864,0.0020052972901426856,2.785216554881445,0.0036533185791238682,-0.010849568036159359
4.711942388477696,PASSED,-0.29002111940308994,-0.0006728387356219864,0.002200899158071337,2.7852202023490924,0.0036418337599484533,-0.0119083199349178
4.712942588517704,PASSED,-0.29002179106310566,-0.0006705211601690049,0.0023953596495883606,2.7852238378050256,0.0036292938864876047,-0.012960909144802546
4.713942788557712,PASSED,-0.29002246030879647,-0.0006680098409795614,0.0025886255493469943,2.785227460197379,0.003615705283360043,-0.014007065782733807
4.71494298859772,PASSED,-0.29002312694703847,-0.0006653060061605609,0.0027806409987693524,2.7852310684808024,0.003601074623934262,-0.015046388521146977
4.715943188637728,PASSED,-0.290023790785963,-0.0006624109386247334,0.0029713518938663938,2.7852346616167187,0.0035854088369942946,-0.01607871921918162
4.716943388677736,PASSED,-0.29002445163501056,-0.0006593259741158056,0.003160706252302029,2.78523823857364,0.0035687151277700086,-0.01710370256102186
4.717943588717744,PASSED,-0.29002510930498443,-0.000656052502087838,0.003348649211744683,2.7852417983274473,0.0035510010361936616,-0.018121017586563606
4.718943788757752,PASSED,-0.29002576360810367,-0.0006525919647044704,0.0035351294977828563,2.785245339861687,0.0035322743719644325,-0.019130428657672758
4.71994398879776,PASSED,-0.2900264143580552,-0.0006489458561751232,0.0037200945503901854,2.785248862167834,0.003512543182015258,-0.020131697476842996
4.720944188837768,PASSED,-0.29002706137004575,-0.0006451157217924696,0.0039034942708291473,2.785252364245595,0.0034918158478314727,-0.021124425321747048
4.721944388877776,PASSED,-0.2900277044608531,-0.0006411031581728554,0.004085276518804133,2.785255845103174,0.0034701010279317465,-0.022108416285045562
4.722944588917784,PASSED,-0.2900283434488767,-0.000636909812582639,0.004265391637824544,2.7852593037575444,0.003447407593558454,-0.02308344643212417
4.723944788957792,PASSED,-0.29002897815418766,-0.0006325373813285164,0.0044437909983214355,2.7852627392347302,0.00342374474140803,-0.02404912262929132
4.7249449889978,PASSED,-0.2900296083985782,-0.0006279876099065482,0.004620425037732575,2.785266150570059,0.003399121926708724,-0.025005276079315675
4.725945189037808,PASSED,-0.2900302340056103,-0.0006232622924522048,0.004795245732083893,2.785269536808448,0.003373548849584034,-0.02595161115493921
4.726945389077816,PASSED,-0.2900308548006638,-0.0006183632712438201,0.004968204859251986,2.7852728970046328,0.0033470354605046582,-0.026887907695666645
4.727945589117824,PASSED,-0.2900314706109841,-0.0006132924349975002,0.0051392571710317525,2.7852762302234555,0.0033195919992164654,-0.027813830349877635
4.728945789157832,PASSED,-0.29003208126572866,-0.0006080517190800327,0.005308355081758151,2.7852795355401008,0.0032912289435335757,-0.02872920590489844
4.72994598919784,PASSED,-0.29003268659601306,-0.0006026431048668141,0.005475453634192289,2.785282812040346,0.0032619569870136643,-0.0296337902632537
4.730946189237848,PASSED,-0.2900332864349568,-0.0005970686186927824,0.005640507867257811,2.78528605882082,0.0032317871199512645,-0.030527251595164173
4.731946389277856,PASSED,-0.29003388061772745,-0.000591330330781261,0.0058034746076971785,2.7852892749892244,0.003200730542321439,-0.031409461652931986
4.732946589317864,PASSED,-0.29003446898158514,-0.0005854303556474028,0.005964308817965728,2.7852924596645927,0.003168798680553676,-0.03228012851098376
4.733946789357872,PASSED,-0.2900350513659254,-0.000579370850352051,0.00612296961360912,2.7852956119775083,0.0031360032219099263,-0.03313901206559394
4.73494698939788,PASSED,-0.2900356276123217,-0.0005731540135992162,0.006279414845651909,2.7852987310703456,0.003102356068357487,-0.03398591454366931
4.735947189437888,PASSED,-0.29003619756456767,-0.0005667820866647671,0.006433601660313935,2.7853018160974883,0.0030678693307213028,-0.034820619697860766
4.736947389477896,PASSED,-0.2900367610687173,-0.0005602573503085187,0.006585492820204644,2.7853048662255593,0.0030325553700006557,-0.0356428547358381
4.737947589517904,PASSED,-0.2900373179731257,-0.0005535821251415845,0.006735046731420545,2.785307880633626,0.002996426738035379,-0.03645248345156911
4.738947789557912,PASSED,-0.29003786812848836,-0.0005467587716671238,0.006882224636487617,2.7853108585134336,0.002959496209698529,-0.037249224927036965
4.73994798959792,PASSED,-0.2900384113878798,-0.0005397896880596197,0.007026989588181717,2.7853137990695926,0.002921776766166665,-0.03803292260174859
4.740948189637928,PASSED,-0.2900389476067913,-0.000532677309475775,0.007169304580953312,2.7853167015197955,0.002883281578767284,-0.038803363931136446
4.741948389677936,PASSED,-0.29003947664316787,-0.0005254241083072612,0.00730913222688744,2.785319565095021,0.002844024046066828,-0.03956031188000244
4.742948589717944,PASSED,-0.2900399983574448,-0.0005180325930525444,0.0074464372732697725,2.785322389039715,0.00280401772758831,-0.040303656210861086
4.743948789757952,PASSED,-0.2900405126125826,-0.0005105053061324763,0.0075811866846002725,2.785325172612,0.0027632763849632213,-0.04103313356790762
4.74494898979796,PASSED,-0.29004101927410153,-0.0005028448242452014,0.007713345355724685,2.78532791508385,0.0027218139815502647,-0.04174858330965587
4.745949189837968,PASSED,-0.29004151821011565,-0.0004950537586103216,0.007842879154316456,2.785330615741274,0.0026796446290093473,-0.0424498653617586
4.746949389877976,PASSED,-0.29004200929136514,-0.00048713475097844785,0.007969759950245273,2.785333273884503,0.002636782638947418,-0.04313673986204374
4.747949589917984,PASSED,-0.29004249239124874,-0.00047909047561012837,0.00809395231370235,2.7853358888281488,0.002593242485596879,-0.04380909567620255
4.748949789957992,PASSED,-0.29004296738585444,-0.0004709236382389159,0.008215427409552521,2.785338459901386,0.0025490388057695028,-0.04446673592815849
4.749949989998,PASSED,-0.2900434341539897,-0.0004626369721298947,0.008334158575333596,2.785340986448106,0.0025041864029379753,-0.04510951410044005
4.750950190038008,PASSED,-0.2900438925772111,-0.0004542332412247107,0.00845011245841767,2.7853434678270763,0.002458700229565003,-0.045737279554659845
4.751950390078016,PASSED,-0.2900443425398524,-0.0004457152374919347,0.008563264582348178,2.7853459034121077,0.002412595409741035,-0.04634984667017378
4.752950590118024,PASSED,-0.2900447839290523,-0.00043708577872397233,0.008673588225038565,2.785348292592182,0.0023658871843316594,-0.046947144568843115
4.753950790158032,PASSED,-0.29004521663478094,-0.00042834770953737724,0.008781056494299439,2.7853506347716186,0.002318590957947215,-0.04752894759484468
4.75495099019804,PASSED,-0.2900456405498657,-0.00041950390045941834,0.008885644133731805,2.7853529293701937,0.002270722269518125,-0.04809518231858699
4.755951190238048,PASSED,-0.2900460555700159,-0.00041055724541470373,0.008987328985369775,2.7853551758232897,0.0022222967775628755,-0.04864569837969081
4.756951390278056,PASSED,-0.29004646159384684,-0.0004015106617242213,0.009086086827224261,2.785357373582012,0.0021733302748567353,-0.04918037225710648
4.757951590318064,PASSED,-0.2900468585229026,-0.0003923670902779255,0.009181894525676828,2.7853595221133247,0.0021238386840436406,-0.04969906985042036
4.758951790358072,PASSED,-0.29004724626167794,-0.00038312949247650766,0.00927473331857853,2.7853616209001713,0.0020738380456067737,-0.05020168416116415
4.75995199039808,PASSED,-0.29004762471764006,-0.00037380085054051235,0.009364581014273154,2.7853636694415727,0.002023344482451695,-0.05068814915102087
4.760952190438088,PASSED,-0.29004799380124785,-0.00036438416679394474,0.009451418901430525,2.785365667252754,0.0019723742569968303,-0.051158276324094094
4.761952390478096,PASSED,-0.29004835342597174,-0.0003548824620318301,0.009535228669237365,2.7853676138652395,0.0019209437318804506,-0.05161202431123681
4.762952590518104,PASSED,-0.29004870350831174,-0.00034529877465449464,0.009615993182734211,2.785369508826949,0.001869069331523534,-0.052049317720703175
4.763952790558112,PASSED,-0.29004904396781483,-0.0003356361603699076,0.009693695019155573,2.7853713517023078,0.0018167676211097719,-0.05246997220913472
4.76495299059812,PASSED,-0.29004937472709125,-0.00032589769047194954,0.009768319817159754,2.785373142072315,0.001764055223173723,-0.0528740150873251
4.765953190638128,PASSED,-0.2900496957118301,-0.00031608645140915667,0.009839851893214903,2.7853748795346407,0.0017109488251891608,-0.05326131991605406
4.766953390678136,PASSED,-0.29005000685081356,-0.00030620554312558665,0.009908279210473374,2.7853765637036956,0.0016574652288225693,-0.05363178066695001
4.767953590718144,PASSED,-0.29005030807593063,-0.0002962580791858757,0.009973587092535874,2.785378194210715,0.0016036212960189628,-0.05398536756137754
4.768953790758152,PASSED,-0.29005059932218974,-0.0002862471854689187,0.010035764799904447,2.785379770703817,0.0015494339249984036,-0.054322039993347025
4.76995399079816,PASSED,-0.29005088052772987,-0.00027617599769225724,0.010094803094499479,2.785381292848071,0.0014949201065825248,-0.05464167069756675
4.770954190838168,PASSED,-0.2900511516338318,-0.00026604766285795575,0.010150689327502899,2.7853827603255494,0.0014400968817100542,-0.05494426098907313
4.771954390878176,PASSED,-0.2900514125849274,-0.0002558653373939242,0.010203416221717363,2.7853841728353896,0.0013849813249976115,-0.05522975386135601
4.772954590918184,PASSED,-0.2900516633286085,-0.0002456321847264553,0.010252976964636536,2.785385530093828,0.001329590562856474,-0.055498100994325
4.773954790958192,PASSED,-0.29005190381563434,-0.00023535137609395163,0.010299363077748412,2.785386831834263,0.0012739417878375307,-0.05574922436868861
4.7749549909982,PASSED,-0.29005213399993895,-0.00022502609006779502,0.010342567991762034,2.7853880778072666,0.0012180521827444455,-0.055983192242682764
4.775955191038208,PASSED,-0.2900523538386364,-0.000214659509197912,0.010382589455296977,2.7853892677806305,0.0011619389692398598,-0.056199894345854484
4.776955391078216,PASSED,-0.29005256329202606,-0.00020425482054944836,0.0104194214439081,2.7853904015393924,0.001105619432984482,-0.05639929752839364
4.777955591118224,PASSED,-0.29005276232359595,-0.00019381521539543165,0.010453060960755784,2.785391478885851,0.0010491108304979226,-0.05658147245866997
4.778955791158232,PASSED,-0.29005295090002653,-0.00018334388713372177,0.010483506462345924,2.785392499639595,0.0009924304506633772,-0.05674631808512889
4.779955991198239,PASSED,-0.29005312899119184,-0.00017284403001296156,0.01051075755970309,2.785393463637494,0.0009355955973090306,-0.05689387686715829
4.780956191238247,PASSED,-0.2900532965701612,-0.00016231883986664964,0.010534811870717782,2.7853943707337185,0.0008786235564872459,-0.05702415012486894
4.781956391278255,PASSED,-0.29005345361319884,-0.00015177151179036641,0.01055567221332684,2.7853952207997397,0.0008215316400655842,-0.057137093952856814
4.782956591318263,PASSED,-0.29005360009976316,-0.00014120523877299442,0.010573340220068747,2.785396013724319,0.0007643371342601823,-0.05723278037376539
4.783956791358271,PASSED,-0.290053736012505,-0.0001306232126081513,0.010587816794692716,2.7853967494134957,0.0007070572969127889,-0.05731120866314547
4.784956991398279,PASSED,-0.2900538613372647,-0.00012002862128762417,0.010599107671083434,2.7853974277905933,0.00064970942502639,-0.05737231403523461
4.785957191438287,PASSED,-0.2900539760630686,-0.00010942464877161612,0.010607215745957799,2.785398048796164,0.0005923107295489739,-0.057416283105537175
4.786957391478295,PASSED,-0.2900540801821241,-9.881447344423163e-05,0.010612148381668952,2.785398612388001,0.000534878420626747,-0.057442992800019944
4.787957591518303,PASSED,-0.2900541736898145,-8.820126842718118e-05,0.010613909440638121,2.7853991185410765,0.0004774296902847013,-0.05745255537006281
4.788957791558311,PASSED,-0.290054256584692,-7.758819945317833e-05,0.010612508662912667,2.7853995672475245,0.0004199816591957713,-0.057445014901508086
4.789957991598319,PASSED,-0.29005432886847066,-6.69784238839572e-05,0.010607953506760104,2.785399958516597,0.0003625514335477199,-0.05742036614574691
4.790958191638327,PASSED,-0.2900543905460176,-5.6375091261960033e-05,0.010600252032155212,2.7854002923746246,0.0003051560760428303,-0.057378685077651294
4.791958391678335,PASSED,-0.29005444162534433,-4.578134084377564e-05,0.010589416008870511,2.785400568864944,0.00024781255046152015,-0.057320085917082673
4.792958591718343,PASSED,-0.2900544821175958,-3.520030049677396e-05,0.01057545657242246,2.7854007880478777,0.00019053782038786402,-0.057244492844705105
4.793958791758351,PASSED,-0.29005451203704,-2.4635087873769568e-05,0.010558383323392338,2.7854009500006383,0.00013334876164502725,-0.057152102674924536
4.794958991798359,PASSED,-0.2900545314010554,-1.4088807665894232e-05,0.010538211464197336,2.7854010548172887,7.626215934716975e-05,-0.05704293537981282
4.795959191838367,PASSED,-0.2900545402301184,-3.564550485998699e-06,0.010514954323694332,2.785401102608658,1.9294767577230727e-05,-0.05691702936335648
4.796959391878375,PASSED,-0.29005453854778945,6.934605952731946e-06,0.01048862451542152,2.7854010935022764,-3.7536748202216215e-05,-0.05677450672350725
4.797959591918383,PASSED,-0.2900545263806982,1.7405600207191223e-05,0.010459240747151113,2.785401027642292,-9.421582559624394e-05,-0.05661545784104138
4.798959791958391,PASSED,-0.2900545037585281,2.7845386782964396e-05,0.01042681712818788,2.7854009051893818,-0.00015072597476180945,-0.056439943381914943
4.799959991998399,PASSED,-0.29005447071400015,3.825093571453738e-05,0.010391370133829729,2.78540072632067,-0.0002070507857703201,-0.0562480560929078
4.800960192038407,PASSED,-0.2900544272828552,4.8619236320009714e-05,0.010352920919900735,2.7854004912296313,-0.0002631739591817349,-0.05603991829041956
4.801960392078415,PASSED,-0.2900543735038359,5.8947296421933016e-05,0.010311486223271674,2.78540020012599,-0.00031907930276988116,-0.05581562711996402
4.802960592118423,PASSED,-0.2900543094186683,6.923214129839305e-05,0.010267083978585605,2.7853998532356252,-0.00037475070396155124,-0.05557525057280751
4.803960792158431,PASSED,-0.29005423507204087,7.947081895941413e-05,0.010219740115978052,2.785399450800449,-0.00043017218605916616,-0.05531896978081991
4.804960992198439,PASSED,-0.2900541505115851,8.966039767264223e-05,0.010169471111394792,2.785398993078315,-0.00048532787130905076,-0.055046828895927734
4.805961192238447,PASSED,-0.2900540557878531,9.979796641304014e-05,0.010116300493066641,2.7853984803428813,-0.0005402020010803856,-0.054758997021606234
4.806961392278455,PASSED,-0.2900539509542956,0.00010988063838114874,0.010060252951469917,2.785397912883505,-0.0005947789519175013,-0.054455586714122026
4.807961592318463,PASSED,-0.29005383606723883,0.0001199055501346645,0.01000135095487966,2.785397291005104,-0.000649043218042882,-0.05413671906621994
4.808961792358471,PASSED,-0.29005371118586076,0.0001298698612678637,0.009939617918745551,2.7853966150280445,-0.0007029794138717178,-0.053802513670579706
4.809961992398479,PASSED,-0.290053576372166,0.00013977075798145172,0.009875082576816357,2.7853958852879845,-0.0007565723217858319,-0.05345317074313697
4.810962192438487,PASSED,-0.2900534316909608,0.00014960545190290553,0.00980776815121208,2.7853951021357584,-0.000809806838081993,-0.053088746664843894
4.811962392478495,PASSED,-0.2900532772098263,0.00015937118047301352,0.009737702182705261,2.785394265937221,-0.0008626679965513409,-0.05270943300568412
4.812962592518503,PASSED,-0.2900531129990921,0.00016906520961537062,0.009664913782124996,2.785393377073104,-0.0009151410134378722,-0.05231540614042934
4.813962792558511,PASSED,-0.2900529391318077,0.00017868483328043326,0.009589430253687773,2.785392435938871,-0.0009672112262163105,-0.05190675053711088
4.814962992598519,PASSED,-0.29005275568371486,0.00018822737329675097,0.009511279858070966,2.7853914429445514,-0.0010188641401211766,-0.05148368948336925
4.815963192638527,PASSED,-0.29005256273321767,0.0001976901820031562,0.009430494605294716,2.7853903985145965,-0.001070085424722749,-0.05104634801370809
4.816963392678535,PASSED,-0.2900523603613531,0.00020707064222095234,0.009347103959463752,2.7853893030877015,-0.0011208609101542402,-0.050594910376679514
4.817963592718543,PASSED,-0.29005214865176004,0.0002163661669482862,0.009261138572580622,2.7853881571166594,-0.0011711765805386735,-0.050129510389602595
4.818963792758551,PASSED,-0.2900519276906479,0.00022557420134109826,0.009172631606299664,2.7853869610681694,-0.0012210186190025477,-0.04965039051338868
4.819963992798559,PASSED,-0.29005169756676474,0.00023469222332356745,0.00908161556658225,2.7853857154226795,-0.0012703733708765766,-0.04915765944778917
4.820964192838567,PASSED,-0.29005145837136453,0.00024371774310826276,0.008988122596770669,2.785384420674203,-0.0013192273418593887,-0.048651512006160594
4.821964392878575,PASSED,-0.2900512101981736,0.00025264830533725045,0.008892188650465729,2.7853830773301342,-0.0013675672573736323,-0.04813218451963221
4.822964592918583,PASSED,-0.2900509531433567,0.0002614814887036201,0.008793846510305644,2.7853816859110703,-0.0014153800107082972,-0.047599799211353426
4.823964792958591,PASSED,-0.29005068730548234,0.0002702149065473957,0.008693132066088885,2.7853802469506226,-0.0014626526607693599,-0.04705455062753539
4.824964992998599,PASSED,-0.29005041278548743,0.0002788462085114605,0.008590081896048693,2.7853787609952207,-0.0015093725024346312,-0.04649670235709523
4.825965193038607,PASSED,-0.2900501296866413,0.0002873730804685215,0.00848473199773586,2.7853772286039185,-0.0015555270169632278,-0.04592638930959742
4.826965393078615,PASSED,-0.29004983811450935,0.00029579324426240856,0.008377118324654513,2.785375650348208,-0.001601103839246769,-0.045343777599503955
4.827965593118623,PASSED,-0.29004953817691564,0.00030410445978341596,0.008267280318575978,2.7853740268118,-0.0016460908665979445,-0.04474919385228978
4.828965793158631,PASSED,-0.2900492299839054,0.0003123045255989172,0.008155256146784789,2.7853723585904304,-0.001690476192979604,-0.04414274806790618
4.829965993198639,PASSED,-0.29004891364770674,0.00032039127744864853,0.008041082318362331,2.785370646291656,-0.0017342480694908932,-0.04352462880687743
4.830966193238647,PASSED,-0.29004858928269167,0.0003283625905184382,0.00792480023740793,2.785368890534631,-0.0017773950209710586,-0.042895166595691155
4.831966393278655,PASSED,-0.2900482570053368,0.0003362163808813511,0.007806450446582877,2.7853670919499125,-0.0018199057619999448,-0.04225445731768297
4.832966593318663,PASSED,-0.29004791693418364,0.0003439506033035722,0.007686070405979893,2.7853652511792246,-0.001861769209396366,-0.04160277411558008
4.833966793358671,PASSED,-0.2900475691897978,0.00035156325362212715,0.007563703593605012,2.785363368875251,-0.0019029745335332083,-0.04094035748435047
4.834966993398679,PASSED,-0.2900472138947284,0.0003590523694257843,0.007439390610358479,2.7853614457014197,-0.0019435110931805123,-0.04026736108927319
4.835967193438687,PASSED,-0.2900468511734664,0.00036641602928384786,0.007313172689866966,2.7853594823316596,-0.0019833684955479413,-0.03958409655286641
4.836967393478695,PASSED,-0.29004648115240306,0.00037365235382359546,0.007185092439668033,2.78535747945019,-0.002022536580958644,-0.03889074464925996
4.837967593518703,PASSED,-0.29004610395978725,0.0003807595069605982,0.0070551936018924686,2.7853554377512832,-0.0020610053930991416,-0.03818752380132281
4.838967793558711,PASSED,-0.2900457197256829,0.00038773569518485527,0.006923517972500094,2.785353357939042,-0.0020987652194148355,-0.037474694658607866
4.839967993598719,PASSED,-0.29004532858192567,0.0003945791680245404,0.006790109417808551,2.7853512407271444,-0.0021358066185588128,-0.03675253546755759
4.840968193638727,PASSED,-0.2900449306620792,0.0004012882197415211,0.006655013249762136,2.7853490868386395,-0.0021721203242927966,-0.036021152578268587
4.841968393678735,PASSED,-0.2900445261013913,0.00040786118806360747,0.006518271703635825,2.7853468970056783,-0.0022076973429557426,-0.03528092938606368
4.842968593718743,PASSED,-0.2900441150367495,0.0004142964554715228,0.006379931210768348,2.7853446719692934,-0.0022425289465402044,-0.034532053050060706
4.8439687937587514,PASSED,-0.29004369760663584,0.0004205924500833583,0.006240036879213687,2.785342412479145,-0.0022766066023885926,-0.033774724380606136
4.8449689937987594,PASSED,-0.29004327395108226,0.0004267476447982129,0.006098633271948566,2.785340119293279,-0.00230992204946175,-0.03300926220152509
4.8459691938387675,PASSED,-0.29004284421162463,0.0004327605581911853,0.005955766806988255,2.7853377931778884,-0.00234246727702855,-0.03223587114365047
4.8469693938787755,PASSED,-0.290042408531257,0.0004386297550442774,0.005811483550494543,2.785335434907049,-0.0023742345177488315,-0.03145482043803585
4.8479695939187835,PASSED,-0.2900419670543858,0.00044435384647207573,0.005665830012667621,2.785333045262485,-0.0024052162487119225,-0.03066633797979445
4.8489697939587915,PASSED,-0.2900415199267825,0.00044993149025334236,0.005518852960332619,2.7853306250333114,-0.0024354052040281154,-0.02987070020712587
4.8499699939987995,PASSED,-0.29004106729553786,0.0004553613910198946,0.005370599304032027,2.785328175015769,-0.002464794396140545,-0.029068186715964863
4.8509701940388075,PASSED,-0.29004060930901393,0.00046064230070527306,0.005221116606275976,2.7853256960129973,-0.002493377040932047,-0.028258950175193174
4.8519703940788155,PASSED,-0.29004014611679757,0.000465773018378526,0.005070451717904264,2.785323188834748,-0.0025211466498365966,-0.027443381390786985
4.8529705941188235,PASSED,-0.2900396778696522,0.0004707523910917905,0.004918653376838027,2.7853206542971494,-0.002548096999701993,-0.02662166218180255
4.8539707941588315,PASSED,-0.2900392047194703,0.00047557931397088565,0.004765769213933291,2.785318093222432,-0.0025742220947845974,-0.02579405034980559
4.8549709941988395,PASSED,-0.2900387268192256,0.0004802527295594793,0.00461184650503386,2.7853155064386814,-0.002599516216058773,-0.024960835223755844
4.8559711942388475,PASSED,-0.2900382443229245,0.0004847716292972527,0.004456935226266347,2.785312894779571,-0.002623973911621586,-0.024122269122184743
4.8569713942788555,PASSED,-0.29003775738555804,0.0004891350533005435,0.004301083187973637,2.7853102590840946,-0.0026475899901020105,-0.02327861805258463
4.8579715943188635,PASSED,-0.29003726616305275,0.0004933420898959472,0.004144338867023726,2.785307600196321,-0.0026703595015173617,-0.0224301069905288
4.8589717943588715,PASSED,-0.29003677081222273,0.0004973918756762309,0.003986750389123664,2.7853049189651062,-0.002692277797203369,-0.021577088149660126
4.8599719943988795,PASSED,-0.29003627149072,0.0005012835977662807,0.003828369890667391,2.785302216243847,-0.00271334047813213,-0.020719742781494428
4.8609721944388875,PASSED,-0.2900357683569861,0.0005050164911912599,0.0036692424478537338,2.7852994928902115,-0.0027335433800125945,-0.019858341279777612
4.8619723944788955,PASSED,-0.2900352615702025,0.000508589839732414,0.003509419270020809,2.785296749765869,-0.0027528826535422324,-0.01899322836287804
4.8629725945189035,PASSED,-0.29003475129024187,0.0005120029775622537,0.003348950203052282,2.785293987736222,-0.0027713547087211752,-0.018124606389652093
4.8639727945589115,PASSED,-0.29003423767761827,0.0005152552881640373,0.0031878842009376586,2.7852912076701517,-0.0027889561723840215,-0.017252701844975665
4.8649729945989195,PASSED,-0.29003372089343826,0.0005183462030306399,0.003026268643712492,2.785288410439737,-0.0028056839920639746,-0.01637789823660489
4.8659731946389275,PASSED,-0.29003320109935127,0.0005212752040447668,0.002864155927736814,2.785285596919992,-0.002821535386321917,-0.01550039160550152
4.8669733946789355,PASSED,-0.2900326784575,0.0005240418233893101,0.002701594955747506,2.7852827679886047,-0.0028365077866091496,-0.014620406075052763
4.8679735947189435,PASSED,-0.29003215313047126,0.0005266456412953035,0.002538633206157127,2.785279924525654,-0.0028505989429386176,-0.013738323165745057
4.8689737947589515,PASSED,-0.2900316252812462,0.0005290862875696097,0.0023753216530723272,2.785277067413356,-0.002863806871135225,-0.012854331550516128
4.8699739947989595,PASSED,-0.2900310950731512,0.0005313634426687605,0.002211710729869767,2.785274197535794,-0.002876129811081521,-0.01196867887681495
4.8709741948389675,PASSED,-0.29003056266980787,0.0005334768358184932,0.00204784809630801,2.785271315778642,-0.0028875663185897087,-0.01108172659576964
4.8719743948789755,PASSED,-0.2900300282350842,0.0005354262448842236,0.0018837830453452414,2.7852684230289055,-0.0028981152084718337,-0.01019366540636191
4.8729745949189835,PASSED,-0.29002949193304484,0.0005372114981670588,0.0017195667744954771,2.7852655201746535,-0.0029077755243302086,-0.00930474949305031
4.8739747949589916,PASSED,-0.2900289539279017,0.0005388324735050515,0.0015552477136575942,2.785262608104744,-0.0029165466252815404,-0.008415335256852409
4.8749749949989996,PASSED,-0.2900284143839652,0.0005402890963189491,0.0013908728807242733,2.785259687708573,-0.002924428114111109,-0.007525591211380136
4.875975195039008,PASSED,-0.29002787346559467,0.0005415813423401733,0.0012264947815575017,2.785256759875789,-0.002931419854528355,-0.00663583988782304
4.876975395079016,PASSED,-0.29002733133714953,0.0005427092365867239,0.0010621605565458933,2.78525382549604,-0.0029375219916772492,-0.005746335322942272
4.877975595119024,PASSED,-0.29002678816294025,0.0005436728516274676,0.0008979180302088348,2.7852508854587112,-0.0029427349139898116,-0.004857313638975974
4.878975795159032,PASSED,-0.2900262441071799,0.0005444723095632088,0.0007338178727627057,2.7852479406526545,-0.0029470592875897443,-0.003969080240571091
4.87997599519904,PASSED,-0.2900256993339352,0.0005451077814349551,0.0005699078710687033,2.7852449919659175,-0.0029504960584118825,-0.003081897876515357
4.880976195239048,PASSED,-0.290025154007078,0.000545579485825761,0.0004062354039642222,2.7852420402855027,-0.0029530463892147784,-0.0021959527538163654
4.881976395279056,PASSED,-0.29002460829023763,0.0005458876893287374,0.00024284890231788967,2.785239086497093,-0.002954711725398522,-0.001311591803695364
4.882976595319064,PASSED,-0.29002406234675177,0.0005460327077209193,7.979805209110581e-05,2.78523613148478,-0.002955493812998909,-0.0004290847981814066
4.883976795359072,PASSED,-0.2900235163396198,0.0005460149035275631,-8.287235698768045e-05,2.7852331761308307,-0.002955394590837815,0.00045142680061182873
4.88497699539908,PASSED,-0.2900229704314542,0.0005458346869702339,-0.00024511269089043245,2.7852302213154165,-0.0029544162619811265,0.0013295968940728337
4.885977195439088,PASSED,-0.2900224247844335,0.0005454925159395708,-0.0004068765905116418,2.7852272679163455,-0.0029525613596302087,0.0022051059888143335
4.886977395479096,PASSED,-0.29002187956025516,0.0005449888951259117,-0.0005681169624240041,2.7852243168088284,-0.0029498325913854114,0.0030778764154523164
4.887977595519104,PASSED,-0.2900213349200884,0.0005443243758533306,-0.000728787479352561,2.785221368865211,-0.002946232922393179,0.003947530710085358
4.888977795559112,PASSED,-0.290020791024528,0.0005434995560764994,-0.0008888413084836008,2.785218424954721,-0.0029417656394347485,0.004813784457327739
4.88997799559912,PASSED,-0.29002024803354737,0.0005425150802993413,-0.0010482320896076992,2.7852154859432265,-0.0029364342115014226,0.005676523583991644
4.890978195639128,PASSED,-0.29001970610645306,0.0005413716383687427,-0.0012069151579258669,2.7852125526929803,-0.002930242353465355,0.006535414337451107
4.891978395679136,PASSED,-0.29001916540183864,0.0005400699658670842,-0.0013648440641468803,2.785209626062372,-0.0029231940860741513,0.007390169427038308
4.892978595719144,PASSED,-0.2900186260775396,0.000538610843853738,-0.0015219739794792785,2.7852067069056843,-0.002915293635785844,0.008240637529153933
4.893978795759152,PASSED,-0.29001808829058784,0.0005369950982681958,-0.0016782599895838867,2.78520379607285,-0.002906545446238464,0.009086557559531161
4.89497899579916,PASSED,-0.2900175521971674,0.0005352235991894687,-0.00183365847148926,2.7852008944092077,-0.0028969542548242097,0.009927613984069687
4.895979195839168,PASSED,-0.29001701795256996,0.0005332972612704047,-0.001988124217447358,2.7851980027552607,-0.002886525024474734,0.010763641259745948
4.896979395879176,PASSED,-0.2900164857111507,0.0005312170427718123,-0.0021416146860224502,2.785195121946446,-0.0028752629154480515,0.011594420871306294
4.897979595919184,PASSED,-0.2900159556262849,0.0005289839452937442,-0.002294086006098478,2.7851922528128914,-0.0028631733638780823,0.01241963870241134
4.898979795959192,PASSED,-0.2900154278503247,0.0005265990139618431,-0.002445494882436318,2.7851893961791774,-0.0028502620526563334,0.01323909290130726
4.8999799959992,PASSED,-0.29001490253455625,0.0005240633356386964,-0.002595800616953483,2.7851865528641224,-0.0028365348337472565,0.014052636247589621
4.900980196039208,PASSED,-0.29001437982915734,0.0005213780397755655,-0.0027449593605824918,2.7851837236805355,-0.002821997832148785,0.014859911832392996
4.901980396079216,PASSED,-0.29001385988315564,0.0005185442976269411,-0.002892930673985719,2.785180909435002,-0.0028066574093938315,0.015660763369993305
4.902980596119224,PASSED,-0.2900133428443873,0.0005155633214446968,-0.0030396731877500253,2.7851781109276494,-0.002790520111495869,0.0164549875832754
4.903980796159232,PASSED,-0.2900128288594554,0.0005124363644350042,-0.0031851462243211144,2.785175328951937,-0.002773592718522818,0.017242329899568094
4.90498099619924,PASSED,-0.29001231807369,0.0005091647199099352,-0.0033293100589009555,2.785172564294426,-0.0027558822505950936,0.018022559946495414
4.905981196239248,PASSED,-0.2900118106311078,0.000505749721409551,-0.003472124128039422,2.785169817734559,-0.002737395934564112,0.018795486753972718
4.906981396279256,PASSED,-0.29001130667437264,0.0005021927413437703,-0.003613550690941645,2.785167090044475,-0.0027181411580709637,0.019560969652598688
4.907981596319264,PASSED,-0.29001080634475634,0.0004984951911305793,-0.0037535498946905253,2.7851643819887535,-0.002698125601947237,0.02031861377114578
4.908981796359272,PASSED,-0.2900103097821002,0.0004946585207535831,-0.003892084031866689,2.7851616943242425,-0.002677357122954255,0.021068389140873094
4.90998199639928,PASSED,-0.290009817124777,0.0004906842172236584,-0.004029116528630045,2.7851590277998324,-0.0026558437378349834,0.021810049104870857
4.910982196439288,PASSED,-0.29000932850965344,0.00048657380574297827,-0.004164608115380139,2.7851563831562625,-0.0026335937238479686,0.022543323908443935
4.911982396479296,PASSED,-0.29000884407205313,0.00048232884779601934,-0.00429852450134476,2.7851537611259207,-0.0026106155372546476,0.023268095049905735
4.912982596519304,PASSED,-0.2900083639457201,0.00047795094065215403,-0.0044308289055456146,2.785151162432642,-0.0025869178111434126,0.02398414681878746
4.913982796559312,PASSED,-0.2900078882627833,0.00047344171765624553,-0.0045614857228170975,2.785148587791508,-0.002562509410457358,0.02469123659756693
4.91498299659932,PASSED,-0.29000741715372086,0.00046880284701568935,-0.004690460585715512,2.785146037908684,-0.002537399338875481,0.02538929490475042
4.915983196639328,PASSED,-0.2900069507473258,0.0004640360311667422,-0.004817719357768263,2.7851435134811893,-0.0025115968310688583,0.026077983074538052
4.916983396679336,PASSED,-0.2900064891706715,0.0004591430067084765,-0.004943227858597181,2.7851410151967535,-0.0024851112898897493,0.026757246582156037
4.917983596719344,PASSED,-0.2900060325490784,0.0004541255432163765,-0.005066953914435306,2.7851385437336034,-0.0024579522791082914,0.027426853580992432
4.918983796759352,PASSED,-0.29000558100608137,0.00044898544259358537,-0.005188865095028339,2.7851360997603076,-0.0024301295647812023,0.028086621491153076
4.91998399679936,PASSED,-0.29000513466339667,0.0004437245397658363,-0.005308927982896247,2.7851336839355874,-0.0024016530790523156,0.028736395220708796
4.920984196839368,PASSED,-0.29000469364089093,0.0004383446999408786,-0.005427114386332031,2.7851312969081534,-0.0023725329110182505,0.029376016576303326
4.921984396879376,PASSED,-0.2900042580565497,0.0004328478193179507,-0.005543391447325191,2.785128939316529,-0.0023427793372039225,0.03000527863967781
4.922984596919384,PASSED,-0.2900038280264475,0.000427235824624735,-0.005657730190476026,2.7851266117888995,-0.002312402776282708,0.030624082442238975
4.923984796959392,PASSED,-0.2900034036647174,0.0004215106716922009,-0.005770101427239661,2.785124314942935,-0.0022814138178568447,0.0312322090816132
4.9249849969994,PASSED,-0.2900029850835224,0.0004156743452041878,-0.005880476528528598,2.7851220493856483,-0.0022498232095489994,0.03182954112533317
4.925985197039408,PASSED,-0.29000257239302674,0.00040972885809674307,-0.005988827493388914,2.7851198157132293,-0.002217641837527134,0.03241592595288665
4.926985397079416,PASSED,-0.2900021657013683,0.00040367625036180854,-0.006095127895964906,2.7851176145108947,-0.002184880758166741,0.032991181632063916
4.927985597119424,PASSED,-0.29000176511463105,0.00039751858946831604,-0.006199349558510876,2.7851154463527563,-0.002151551148821784,0.03355522782021787
4.928985797159432,PASSED,-0.29000137073681925,0.0003912579684475811,-0.006301468662217618,2.7851133118016556,-0.002117664341769575,0.03410785987353675
4.92998599719944,PASSED,-0.2900009826698311,0.0003848965057912838,-0.006401458652350344,2.7851112114090433,-0.0020832318118324234,0.034648976646228055
4.930986197239448,PASSED,-0.2900006010134339,0.00037843634511265493,-0.006499295362814627,2.785109145714832,-0.002048265152810085,0.03517844727307867
4.931986397279456,PASSED,-0.2900002258652398,0.0003718796534628268,-0.006594955841170494,2.7851071152472735,-0.0020127760908477694,0.035696138421807425
4.932986597319464,PASSED,-0.2899998573206819,0.0003652286216796271,-0.006688415744552582,2.7851051205228208,-0.0019767764959864238,0.03620189915437054
4.933986797359472,PASSED,-0.2899994954729913,0.0003584854631942355,-0.006779653645951017,2.7851031620460134,-0.00194027833989203,0.0366956607210757
4.93498699739948,PASSED,-0.28999914041317515,0.0003516524129873095,-0.006868647914242689,2.7851012403093502,-0.0019032937159705313,0.03717726605511401
4.935987197439488,PASSED,-0.2899987922299946,0.000344731727609957,-0.0069553770194256395,2.7850993557931747,-0.0018658348489806254,0.037646600946433705
4.936987397479496,PASSED,-0.2899984510099445,0.0003377256836969136,-0.007039821842122027,2.7850975089655656,-0.0018279140527055924,0.03810359316076585
4.937987597519504,PASSED,-0.28999811683723303,0.00033063657790672105,-0.007121961755572932,2.7850957002822216,-0.0017895437582192478,0.038548095370063463
4.938987797559512,PASSED,-0.2899977897937622,0.00032346672621456516,-0.007201778316544572,2.7850939301863686,-0.001750736496264023,0.038980039678665555
4.93998799759952,PASSED,-0.28999746995910963,0.0003162184616246993,-0.007279255438746752,2.785092199108641,-0.0017115049052362026,0.0393992919272569
4.940988197639528,PASSED,-0.2899971574105104,0.0003088941358118817,-0.007354372728864838,2.7850905074670007,-0.0016718617094959572,0.039805798282237875
4.941988397679536,PASSED,-0.2899968522228399,0.00030149611751712803,-0.007427115338679615,2.7850888556666407,-0.0016318197116012062,0.04019946430309312
4.942988597719544,PASSED,-0.28999655446859746,0.0002940267899250261,-0.0074974690943834495,2.78508724409989,-0.0015913918315550177,0.040580157208252234
4.943988797759552,PASSED,-0.28999626421789065,0.000286488552793554,-0.0075654158228646694,2.785085673146138,-0.0015505910520316264,0.04094786106681719
4.94498899779956,PASSED,-0.2899959815384206,0.00027888382053223694,-0.007630943220285214,2.785084143171747,-0.0015094304254477408,0.041302470261931096
4.945989197839568,PASSED,-0.28999570649546746,0.00027121502020392404,-0.0076940384003313985,2.785082654529974,-0.0014679231093640884,0.04164387996479996
4.946989397879576,PASSED,-0.2899954391518775,0.00026348459273460725,-0.007754686848640387,2.785081207560909,-0.001426082303725846,0.04197208942053699
4.947989597919584,PASSED,-0.2899951795680498,0.0002556949915803161,-0.007812877358058313,2.7850798025914,-0.0013839212693739981,0.042286997639388264
4.948989797959592,PASSED,-0.28999492780192515,0.0002478486808809197,-0.00786859959362182,2.7850784399349786,-0.001341453378459304,0.04258848643156458
4.9499899979996,PASSED,-0.2899946839089742,0.00023994813585465833,-0.007921841981354344,2.785077119891828,-0.001298691995981598,0.04287664650846716
4.950990198039608,PASSED,-0.28999444794218776,0.0002319958415738796,-0.007972595813728386,2.7850758427486886,-0.0012556505784866703,0.04315126481923438
4.951990398079616,PASSED,-0.28999421995206653,0.00022399429301786584,-0.00802085038420396,2.785074608778845,-0.0012123426391339924,0.04341238904164038
4.952990598119624,PASSED,-0.28999399998661296,0.00021594599287212677,-0.008066599986762485,2.7850734182420473,-0.0011687817075481327,0.04365995994867292
4.953990798159632,PASSED,-0.2899937880913227,0.00020785345110282494,-0.008109836290994708,2.785072271384484,-0.001124981378369036,0.04389390866604607
4.95499099819964,PASSED,-0.2899935843091774,0.00019971918599951993,-0.008150550978178555,2.7850711684387397,-0.0010809552764897913,0.04411423068804345
4.955991198239648,PASSED,-0.28999338868063823,0.0001915457211586294,-0.008188740749365183,2.7850701096237604,-0.0010367170485916044,0.04432089270494938
4.956991398279656,PASSED,-0.2899932012436402,0.00018333558493574388,-0.008224399871899083,2.7850690951448147,-0.0009922803943012172,0.044513828680679345
4.957991598319664,PASSED,-0.289993022033587,0.00017509131156594792,-0.008257522368393843,2.7850681251934795,-0.0009476590210254079,0.04469306967256272
4.958991798359672,PASSED,-0.2899928510833469,0.00016681543854048966,-0.008288106796834505,2.785067199947604,-0.000902866655833388,0.04485856220499112
4.95999199839968,PASSED,-0.28999268842324905,0.00015851050605470232,-0.008316149611755887,2.785066319571303,-0.0008579170528286465,0.04501029687124179
4.960992198439688,PASSED,-0.289992534081081,0.00015017905721509802,-0.00834164832483659,2.7850654842149343,-0.0008128239693159933,0.04514827460692763
4.961992398479696,PASSED,-0.28999238808208677,0.000141823636726723,-0.00836460193073396,2.7850646940150887,-0.0007676011803629527,0.04527246518378261
4.962992598519704,PASSED,-0.2899922504489655,0.00013344678956023393,-0.008385010656992497,2.785063949094589,-0.0007222624571624791,0.04538289521160088
4.963992798559712,PASSED,-0.28999212120187107,0.00012505106113382467,-0.008402873606020421,2.7850632495624796,-0.0006768215752592367,0.04547953969767003
4.96499299859972,PASSED,-0.28999200035841244,0.0001166389964765755,-0.008418192024734992,2.785062595514038,-0.0006312923006030186,0.045562431295250096
4.965993198639728,PASSED,-0.2899918879336549,0.00010821313798882287,-0.008430969463097725,2.785061987030773,-0.0005856883985734258,0.04563154918582125
4.966993398679736,PASSED,-0.2899917839401216,9.977602694836796e-05,-0.008441205425359689,2.785061424180437,-0.0005400236252092109,0.04568692281647722
4.967993598719744,PASSED,-0.28999168838779643,9.13302018209766e-05,-0.00844890492874579,2.785060907017043,-0.0004943117036518283,0.0457285873846529
4.968993798759752,PASSED,-0.28999160128412727,8.287819594356441e-05,-0.008454073176523145,2.7850604355808746,-0.0004485663584638141,0.04575651705692183
4.96999399879976,PASSED,-0.28999152263402983,7.44225397932069e-05,-0.008456711466247074,2.785060009898517,-0.0004028012810813734,0.04577078426611997
4.970994198839768,PASSED,-0.289991452439893,6.596575789119277e-05,-0.00845682885919218,2.7850596299828854,-0.0003570301135112455,0.04577142310613319
4.971994398879776,PASSED,-0.28999139070158403,5.751036820885254e-05,-0.008454430231105599,2.785059295833238,-0.0003112665102657215,0.045758390005117874
4.972994598919784,PASSED,-0.2899913374164549,4.905888368192467e-05,-0.008449520724142715,2.7850590074352306,-0.0002655240588111342,0.045731825754233575
4.973994798959792,PASSED,-0.2899912925793493,4.0613808562334456e-05,-0.008442111383221875,2.78505876476094,-0.0002198162995127939,0.04569171499441152
4.9749949989998,PASSED,-0.28999125618261073,3.217763869065804e-05,-0.008432208863979442,2.785058567768922,-0.00017415674776559572,0.04563810958238933
4.975995199039808,PASSED,-0.2899912282160905,2.375286232014635e-05,-0.008419821374866526,2.785058416404235,-0.00012855887781961032,0.04557104352171612
4.976995399079816,PASSED,-0.2899912086671575,1.534195733307142e-05,-0.0084049607285472,2.785058310598506,-8.303609254822666e-05,0.04549061310449537
4.977995599119824,PASSED,-0.28999119752070746,6.947391253296091e-06,-0.008387636313927416,2.785058250269986,-3.7601728468785505e-05,0.045396864729405025
4.978995799159832,PASSED,-0.28999119475917423,-1.4283789831356174e-06,-0.008367859518101237,2.785058235323591,7.730889421470495e-06,0.04528978666415665
4.97999599919984,PASSED,-0.2899912003625407,-9.782908450657589e-06,-0.008345642767135793,2.7850582656509872,5.2948547476693376e-05,0.04516957231593371
4.980996199239848,PASSED,-0.2899912143083511,-1.8113764541999386e-05,-0.008320998307479135,2.7850583411306378,9.803809562749015e-05,0.045036198707372146
4.981996399279856,PASSED,-0.2899912365717236,-2.6418527406184897e-05,-0.0082939392353231,2.785058461627873,0.00014298640452927873,0.04488971569806618
4.982996599319864,PASSED,-0.28999126712536366,-3.46947916392065e-05,-0.008264480898153941,2.7850586269949673,0.00018778046547949612,0.044730291118318194
4.983996799359872,PASSED,-0.2899913059395783,-4.294016572877084e-05,-0.008232636217171282,2.785058837071228,0.00023240737764305188,0.044557992860380806
4.98499699939988,PASSED,-0.28999135298229095,-5.115227347288175e-05,-0.008198422095404004,2.7850590916830487,0.0002768542345541816,0.04437276627829569
4.985997199439888,PASSED,-0.2899914082190567,-5.932875464184079e-05,-0.008161853884662396,2.785059390644014,0.00032110826473276085,0.04417487277876823
4.986997399479896,PASSED,-0.28999147161307864,-6.746726492664602e-05,-0.008122947884900472,2.785059733754979,0.000365156821750262,0.043964346509989864
4.987997599519904,PASSED,-0.28999154312522446,-7.556547782070474e-05,-0.00808172290016423,2.7850601208041597,0.0004089872841091733,0.043741206258192264
4.988997799559912,PASSED,-0.289991622714044,-8.362108435813638e-05,-0.008038195628943225,2.7850605515672306,0.00045258714943644196,0.04350563803998629
4.98999799959992,PASSED,-0.2899917103357873,-9.163179351534639e-05,-0.007992384842721197,2.785061025807419,0.0004959440468327767,0.04325773696723363
4.990998199639928,PASSED,-0.2899918059444234,-9.959533385359887e-05,-0.007944310668606678,2.785061543275611,0.0005390456741800144,0.042997554267240244
4.991998399679936,PASSED,-0.28999190949165965,-0.00010750945373685347,-0.007893992693019877,2.7850621037104495,0.0005818798299371569,0.04272522341707721
4.992998599719944,PASSED,-0.2899920209269616,-0.00011537192132758951,-0.00784145085588017,2.785062706838445,0.000624434450481796,0.04244088529634707
4.993998799759952,PASSED,-0.2899921401975738,-0.0001231805255904321,-0.007786706534150859,2.7850633523740957,0.0006666975833183413,0.042144631196677544
4.99499899979996,PASSED,-0.2899922672485408,-0.00013093307785800811,-0.007729782756526117,2.7850640400199875,0.0007086573592685357,0.04183653911920567
4.995999199839968,PASSED,-0.2899924020227292,-0.00013862741088482944,-0.007670699873684808,2.7850647694669255,0.0007503020610504915,0.04151681022378915
4.996999399879976,PASSED,-0.28999254446084977,-0.00014626137992060346,-0.0076094818105001474,2.7850655403940383,0.000791620083315241,0.04118549695872314
4.997999599919984,PASSED,-0.28999269450148063,-0.0001538328642689842,-0.007546152706967834,2.7850663524689248,0.0008325999475662569,0.0408427757792109
4.998999799959992,PASSED,-0.2899928520810909,-0.0001613397666847574,-0.007480735554976817,2.785067205347763,0.0008732303047594357,0.04048874480249089
5.0,PASSED,-0.28999301713406456,-0.00016878001415868529,-0.007413255419895232,2.7850680986754504,0.0009134999344352795,0.040123552924745766
