time,status,q_yH,dq_yH,ddq_yH,q_phiO,dq_phiO,ddq_phiO
0.0,PASSED,-0.26709476300643015,0.0,0.0,2.663250707077143,0.0,0.0
0.0010002000400080016,PASSED,-0.2670932649942177,0.002233061683143657,3.721769471906095,2.6632428530700185,-0.011707836707290075,-19.51306117881679
0.002000400080016003,PASSED,-0.26708918424157085,0.00593516342002624,3.688989913533574,2.6632214579398497,-0.03111768726048191,-19.34104346944186
0.0030006001200240046,PASSED,-0.26708141918909556,0.009602380561155394,3.652701959526207,2.6631807465104993,-0.05034427660158779,-19.150286588881887
0.004000800160032006,PASSED,-0.26707000644913664,0.013231244137563446,3.612971320995949,2.6631209112072773,-0.06936917187501837,-18.941301063129696
0.005001000200040008,PASSED,-0.2670549860679633,0.016818354154637765,3.569869147793236,2.6630421626707927,-0.08817439454451267,-18.714503740404055
0.006001200240048009,PASSED,-0.2670364014535669,0.02036038578874718,3.523473291653535,2.662944729369029,-0.10674229756281615,-18.470169203569743
0.007001400280056011,PASSED,-0.2670142993005719,0.02385409097175117,3.473859777237632,2.6628288571933236,-0.1250556372623776,-18.208786696889213
0.008001600320064013,PASSED,-0.26698872951236946,0.027296299581930628,3.4211078321406716,2.662694809038897,-0.14309765200772429,-17.930833444318374
0.009001800360072015,PASSED,-0.2669597451205872,0.030683924111172736,3.365302327309727,2.662542864370618,-0.16085198788508717,-17.63667083272589
0.010002000400080016,PASSED,-0.26692740220200695,0.03401396180059984,3.306527930838696,2.662373318774642,-0.1783027297849959,-17.326789278030624
0.011002200440088018,PASSED,-0.26689175979304547,0.03728349573715513,3.2448712736996863,2.6621864834966438,-0.19543446849031296,-17.001704990174684
0.012002400480096018,PASSED,-0.26685287980191696,0.04048969832191538,3.1804234588006235,2.6619826849672936,-0.21223226048349939,-16.661849995194288
0.01300260052010402,PASSED,-0.2668108269185938,0.04362983349018623,3.113276307917679,2.661762264315714,-0.22868163758164922,-16.307728500120252
0.014002800560112022,PASSED,-0.2667656685226851,0.046701257770090904,3.043522927896003,2.661525576871639,-0.24476865886671362,-15.939883141693787
0.015003000600120024,PASSED,-0.26671747458935396,0.049701422830291185,2.9712598150697898,2.661272991656923,-0.2604798924855709,-15.558800603632983
0.016003200640128026,PASSED,-0.266666317593396,0.05262787750777849,2.89658458576564,2.6610048908672113,-0.2758024152123973,-15.165004142288632
0.017003400680136026,PASSED,-0.26661227241159735,0.055478268798649914,2.8195957609419513,2.660721669344423,-0.29072384992113054,-14.759055086363023
0.01800360072014403,PASSED,-0.26655541622349954,0.058250343693082,2.7403943167588354,2.660423734040791,-0.30523236016429495,-14.341480347698626
0.01900380076015203,PASSED,-0.2664958284106907,0.060941950865662,2.659082409794123,2.6601115034752247,-0.31931664582069125,-13.912822528861474
0.020004000800160033,PASSED,-0.2664335904547478,0.06355104153238697,2.5757628380122037,2.6597854071826372,-0.33296596847755017,-13.473656075523868
0.021004200840168033,PASSED,-0.26636878583395246,0.06607567072171018,2.4905400901972032,2.6594458851570555,-0.3461701523543983,-13.02453574439765
0.022004400880176037,PASSED,-0.26630149991890445,0.06851399856022213,2.4035196707217663,2.6590933872891562,-0.35891957903986715,-12.566020646182952
0.023004600920184037,PASSED,-0.2662318198671552,0.0708642909321036,2.3148075059879445,2.658728372798985,-0.37120520337545804,-12.0986934618629
0.024004800960192037,PASSED,-0.26615983451698294,0.07312492028230785,2.2245105796818194,2.658351309664553,-0.38301855670206975,-11.623126569777606
0.02500500100020004,PASSED,-0.266085634280434,0.07529436647948023,2.1327366088327544,2.6579626740470257,-0.39435174171680387,-11.139890644705122
0.02600520104020804,PASSED,-0.266009311035749,0.07737121722671066,2.0395935061621895,2.657562949713195,-0.40519744124290547,-10.649572113699321
0.027005401080216044,PASSED,-0.26593095801929584,0.07935416845710327,1.9451897132129015,2.657152627455918,-0.4155489213978578,-10.15275218245446
0.028005601120224044,PASSED,-0.2658506697171294,0.08124202478309724,1.849634067848029,2.656732204513213,-0.4254000266969196,-9.650007376800048
0.029005801160232048,PASSED,-0.2657685417562955,0.08303369962140054,1.7530353519401523,2.6563021839866927,-0.4347451835919208,-9.141923240468554
0.030006001200240048,PASSED,-0.2656846707959974,0.08472821522280288,1.655502434377108,2.655863074259955,-0.44357940227458165,-8.629082310788968
0.03100620124024805,PASSED,-0.2655991544187407,0.08632470272553763,1.5571442149731907,2.6554153884176137,-0.45189827178295666,-8.112060973432314
0.03200640128025605,PASSED,-0.2655120910215714,0.0878224019759899,1.4580692741049917,2.6549596436656313,-0.4596979596572515,-7.5914391415365525
0.033006601320264055,PASSED,-0.26542357970752006,0.0892206612202807,1.3583858910813364,2.6544963607534906,-0.4669752118359524,-7.067794203477116
0.03400680136027205,PASSED,-0.26533372017736373,0.09051893678667514,1.2582020166031627,2.654026063398901,-0.4737273473841459,-6.541696444671058
0.035007001400280055,PASSED,-0.2652426126218164,0.09171679259553941,1.1576250037050493,2.653549277715614,-0.4799522552783456,-6.013715527218856
0.03600720144028806,PASSED,-0.2651503576142545,0.09281389953390651,1.0567615614751225,2.653066531644896,-0.4856483921852034,-5.484417826617079
0.03700740148029606,PASSED,-0.2650570560040846,0.09381003479259382,0.9557177234954463,2.6525783543912755,-0.49081477650467414,-4.9543619813731885
0.03800760152030406,PASSED,-0.26496280881085704,0.09470508107239657,0.8545986506742915,2.6520852758630844,-0.4954509830016127,-4.424102840648862
0.03900780156031206,PASSED,-0.26486771711922824,0.0954990256576295,0.7535085416053227,2.6515878261183468,-0.4995571384876041,-3.894190582886346
0.040008001600320066,PASSED,-0.2647718819748702,0.0961919594358227,0.6525506025851303,2.651086534816547,-0.5031339149395136,-3.365167031258449
0.04100820164032806,PASSED,-0.2646754042814266,0.09678407581201703,0.5518268919337895,2.65058193067674,-0.5061825224943891,-2.837567903953487
0.042008401680336066,PASSED,-0.2645783846986092,0.09727566950053415,0.45143821957267627,2.6500745409425717,-0.5087047031509092,-2.3119224915645065
0.04300860172034407,PASSED,-0.26448092354152886,0.09766713525306485,0.3514841078360538,2.649564890854594,-0.5107027229066663,-1.7887512652185564
0.04400880176035207,PASSED,-0.26438312068135095,0.09795896649764847,0.2520626690820145,2.6490535031304128,-0.512179363326962,-1.2685665236806154
0.04500900180036007,PASSED,-0.2642850754473633,0.09815175387039303,0.1532705085195749,2.6485408974530626,-0.5131379135936042,-0.7518727619497613
0.04600920184036807,PASSED,-0.2641868865305431,0.0982461836765526,0.05520267125290227,2.648027589968038,-0.5135821615854724,-0.23916481181379073
0.04700940188037608,PASSED,-0.26408865188870423,0.09824303627578651,-0.04204744877874698,2.6475140927894105,-0.5135163842394456,0.2690721179206673
0.048009601920384073,PASSED,-0.26399046865330617,0.09814318437476516,-0.1383882025164001,2.6470009135154218,-0.5129453381710368,0.772362035400611
0.04900980196039208,PASSED,-0.26389243303800297,0.09794759124751184,-0.23372974374459396,2.6464885547538906,-0.5118742497427542,1.2702393568708206
0.05001000200040008,PASSED,-0.2637946402490052,0.0976573088908428,-0.32798409861866235,2.6459775136578507,-0.5103088043865119,1.7622493558231769
0.051010202040408084,PASSED,-0.26369718439732864,0.09727347609907876,-0.42106525386096333,2.64546828147172,-0.5082551360327022,2.2479476858007597
0.05201040208041608,PASSED,-0.263600158412999,0.09679731647135961,-0.5128892102912722,2.644961343088322,-0.5057198162348535,2.726901205880586
0.053010602120424084,PASSED,-0.26350365396127795,0.09623013636143529,-0.6033740430130052,2.64445717661713,-0.5027098425723567,3.1986886335742115
0.05401080216043209,PASSED,-0.263407761360976,0.09557332275869662,-0.692439975889095,2.6439562529639478,-0.49923262712160504,3.6628999955366854
0.05501100220044009,PASSED,-0.2633125695049121,0.09482834110795674,-0.7800094339737339,2.643459035422344,-0.49529598473603204,4.119137312263918
0.05601120224044809,PASSED,-0.2632181657825775,0.09399673308065694,-0.8660070895171869,2.642965979277132,-0.49090812066394446,4.5670152453033115
0.05701140228045609,PASSED,-0.263124636005061,0.09308011428522912,-0.9503599327015763,2.6424775314200604,-0.48607761825934165,5.006160510802554
0.058011602320464095,PASSED,-0.26303206433228477,0.09208017192865889,-1.0329973058160264,2.6419941299780185,-0.48081342649996806,5.436212591754329
0.05901180236047209,PASSED,-0.2629405332026038,0.09099866243188966,-1.113850957404694,2.641516203953952,-0.47512484699439284,5.8568241147890285
0.060012002400480095,PASSED,-0.262850123264812,0.0898374089978918,-1.1928550850599597,2.6410441728806484,-0.4690215210661087,6.267660470614211
0.0610122024404881,PASSED,-0.2627609133126002,0.08859829913979177,-1.269946373460105,2.6405784464876345,-0.46251341664473344,6.668400388549287
0.0620124024804961,PASSED,-0.2626729802215075,0.0872832821670769,-1.3450640388847077,2.6401194243813086,-0.4556108148273515,7.058736103270363
0.0630126025205041,PASSED,-0.26258639888840096,0.08589436663836476,-1.418149855263738,2.6396674957385007,-0.4483242964124368,7.438373289344293
0.0640128025605121,PASSED,-0.2625012421735215,0.08443361777994356,-1.489148193859532,2.639223039013546,-0.44066472837096005,7.807031209565048
0.0650130026005201,PASSED,-0.26241758084512573,0.08290315487213135,-1.5580060504473086,2.638786421659061,-0.43264325003465354,8.164443087467482
0.06601320264052811,PASSED,-0.26233548352675395,0.08130514861031225,-1.6246730694002973,2.6383579998604754,-0.42427125926306997,8.510355894327681
0.06701340268053611,PASSED,-0.26225501664714956,0.07964181844095906,-1.6891015693217872,2.637938118284461,-0.41556039857083565,8.844530557505466
0.0680136027205441,PASSED,-0.2621762443928543,0.07791542987386395,-1.7512465656106673,2.6375271098413093,-0.4065225410957412,9.166742086820408
0.0690138027605521,PASSED,-0.26209922866349866,0.07612829177728127,-1.8110657838973363,2.6371252954613342,-0.3971697765337378,9.476779545458747
0.07001400280056011,PASSED,-0.2620240290298061,0.07428275365632664,-1.8685196789928453,2.636732983885373,-0.38751439703798807,9.774446129277068
0.07101420284056811,PASSED,-0.2619507026943249,0.07238120291798882,-1.9235714445678114,2.6363504714693935,-0.3775688830923655,10.059559156519539
0.07201440288057612,PASSED,-0.26187930445490065,0.0704260621247568,-1.976187025674822,2.6359780420032735,-0.3673458893112889,10.331950197448023
0.07301460292058412,PASSED,-0.261809886670898,0.06841978624048399,-2.0263351233381237,2.6356159665437455,-0.35685823026677516,10.591464942557563
0.07401480296059212,PASSED,-0.26174249923217885,0.06636485987281915,-2.0739871972159936,2.6352645032615203,-0.34611886633715866,10.837963254322398
0.07501500300060011,PASSED,-0.26167718953084024,0.06426379451078815,-2.1191174719076753,2.634923897302555,-0.3351408895505306,11.07131914149847
0.07601520304060812,PASSED,-0.26161400243571364,0.062119125761932854,-2.1617029334870432,2.634594380663512,-0.3239375093852447,11.29142084781096
0.07701540308061612,PASSED,-0.2615529802696242,0.05993341059623057,-2.2017233205124436,2.6342761720812837,-0.31252203874953943,11.498170494301487
0.07801560312062412,PASSED,-0.26149416278940546,0.05770922459163009,-2.2391611273258367,2.6339694769366147,-0.3009078799325476,11.691484365452034
0.07901580316063213,PASSED,-0.2614375871686636,0.055449159186747934,-2.274001589919697,2.6336744871717093,-0.28910851058184206,11.871292674207915
0.08001600320064013,PASSED,-0.26138328798328175,0.053155818948382026,-2.306232670663377,2.633391381221822,-0.2771374697974428,12.03753952452687
0.08101620324064814,PASSED,-0.26133129719965276,0.05083181884817184,-2.3358450532414032,2.6331203239606795,-0.2650083443466882,12.190182734906458
0.08201640328065612,PASSED,-0.2612816441656263,0.048479781553757616,-2.3628321218627693,2.6328614666596817,-0.2527347549314845,12.32919386873514
0.08301660332066413,PASSED,-0.2612343556041543,0.04610233474253594,-2.3871899374609384,2.632614946960795,-0.24033034251346025,12.454558117550336
0.08401680336067213,PASSED,-0.26118945560961504,0.04370210843059765,-2.4089172282565174,2.6323808888629867,-0.22780875486084864,12.566274009319182
0.08501700340068014,PASSED,-0.2611469656467956,0.04128173232478113,-2.4280153575231953,2.632159402722112,-0.2151836331779749,12.664353465243506
0.08601720344068814,PASSED,-0.26110690455250857,0.03884383320234722,-2.444488299041046,2.6319505852641303,-0.2024685987726503,12.748821698712026
0.08701740348069614,PASSED,-0.2610692885398172,0.03639103231471676,-2.4583426133567183,2.6317545196114405,-0.18967724008026615,12.819716688165535
0.08801760352070415,PASSED,-0.2610341312048423,0.03392594281958689,-2.4695874163119655,2.6315712753222784,-0.17682309967943297,12.877089542611664
0.08901780356071214,PASSED,-0.2610014435361187,0.03145116724743016,-2.4782343427199076,2.631400908442956,-0.16391966143788675,12.921004040835918
0.09001800360072014,PASSED,-0.26097123392647154,0.028969294998258798,-2.4842975201390023,2.631243461572777,-0.150980338035808,12.95153630957397
0.09101820364072814,PASSED,-0.26094350818737566,0.02648289987475219,-2.487793525751679,2.631098963941477,-0.13801845849954708,12.96877502071884
0.09201840368073615,PASSED,-0.26091826956576464,0.023994537652088074,-2.488741353939074,2.630967431498963,-0.1250472559390433,12.972820920360356
0.09301860372074415,PASSED,-0.26089551876324824,0.021506743688823063,-2.4871623694823066,2.6308488670171877,-0.11207985558452264,12.963786643960868
0.09401880376075215,PASSED,-0.26087525395770106,0.019022030576066253,-2.483080274939816,2.6307432602039396,-0.09912926295635935,12.941796617631585
0.09501900380076016,PASSED,-0.26085747082717825,0.01654288583034175,-2.476521059580956,2.6306505878283346,-0.08620835223783756,12.906986785781939
0.09601920384076815,PASSED,-0.260842162576116,0.014071769632938881,-2.4675129559508098,2.63057081385778,-0.07332985495793648,12.859504275980518
0.09701940388077615,PASSED,-0.2608293199637701,0.011611112613732244,-2.4560863947105243,2.6305038896062127,-0.06050634881412763,12.799507389027744
0.09801960392078415,PASSED,-0.26081893133484696,0.009163313682564567,-2.442273955472444,2.630449753893331,-0.047750246785120645,12.727165122326484
0.09901980396079216,PASSED,-0.2608109826522764,0.006730737912048446,-2.4261103138785725,2.6304083332146138,-0.03507378649801784,12.642657063620357
0.10002000400080016,PASSED,-0.26080545753207746,0.0043157144709422045,-2.4076321925913526,2.630379541921855,-0.022489019808550316,12.546173106698967
0.10102020404080816,PASSED,-0.26080233728026386,0.0019205346096770508,-2.3868783070476876,2.6303632824139647,-0.010007802680194331,12.437913142793992
0.10202040408081617,PASSED,-0.2608016009317375,-0.00045255030074462036,-2.363889312670994,2.6303594453377586,0.002358214664962594,12.318086813398882
0.10302060412082417,PASSED,-0.26080322529111283,-0.0028013306716455104,-2.338707743054154,2.6303679097984936,0.014597597373726012,12.186913305673109
0.10402080416083216,PASSED,-0.26080718497541844,-0.005123640545002466,-2.311377960225491,2.6303885435798344,0.026699135248211575,12.044620920360535
0.10502100420084017,PASSED,-0.2608134524586161,-0.007417359383551402,-2.2819460907645657,2.630421203373008,0.03865185176901317,11.891446921095625
0.10602120424084817,PASSED,-0.26082199811788037,-0.009680413800377935,-2.25045996753451,2.630465735014816,0.05044501284463695,11.727637178642563
0.10702140428085617,PASSED,-0.26083279028157774,-0.011910779228568171,-2.216969068627387,2.6305219737342527,0.06206813524419882,11.553445880174744
0.10802160432086418,PASSED,-0.2608457952788848,-0.014106481530744477,-2.1815244578755832,2.6305897444073874,0.0735109947145528,11.369135197140135
0.10902180436087218,PASSED,-0.260860977490983,-0.016265598542983623,-2.144178715148186,2.6306688618202507,0.08476363383735419,11.174975073242209
0.11002200440088018,PASSED,-0.2608782994037675,-0.018386261557129333,-2.1049858801440613,2.6307591309393867,0.09581636954975747,10.971242805177353
0.11102220444088817,PASSED,-0.2608977216620053,-0.02046665674007838,-2.0640013848190386,2.6308603471897496,0.10665980029677732,10.758222708248192
0.11202240448089618,PASSED,-0.26091920312487893,-0.02250502648428334,-2.021281983795572,2.630972296739664,0.11728481296306802,10.536205971652368
0.11302260452090418,PASSED,-0.26094270092284805,-0.024499670693576614,-1.976885692958412,2.6310947567924905,0.12768258943578165,10.305490140087818
0.11402280456091218,PASSED,-0.2609681705157648,-0.026448948004043932,-1.9308717221399223,2.631227495884702,0.13784461280200178,10.066378850308329
0.11502300460092019,PASSED,-0.26099556575217436,-0.028351276935257814,-1.8833004039298569,2.63137027419001,0.14776267326279185,9.819181534444565
0.11602320464092819,PASSED,-0.26102483892973244,-0.030205136972813035,-1.8342331266388043,2.631522843829234,0.1574288737201749,9.564213072675331
0.1170234046809362,PASSED,-0.2610559408566731,-0.03200906958441896,-1.7837322682506753,2.63168494918558,0.1668356350006951,9.301793419083511
0.11802360472094418,PASSED,-0.2610888209142565,-0.03376167916679014,-1.7318611251181844,2.6318563272249684,0.1759757007354154,9.032247278478156
0.11902380476095219,PASSED,-0.2611234271201278,-0.03546163391966992,-1.6786838380541858,2.6320367078210904,0.1848421419228063,8.755903793332681
0.12002400480096019,PASSED,-0.2611597061925175,-0.03710766665360515,-1.6242653311892534,2.632225814084855,0.19342836116210982,8.47309620328412
0.1210242048409682,PASSED,-0.26119760361521355,-0.03869857552788411,-1.5686712363387685,2.632423362697857,0.2017280964779846,8.184161390935197
0.1220244048809762,PASSED,-0.26123706370323413,-0.040233224713852475,-1.511967819054755,2.632629064249561,0.20973542487088442,7.889439727542937
0.1230246049209842,PASSED,-0.2612780296691317,-0.04171054499128268,-1.454221916347177,2.6328426235778015,0.2174447654764278,7.5892745242103
0.1240248049609922,PASSED,-0.26132044368985713,-0.043129534275525135,-1.3955008628393073,2.6330637401123167,0.22485088240022397,7.2840118568534225
0.1250250050010002,PASSED,-0.26136424697411315,-0.044489258068577675,-1.3358724131947,2.6332921082209024,0.23194888718663575,6.974000072784023
0.1260252050410082,PASSED,-0.26140937983012713,-0.045788849843926206,-1.2754046834510848,2.6335274175578807,0.23873424093212736,6.659589527296686
0.1270254050810162,PASSED,-0.2614557817337726,-0.04702751136200835,-1.214166074502857,2.6337693534145195,0.2452027560890597,6.341132243356087
0.1280256051210242,PASSED,-0.2615033913969678,-0.048204512908842145,-1.1522251950544309,2.63401759707106,0.2513505978931805,6.018981511297315
0.1290258051610322,PASSED,-0.2615521468362836,-0.04931919347195597,-1.0896508084867502,2.6342718261499853,0.257174285406097,5.693491513995956
0.1300260052010402,PASSED,-0.2616019854416877,-0.050370960843851696,-1.0265117475017038,2.6345317149702003,0.26267069227704937,5.365017108923282
0.13102620524104822,PASSED,-0.2616528440453589,-0.05135929165253352,-0.9628768494685737,2.6347969349017633,0.26783704712250356,5.033913336474844
0.13202640528105622,PASSED,-0.261704658990499,-0.05228373132863531,-0.898814893857271,2.6350671547208613,0.27267093358784955,4.700535217926774
0.13302660532106422,PASSED,-0.261757366200076,-0.05314389400104698,-0.8343945247812714,2.635342040964582,0.27717028995930476,4.365237140474134
0.13402680536107223,PASSED,-0.261810901245429,-0.05393946232381888,-0.7696841880989914,2.635621258285302,0.281333408625771,4.028373017127597
0.13502700540108023,PASSED,-0.2618651994146676,-0.05467018723855008,-0.704752065819338,2.6359044698041574,0.2851589350160097,3.6902953056460857
0.1360272054410882,PASSED,-0.26192019578079906,-0.05533588766707652,-0.639666003664509,2.636191337463449,0.2886458662811482,3.3513552381334066
0.1370274054810962,PASSED,-0.2619758252695159,-0.05593645013962933,-0.5744934518116733,2.636481522377482,0.2917935496676693,3.0119021521128913
0.1380276055211042,PASSED,-0.2620320227265795,-0.05647182835869479,-0.509301397234654,2.6367746851816225,0.29460168048601526,2.6722832625014075
0.13902780556111222,PASSED,-0.2620887229847347,-0.05694204269685425,-0.44415629877600504,2.6370704863791707,0.2970702997943175,2.3328433388360255
0.14002800560112022,PASSED,-0.2621458609300906,-0.057347179631194005,-0.3791240247155845,2.6373685866857643,0.29919979177463357,1.9939244079694278
0.14102820564112822,PASSED,-0.26220337156790646,-0.05768739111771876,-0.31426979439753355,2.637668647370976,0.300990880753783,1.6558653599360822
0.14202840568113623,PASSED,-0.2622611900877185,-0.057962893901537,-0.24965811009870498,2.637970330596751,0.30244462786457865,1.3190016113687641
0.14302860572114423,PASSED,-0.2623192519277488,-0.05817396876753713,-0.18535270326775616,2.638273299752453,0.3035624275353657,0.9836650437326974
0.14402880576115223,PASSED,-0.2623774928385359,-0.05832095973359699,-0.12141647458793474,2.638577219786107,0.30434600353093794,0.6501832967985848
0.14502900580116024,PASSED,-0.26243584894572736,-0.05840427318303519,-0.05791143267171006,2.6388817575316152,0.3047974047096991,0.3188797667363273
0.14602920584116824,PASSED,-0.2624942568119788,-0.0584243769417081,0.005101357326284471,2.639186582031595,0.3049190005813223,-0.009926725118994739
0.14702940588117624,PASSED,-0.262552653497902,-0.058381799301465115,0.06756182885411066,2.639491364855574,0.30471347647922425,-0.33592235341749366
0.14802960592118425,PASSED,-0.26261097662200805,-0.05827712798544376,0.12941097413284725,2.639795780413233,0.3041838284470483,-0.6587984846816286
0.14902980596119225,PASSED,-0.26266916441959154,-0.05811100906360331,0.19059088697885393,2.6400995062624113,0.3033333578733913,-0.9782519663071986
0.15003000600120023,PASSED,-0.26272715580050415,-0.05788414581762856,0.2510448186386742,2.6404022234116344,0.30216566590661526,-1.2939853004218917
0.15103020604120823,PASSED,-0.26278489040576775,-0.057597297553458236,0.31071722785808875,2.6407036166168334,0.300684647476173,-1.6057071837890702
0.15203040608121624,PASSED,-0.2628423086629765,-0.05725127836673625,0.36955382596457964,2.641003374672041,0.2988944851223352,-1.9131324672037187
0.15303060612122424,PASSED,-0.2628993518404423,-0.056846955862964975,0.4275016223090643,2.641301190693792,0.2967996426365874,-2.215982498110401
0.15403080616123224,PASSED,-0.26295596210003624,-0.05638524983140371,0.48450897106273216,2.6415967623989722,0.2944048583378646,-2.5139854991311097
0.15503100620124025,PASSED,-0.2630120825486834,-0.05586713087463105,0.540525613912619,2.6418897923758804,0.2917151381604045,-2.8068766296794583
0.15603120624124825,PASSED,-0.2630676572884671,-0.055293618998852566,0.5955027170223945,2.64217998834826,0.2887357485377446,-3.0943982846469176
0.15703140628125625,PASSED,-0.26312263146530274,-0.05466578216302368,0.649392915033212,2.6424670634321052,0.28547220905947646,-3.3763002740156094
0.15803160632126426,PASSED,-0.2631769513161418,-0.053984734788684985,0.7021503472090123,2.642750736384968,0.2819302848455304,-3.652340173899736
0.15903180636127226,PASSED,-0.2632305642146693,-0.05325163623624554,0.7537306892597319,2.6430307318476243,0.2781159788052647,-3.9222832845097835
0.16003200640128026,PASSED,-0.2632834187154582,-0.05246768924473585,0.804091193009681,2.6433067805778445,0.27403552368056644,-4.185903018157138
0.16103220644128827,PASSED,-0.2633354645965491,-0.05163413833897344,0.8531907142642122,2.6435786196761057,0.26969537383993314,-4.442981055617444
0.16203240648129627,PASSED,-0.2633866529004213,-0.050752268206565254,0.9009897445041817,2.643845992803049,0.2651021969547008,-4.693307438309007
0.16303260652130427,PASSED,-0.2634369359733271,-0.0498234020469684,0.9474504363252991,2.6441086503885374,0.26026286554529504,-4.936680723470201
0.16403280656131225,PASSED,-0.2634862675029614,-0.048848899892047756,0.9925366339842033,2.6443663498321035,0.2551844482495632,-5.172908343906234
0.16503300660132025,PASSED,-0.2635346025544389,-0.04783015690144172,1.0362138950205935,2.6446188556946844,0.24987420102759164,-5.401806474015087
0.16603320664132826,PASSED,-0.2635818976045581,-0.04676860163779461,1.0784495093981195,2.6448659398814645,0.24433955826429807,-5.623200289479209
0.16703340668133626,PASSED,-0.26362811057432683,-0.04566569431818873,1.1192125264110384,2.645107381815726,0.2385881236521889,-5.8369241605291515
0.16803360672134426,PASSED,-0.2636732008597321,-0.04452292504695446,1.1584737677831018,2.6453429686035452,0.2326276609780991,-6.042821683130263
0.16903380676135227,PASSED,-0.263717129360734,-0.04334181203259693,1.1962058454071447,2.645572495189256,0.22646608487070294,-6.240745723573412
0.17003400680136027,PASSED,-0.26375985850846934,-0.042123899790315306,1.2323831735312725,2.6457957645015697,0.2201114514034109,-6.430558629771082
0.17103420684136827,PASSED,-0.2638013522906506,-0.0408707573289586,1.2669819865736633,2.64601258759026,0.21357194857750794,-6.612132289990854
0.17203440688137628,PASSED,-0.2638415762751479,-0.03958397632876281,1.2999803426105445,2.6462227837533234,0.2068558867936831,-6.785348113047475
0.17303460692138428,PASSED,-0.26388049763174454,-0.03826516931160429,1.3313581335238271,2.646426180654555,0.19997168923074918,-6.950097196191605
0.17403480696139229,PASSED,-0.26391808515205745,-0.03691596780137009,1.361097094707781,2.646622614431507,0.19292788219964627,-7.106280254377104
0.1750350070014003,PASSED,-0.2639543092676188,-0.03553802048160334,1.3891808031394017,2.6468119297937243,0.18573308539128763,-7.253807844346307
0.1760352070414083,PASSED,-0.2639891420661114,-0.03413299134935859,1.4155946849816472,2.646993980111275,0.1783960021410193,-7.3926001875496565
0.1770354070814163,PASSED,-0.26402255730575974,-0.03270255786906682,1.4403260104985274,2.64716862749353,0.17092540971711845,-7.522587248134995
0.17803560712142427,PASSED,-0.26405453042787413,-0.031248409126493692,1.463363897289526,2.6473357428581776,0.16333014950661895,-7.643708852075837
0.17903580716143228,PASSED,-0.2640850385675513,-0.02977224398592054,1.4846993027622344,2.647495205990473,0.15561911724753097,-7.755914530429424
0.18003600720144028,PASSED,-0.26411406056253545,-0.02827576925401486,1.5043250180013135,2.647646905592728,0.14780125330982002,-7.8591635425652955
0.18103620724144828,PASSED,-0.2641415769602456,-0.026760697848550716,1.5222356637726986,2.6477907393240723,0.13988553295692435,-7.953424893115923
0.1820364072814563,PASSED,-0.26416757002297653,-0.025228746976233726,1.5384276780131885,2.647926613830502,0.13188095663886312,-8.038677268024761
0.1830366073214643,PASSED,-0.26419202373128486,-0.0236816363234763,1.5528993025869218,2.648054444765249,0.12379654035393206,-8.11490896286857
0.1840368073614723,PASSED,-0.26421492378557015,-0.022121086257871025,1.5656505742841795,2.6481741567995716,0.11564130609908965,-8.182117782824967
0.1850370074014803,PASSED,-0.26423625760586567,-0.020548816043519304,1.5766833077300773,2.648285683623954,0.10742427230369668,-8.240311137104976
0.1860372074414883,PASSED,-0.26425601432985363,-0.018966542074799832,1.586001076045735,2.6483889679398565,0.09915444439782997,-8.289505751707846
0.1870374074814963,PASSED,-0.264274184809123,-0.0173759761281139,1.5936091937793964,2.64848396144206,0.09084080550023277,-8.329727661523444
0.1880376075215043,PASSED,-0.26429076160368753,-0.015778823629987258,1.5995147010248023,2.6485706247917022,0.08249230711520414,-8.361012200698752
0.1890378075615123,PASSED,-0.2643057389747855,-0.014176781950339393,1.6037263320632391,2.6486489275801346,0.07411786000931127,-8.383403709355608
0.19003800760152031,PASSED,-0.2643191128759832,-0.012571538719007054,1.6062544975117397,2.6487188482836856,0.06572632521340972,-8.396955520265498
0.19103820764152832,PASSED,-0.26433088094260665,-0.010964770164090034,1.607111259853876,2.6487803742094593,0.05732650507714631,-8.401729880262026
0.1920384076815363,PASSED,-0.2643410424795258,-0.009358139478117087,1.6063103033856607,2.648833501432312,0.04892713452448282,-8.397797667597793
0.1930386077215443,PASSED,-0.2643495984473202,-0.007753295214008082,1.6038669045912366,2.6488782347231474,0.04053687247708191,-8.385238300602992
0.1940388077615523,PASSED,-0.26435655144685316,-0.006151869707631956,1.5997979075660531,2.6489145874686644,0.03216429334201856,-8.364139691370248
0.1950390078015603,PASSED,-0.2643619057022853,-0.004555477531658638,1.594121688244829,2.6489425815827445,0.02381787874386722,-8.334597869338742
0.1960392078415683,PASSED,-0.26436566704255854,-0.0029657139836071554,1.5868581212559185,2.648962247409616,0.015506009414388445,-8.296716969572133
0.1970394078815763,PASSED,-0.2643678428813844,-0.001384153605758419,1.5780285489106147,2.6489736236189954,0.007236957214394083,-8.250609020275848
0.19803960792158432,PASSED,-0.2643684421957696,0.0001876512602974823,1.5676557441527594,2.648976757093384,-0.0009811225865641465,-8.196393654746485
0.19903980796159232,PASSED,-0.26436747550311523,0.001748171881918929,1.555763873267238,2.648971702807686,-0.009140198901612068,-8.134198088582213
0.20004000800160032,PASSED,-0.2643649548369258,0.0032959045068207925,1.5423784593249463,2.648958523701405,-0.017232372147432964,-8.064156683980022
0.20104020804160833,PASSED,-0.2643608937211664,0.004829371695986196,1.5275263423923742,2.648937290543551,-0.025249881423656938,-7.98641100438661
0.20204040808161633,PASSED,-0.2643553071433067,0.0063471236172803185,1.5112356405619543,2.64890808179053,-0.03318511145249856,-7.901109378478293
0.20304060812162433,PASSED,-0.2643482115260918,0.007847739298628528,1.4935357085390462,2.6488709834371864,-0.04103059926840294,-7.80840677418843
0.20404080816163234,PASSED,-0.264339624698081,0.009329827838806114,1.4744570946032804,2.64882608886128,-0.04877904070284137,-7.708464541271774
0.20504100820164034,PASSED,-0.26432956586299683,0.010792029576391911,1.4540314995741423,2.6487734986615656,-0.05642329665889659,-7.601450232577512
0.20604120824164834,PASSED,-0.2643180555679267,0.012233017215998026,1.4322917329607638,2.648713320489741,-0.06395639913885175,-7.487537311540267
0.20704140828165632,PASSED,-0.2643051156704207,0.013651496909493395,1.4092716671851069,2.648645668876508,-0.07137155697894465,-7.366904859127972
0.20804160832166432,PASSED,-0.26429076930453127,0.015046209291686668,1.3850061921987151,2.648570665051978,-0.07866216139884794,-7.239737460420145
0.20904180836167233,PASSED,-0.26427504084583786,0.0164159304735681,1.3595311750032426,2.648488436760669,-0.08582179130093932,-7.106224863205541
0.21004200840168033,PASSED,-0.26425795587550477,0.017759472985761558,1.3328834036536037,2.6483991180713553,-0.092844218272048,-6.966561709710775
0.21104220844168833,PASSED,-0.2642395411434163,0.01907568667643537,1.3051005486872866,2.64830284918201,-0.09972341136316304,-6.820947345384548
0.21204240848169634,PASSED,-0.2642198245304382,0.020363459564094365,1.2762211136401314,2.6481997762201255,-0.10645354158909642,-6.669585479632626
0.21304260852170434,PASSED,-0.2641988350098514,0.021621718639316608,1.246284382943649,2.6480900510386296,-0.11302898619958329,-6.512684031056346
0.21404280856171234,PASSED,-0.2641766026080066,0.02284943062078779,1.2153303804895321,2.64797383100771,-0.11944433264721725,-6.35045472535235
0.21504300860172035,PASSED,-0.2641531583642479,0.024045602662464714,1.183399815801856,2.6478512788027646,-0.1256943823073324,-6.183112949957023
0.21604320864172835,PASSED,-0.2641285342901535,0.025209283011031418,1.1505340370765993,2.6477225621887843,-0.13177415393829772,-6.01087741830419
0.21704340868173636,PASSED,-0.26410276332814325,0.026339561615522932,1.1167749827681244,2.6475878538014017,-0.1376788868624721,-5.8339699280878135
0.21804360872174436,PASSED,-0.2640758793095011,0.02743557068805918,1.0821651323816632,2.6474473309248916,-0.1434040438964977,-5.652615104650815
0.21904380876175236,PASSED,-0.2640479169118617,0.028496485214458796,1.0467474557449155,2.6473011752674065,-0.14894531396133243,-5.467040038290654
0.22004400880176037,PASSED,-0.26401891161621094,0.02952152341567802,1.0105653648687583,2.6471495727336647,-0.15429861451341395,-5.277474227942116
0.22104420884176834,PASSED,-0.2639888996634491,0.03050994716131742,0.9736626661531623,2.6469927131954276,-0.1594600936248769,-5.084149033810209
0.22204440888177635,PASSED,-0.2639579180105656,0.03146106233290861,0.9360835085498668,2.64683079025997,-0.16442613182530952,-4.887297644847571
0.22304460892178435,PASSED,-0.2639260042864758,0.03237421913730738,0.8978723349647252,2.6466640010368696,-0.16919334368468578,-4.687154669062016
0.22404480896179235,PASSED,-0.26389319674756617,0.033248812373878035,0.8590738376412655,2.6464925459033197,-0.17375857914461754,-4.483955987178275
0.22504500900180036,PASSED,-0.2638595342329999,0.03408428165039255,0.8197329024300214,2.646316628268277,-0.1781189245548475,-4.277938358931073
0.22604520904180836,PASSED,-0.26382505611982887,0.034880111550617605,0.7798945654217287,2.6461364543357058,-0.18227170341660195,-4.069339196970024
0.22704540908181636,PASSED,-0.26378980227796156,0.03563583175673956,0.739603966588774,2.645952232867135,-0.1862144769823338,-3.8583964782396736
0.22804560912182437,PASSED,-0.2637538130250341,0.03635101712075918,0.6989062956401831,2.645764174943831,-0.18994504451564476,-3.6453482366918264
0.22904580916183237,PASSED,-0.2637171290812329,0.037025287688624904,0.6578467493494133,2.6455724937288303,-0.19346144323694361,-3.430432377703566
0.23004600920184037,PASSED,-0.26367979152411497,0.03765830868098564,0.616470487701614,2.6453774042290727,-0.19676194815922457,-3.213886618665921
0.23104620924184838,PASSED,-0.26364184174347294,0.03824979042409583,0.5748225800492497,2.645179123057894,-0.1998450716137435,-2.9959480117542396
0.23204640928185638,PASSED,-0.2636033213962912,0.0387994882353866,0.5329479654517819,2.6449778681981195,-0.20270956246447652,-2.7768527433855463
0.23304660932186438,PASSED,-0.2635642723618382,0.03930720226523627,0.49089140611493337,2.6447738587660177,-0.2053544051684148,-2.556836010973465
0.2340468093618724,PASSED,-0.26352473669693993,0.03977277729368077,0.4486974433308723,2.644567314776319,-0.20777881860719183,-2.3361317239793924
0.23504700940188036,PASSED,-0.2634847565914791,0.04019610248190488,0.40641035148626686,2.644358456908565,-0.20998225460698453,-2.1149721836682813
0.23604720944188837,PASSED,-0.2634443743241635,0.040577111081235656,0.3640740978937862,2.644147506275005,-0.21196439627359628,-1.893587988574069
0.23704740948189637,PASSED,-0.26340363221860624,0.04091578010149368,0.3217323018341893,2.64393468419027,-0.21372515613832518,-1.672207782165482
0.23804760952190437,PASSED,-0.2633625725997598,0.04121212993483185,0.2794281876741586,2.6437202119430405,-0.21526467403315683,-1.451057969942411
0.23904780956191238,PASSED,-0.26332123775074623,0.04146622393850872,0.23720454767867818,2.6435043105699276,-0.21658331475341736,-1.230362553805911
0.24004800960192038,PASSED,-0.26327966987012236,0.04167816798160174,0.19510370670258628,2.6432872006317782,-0.21768166555875096,-1.0103429730187372
0.24104820964192838,PASSED,-0.263237911029621,0.04184810994874595,0.15316747410529974,2.643069101992609,-0.2185605334364778,-0.7912178141989065
0.2420484096819364,PASSED,-0.2631960031324064,0.04197623920493665,0.11143711091428954,2.6428502336013806,-0.2192209421355044,-0.5732026222450946
0.2430486097219444,PASSED,-0.2631539878718811,0.04206278602756125,0.06995329709814654,2.6426308132767855,-0.21966412907833194,-0.3565098232158319
0.2440488097619524,PASSED,-0.26311190669108203,0.04210802099852826,0.028756086879600497,2.642411057495259,-0.21989154206184122,-0.1413484237049052
0.2450490098019604,PASSED,-0.2630698007427018,0.04211225435985936,-0.012115122367910564,2.6421911811824006,-0.21990483570422353,0.07207621183274815
0.2460492098419684,PASSED,-0.263027710849768,0.04207583533954143,-0.052621618951283096,2.6419713975079566,-0.21970586783392393,0.2835623092775219
0.2470494098819764,PASSED,-0.2629856774670178,0.04199915144002798,-0.09272541988822434,2.641751917684572,-0.21929669564449814,0.4929121095246918
0.2480496099219844,PASSED,-0.26294374064299686,0.04188262769596693,-0.13238929350959946,2.6415329507704537,-0.2186795716520956,0.6999319143211175
0.24904980996199239,PASSED,-0.2629019399829175,0.04172672590082772,-0.17157679622562746,2.6413147034761155,-0.21785693957895777,0.9044321790156372
0.2500500100020004,PASSED,-0.2628603146123044,0.04153194380334614,-0.21025229831886127,2.641097379975365,-0.21683143002516325,1.106227803647101
0.2510502100420084,PASSED,-0.2628189031414587,0.04129881427495979,-0.24838101509802252,2.640881181720656,-0.21560585601337998,1.30513815054076
0.2520504100820164,PASSED,-0.2627777436307684,0.04102790444928955,-0.28592903271838754,2.6406663072629946,-0.214183208382529,1.5009872843911027
0.2530506101220244,PASSED,-0.2627368735568919,0.04071981483554042,-0.3228633344362844,2.6404529520764797,-0.21256665107323477,1.6936039925629855
0.2540508101620324,PASSED,-0.2626963297798418,0.04037517840556694,-0.3591518269982752,2.6402413083876457,-0.2107595162840621,1.8828219869124738
0.2550510102020404,PASSED,-0.26265614851099295,0.03999465965702175,-0.39476336290979924,2.6400315650097297,-0.20876529945277084,2.0684800608771154
0.2560512102420484,PASSED,-0.26261636528203824,0.03957895365426605,-0.4296677626529589,2.6398239071819662,-0.20658765418573152,2.250422071147474
0.2570514102820564,PASSED,-0.26257701491491625,0.03912878504552281,-0.4638358394701059,2.639618516414002,-0.2042303871168201,2.4284970674207003
0.2580516103220644,PASSED,-0.26253813149272986,0.03864490706033197,-0.49723941567131913,2.6394155703355975,-0.2016974525146604,2.6025596253190177
0.2590518103620724,PASSED,-0.262499748331678,0.03812810048838415,-0.5298513427988203,2.639215242551633,-0.19899294694577999,2.7724695312546697
0.2600520104020804,PASSED,-0.262461897954018,0.03757917263837664,-0.5616455214799667,2.639017702502591,-0.19612110379166342,2.938092236024493
0.26105221044208843,PASSED,-0.26242461206207673,0.036998956280040775,-0.5925969162397972,2.6388231153305153,-0.1930862876829173,3.0992986905605764
0.26205241048209643,PASSED,-0.2623879215133275,0.036388308572205375,-0.6226815688991314,2.6386316417506075,-0.18989298884824474,3.255965597413901
0.26305261052210444,PASSED,-0.2623518562965468,0.03574810997417386,-0.6518766174531028,2.638443437928472,-0.18654581741674164,3.407975320895929
0.26405281056211244,PASSED,-0.26231644550906613,0.035079263143371946,-0.6801603063677835,2.638258655363111,-0.18304949765583567,3.5552160542459723
0.26505301060212044,PASSED,-0.2622817173351305,0.03438269182403202,-0.707511994654687,2.6380774407757053,-0.17940886213840485,3.697581826220715
0.26605321064212845,PASSED,-0.2622476990253764,0.03365933972115975,-0.7339121750173239,2.637899936004251,-0.17562884587087893,3.8349725617294124
0.26705341068213645,PASSED,-0.26221441687743846,0.032910169366173025,-0.7593424749663241,2.6377262779041,-0.17171448035660128,3.96729414930984
0.26805361072214445,PASSED,-0.26218189621769455,0.03213616097603739,-0.783785666915178,2.6375565982544136,-0.16767088767991808,4.094458361598786
0.26905381076215246,PASSED,-0.2621501613841567,0.03133831130216079,-0.8072256785175503,2.6373910236706135,-0.1635032744875901,4.216383079480732
0.27005401080216046,PASSED,-0.2621192357105153,0.030517632473530357,-0.8296475953723527,2.6372296755228333,-0.15921692594163459,4.332992190272076
0.2710542108421684,PASSED,-0.2620891415113411,0.029675150838515112,-0.8510376614438344,2.637072669860355,-0.1548171997854964,4.444215466715599
0.2720544108821764,PASSED,-0.26205990006845004,0.02881190579814047,-0.8713832929951804,2.6369201173421315,-0.15030952022607516,4.549988954558322
0.2730546109221844,PASSED,-0.2620315316184331,0.027928948639768237,-0.890673068623604,2.636772123173333,-0.14569937184217507,4.650254670127906
0.2740548109621924,PASSED,-0.2620040553413545,0.02702734136961199,-0.9088967378446803,2.636628787047929,-0.1409922936636367,4.744960517478711
0.2750550110022004,PASSED,-0.2619774893506171,0.02610815554361878,-0.926045218092234,2.6364902030973707,-0.1361938730021683,4.834060757461567
0.2760552110422084,PASSED,-0.2619518506839961,0.025172471100299777,-0.9421105934701839,2.6363564598452602,-0.13130973943072718,4.917515447427444
0.27705541108221643,PASSED,-0.26192715529583904,0.024221375195341465,-0.9570861126170711,2.636227640168098,-0.1263455588237462,4.995290713350014
0.27805561112222443,PASSED,-0.2619034180504281,0.023255961040777876,-0.9709661825279333,2.6361038212619987,-0.12130702731385996,5.067358707577052
0.27905581116223244,PASSED,-0.26188065271650374,0.0222773267462867,-0.9837463691333427,2.6359850746154403,-0.11619986527519519,5.133697592723258
0.28005601120224044,PASSED,-0.261858871962941,0.021286574167546406,-0.995423385144923,2.635871465987931,-0.11102981145433924,5.194291306277764
0.28105621124224844,PASSED,-0.2618380873555759,0.020284807761480648,-1.0059950866796488,2.63576305539463,-0.1058026170422125,5.249129816026045
0.28205641128225645,PASSED,-0.2618183093551723,0.019273133448072317,-1.015460464560784,2.6356598970968235,-0.10052403978105504,5.298208891245074
0.28305661132226445,PASSED,-0.26179954731652244,0.0182526574814447,-1.023819634672172,2.635562039598265,-0.0951998381789004,5.341530076094336
0.28405681136227245,PASSED,-0.26178180948867147,0.017224485330315675,-1.0310738287669237,2.6354695256472795,-0.0898357657597628,5.379100647833105
0.28505701140228046,PASSED,-0.2617651030162554,0.0161897205700836,-1.0372253812088512,2.635382392244624,-0.0844375653151609,5.410933642447767
0.28605721144228846,PASSED,-0.2617494339419422,0.015149463785635595,-1.0422777199407722,2.6353006706569873,-0.07901096331341596,5.43704757460971
0.28705741148229647,PASSED,-0.261734807209963,0.014104811487192344,-1.0462353507782394,2.6352243864361293,-0.07356166430797165,5.457466626000729
0.28805761152230447,PASSED,-0.2617212266707198,0.01305685504037558,-1.0491038441757798,2.635153559443539,-0.06809534540145831,5.472220426855076
0.28905781156231247,PASSED,-0.26170869508645744,0.012006679609695915,-1.0508898216822589,2.6350882038805463,-0.06261765089383386,5.4813438948040165
0.2900580116023205,PASSED,-0.2616972141379824,0.010955363118957282,-1.051600936776213,2.6350283283238456,-0.0571341868813905,5.484877424202935
0.2910582116423285,PASSED,-0.2616867844324147,0.009903975226409402,-1.0512458630623278,2.6349739357662836,-0.05165051600472339,5.482866511643224
0.2920584116823365,PASSED,-0.2616774055119537,0.008853576319037978,-1.049834270244151,2.6349250236628996,-0.04617215230303706,5.475361828381724
0.2930586117223445,PASSED,-0.261669075863643,0.0078052165234800365,-1.0473768124338023,2.6348815839820428,-0.04070455614213271,5.462419049252768
0.2940588117623525,PASSED,-0.2616617929301137,0.00675993473520707,-1.043885105499077,2.6348436032615576,-0.035253129193688976,5.444098881237719
0.2950590118023605,PASSED,-0.26165555312128724,0.00571875767049949,-1.0393717041799162,2.6348110626698746,-0.029823209587853262,5.420466755567715
0.2960592118423685,PASSED,-0.26165035182701873,0.00468269893543281,-1.0338500889911881,2.634783938071919,-0.02442006717387631,5.391592852916449
0.2970594118823765,PASSED,-0.2616461834306588,0.0036527581168676986,-1.0273346382810613,2.6347622000997517,-0.019048898797554666,5.357552058591775
0.2980596119223845,PASSED,-0.26164304132351357,0.0026299198972894716,-1.0198406071096706,2.6347458142278155,-0.013714823760186812,5.31842368988524
0.29905981196239245,PASSED,-0.26164091792017863,0.0016151531900398582,-1.011384107342909,2.634734740852663,-0.008422879430327556,5.274291423175266
0.30006001200240046,PASSED,-0.2616398046747271,0.0006094102979282966,-1.0019820819573302,2.634728935377062,-0.0031780168998834396,5.225243268623352
0.30106021204240846,PASSED,-0.2616396920977251,-0.0003863739032778465,-0.9916522807053518,2.63472834829838,0.0020149032631985695,5.171371426054447
0.30206041208241646,PASSED,-0.261640569774053,-0.001371282756787104,-0.9804132353785281,2.6347329253010754,0.007151115015890152,5.112771970449672
0.30306061212242447,PASSED,-0.2616424263815059,-0.002344418593578727,-0.9682842377336864,2.634742607353201,0.01222595077473718,5.0495449511119315
0.30406081216243247,PASSED,-0.2616452497101498,-0.0033049034743549695,-0.9552853094712794,2.634757330806805,0.017234845321310064,4.981794276880184
0.3050610122024405,PASSED,-0.2616490266824052,-0.004251879903878106,-0.9414371762243752,2.634777027502059,0.02217333941614845,4.909627306810517
0.3060612122424485,PASSED,-0.261653743373835,-0.005184511521566731,-0.9267612453314578,2.6348016248750104,0.027037083317100214,4.833154963712599
0.3070614122824565,PASSED,-0.261659385034607,-0.006101983764750389,-0.911279575085124,2.634831046068818,0.031821840280715774,4.752491630217543
0.3080616123224645,PASSED,-0.2616659361116054,-0.007003504501697008,-0.8950148448542826,2.634865210048312,0.03652348977205127,4.667754732080792
0.3090618123624725,PASSED,-0.26167338027116366,-0.007888304639640928,-0.8779903333370124,2.6349040317177668,0.04113803056552089,4.579064834395509
0.3100620124024805,PASSED,-0.2616817004223892,-0.008755638703434982,-0.86022988409875,2.634947422041736,0.04566158382681469,4.486545545892649
0.3110622124424885,PASSED,-0.26169087874105407,-0.009604785386691891,-0.841757882695682,2.6349952881687875,0.05009039588443504,4.390323065438816
0.3120624124824965,PASSED,-0.26170089669402025,-0.010435048071492837,-0.822599219537789,2.6350475335580192,0.054420840909992045,4.290526332302466
0.3130626125225045,PASSED,-0.2617117350641722,-0.011245755321945255,-0.8027792710621734,2.6351040581081926,0.058649423535583924,4.187286821118146
0.3140628125625125,PASSED,-0.2617233739758276,-0.012036261347710754,-0.7823238622343841,2.635164758289332,0.06277278120368475,4.080738232755943
0.3150630126025205,PASSED,-0.26173579292059507,-0.012805946435214835,-0.7612592376838802,2.6352295272766555,0.06678768639828336,3.9710165024937103
0.3160632126425285,PASSED,-0.2617489707836508,-0.013554217352492806,-0.7396120370073639,2.635298255086695,0.07069104882432829,3.8582597084123904
0.3170634126825365,PASSED,-0.26176288587040414,-0.014280507723433398,-0.7174092602294091,2.6353708287153927,0.07447991725686652,3.742607581955434
0.3180636127225445,PASSED,-0.2617775159335209,-0.01498427836984334,-0.6946782371969651,2.6354471322781183,0.07815148137721893,3.62420181261705
0.3190638127625525,PASSED,-0.26179283820027527,-0.015665017624594435,-0.6714465997871808,2.635527047151353,0.08170307342825732,3.5031855433192822
0.3200640128025605,PASSED,-0.2618088294001999,-0.01632224161589804,-0.6477422523145533,2.6356104521159915,0.08513216968688858,3.37970340217257
0.32106421284256853,PASSED,-0.26182546579300403,-0.016955494519790178,-0.6235933382772012,2.6356972235019875,0.08843639175950091,3.253901186238834
0.32206441288257653,PASSED,-0.2618427231967285,-0.017564348780655572,-0.5990282092575224,2.635787235334312,0.0916135078109035,3.1259259615117405
0.32306461292258454,PASSED,-0.2618605770161087,-0.018148405305311446,-0.57407540158811,2.6358803594799727,0.09466143357698202,2.9959256357897375
0.32406481296259254,PASSED,-0.26187900227111405,-0.018707293625030492,-0.5487635984730097,2.63597646579599,0.09757823318411565,2.8640489213628997
0.32506501300260054,PASSED,-0.26189797362563433,-0.01924067202492963,-0.523121600849894,2.6360754222781746,0.10036211992797925,2.730445292197398
0.32606521304260855,PASSED,-0.26191746541628275,-0.01974822764776856,-0.49717830416495745,2.636177095210521,0.10301145680542831,2.5952646009501397
0.32706541308261655,PASSED,-0.2619374516812856,-0.020229676565142754,-0.4709626595136848,2.6362813493151096,0.10552475690796058,2.458657103587037
0.3280656131226245,PASSED,-0.261957906189429,-0.020684763818591446,-0.44450364940536624,2.636388047902315,0.10790068369437497,2.3207732416326357
0.3290658131626325,PASSED,-0.2619788024690316,-0.021113263432215673,-0.4178302564368012,2.6364970530212157,0.11013805110061033,2.1817635159705
0.3300660132026405,PASSED,-0.262000113836917,-0.021514978396673472,-0.3909714364717972,2.6366082256100194,0.11223582347887935,2.0417782864680434
0.3310662132426485,PASSED,-0.262021813427353,-0.021889740622272683,-0.36395608501748616,2.636721425646368,0.1141931153940931,1.9009676677109133
0.3320664132826565,PASSED,-0.2620438742209304,-0.022237410862744424,-0.3368130107745774,2.6368365122973674,0.11600919129286308,1.7594813861426981
0.3330666133226645,PASSED,-0.2620662690733539,-0.022557878614476362,-0.3095709123701824,2.6369533440692177,0.11768346502382428,1.61746862750685
0.3340668133626725,PASSED,-0.2620889707441138,-0.022851061982838157,-0.28225833902286884,2.6370717789562517,0.1192154991614229,1.4750778109931455
0.3350670134026805,PASSED,-0.2621119519250132,-0.023116907522337585,-0.25490367315046586,2.637191674589291,0.12060500426096817,1.3324566252466667
0.33606721344268853,PASSED,-0.2621351852685215,-0.02335539005172641,-0.22753510021439924,2.637312888383125,0.12185183792015775,1.189751681818179
0.33706741348269653,PASSED,-0.2621586434159274,-0.02356651243752914,-0.20018057619494592,2.637435277683008,0.12295600369704662,1.0471085069359871
0.33806761352270454,PASSED,-0.2621822990252644,-0.023750305353686847,-0.17286780946621283,2.6375586999100276,0.12391764994697822,0.9046714119286764
0.33906781356271254,PASSED,-0.2622061247989829,-0.023906827016666528,-0.14562423198866117,2.637683012705206,0.12473706847834662,0.7625832776615559
0.34006801360272054,PASSED,-0.2622300935113417,-0.02403616289014199,-0.11847696779999874,2.637808074072165,0.1254146930109791,0.6209853692797603
0.34106821364272855,PASSED,-0.2622541780354948,-0.02413842536707889,-0.09145281636149605,2.6379337425182987,0.12595109766683954,0.4800175135809007
0.34206841368273655,PASSED,-0.2622783513702481,-0.02421375343025399,-0.06457822771750121,2.6380598771942454,0.12634699521500392,0.3398175712200274
0.34306861372274455,PASSED,-0.2623025866664605,-0.02426231228150262,-0.037879266936046825,2.63818633803157,0.12660323513253163,0.2005214817328299
0.34406881376275256,PASSED,-0.2623268572530674,-0.024284292952637957,-0.011381607268193802,2.638312985878544,0.1267208017331624,0.062263346562728125
0.34506901380276056,PASSED,-0.2623511366627017,-0.02427991189360682,0.014889503230686479,2.6384396826338463,0.12670081200530217,-0.07482511080888743
0.34606921384276856,PASSED,-0.26237539865689014,-0.02424941053412684,0.040909263646180465,2.6385662913781354,0.1265445133632938,-0.21061432947467454
0.34706941388277657,PASSED,-0.26239961725080313,-0.0241930548266908,0.06665333662927796,2.638692676503323,0.1262532813785687,-0.3449770882254056
0.34806961392278457,PASSED,-0.26242376673753565,-0.024111134768250282,0.09209787298135155,2.6388187038394615,0.12582861729011358,-0.4777887552749142
0.3490698139627926,PASSED,-0.26244782171190006,-0.02400396390045038,0.1172195310122665,2.6389442407791126,0.125272145411895,-0.6089272935143879
0.3500700140028006,PASSED,-0.26247175709370824,-0.023871878789148978,0.14199549816082488,2.6390691563991435,0.12458561056466215,-0.738273216378481
0.3510702140428086,PASSED,-0.26249554815052584,-0.023715238487273412,0.16640350435205617,2.6391933215797563,0.12377087522099364,-0.8657100951951971
0.3520704140828166,PASSED,-0.26251917051987844,-0.023534423977931384,0.19042184600201276,2.639316609120748,0.12282991665682412,-0.9911242101524026
0.3530706141228246,PASSED,-0.2625426002308917,-0.02332983759773015,0.2140294030007213,2.6394388938548343,0.12176482405143604,-1.1144048688785362
0.3540708141628326,PASSED,-0.2625658137253487,-0.023101902446735403,0.23720564965742857,2.6395600527579814,0.12057779537677031,-1.2354445451905374
0.3550710142028406,PASSED,-0.2625887878781469,-0.02285106178028769,0.25993067764123495,2.639679965056631,0.11927113425312758,-1.3541388426108716
0.35607121424284854,PASSED,-0.26261150001713984,-0.022577778384292185,0.2821852082316873,2.6397985123317618,0.11784724678723722,-1.4703865480766656
0.35707141428285655,PASSED,-0.26263392794234713,-0.022282533936949886,0.3039506067493747,2.639915578619679,0.11630863823248556,-1.5840898925350122
0.35807161432286455,PASSED,-0.26265604994452,-0.021965828357713248,0.3252088942281482,2.640031050509475,0.11465790959657775,-1.6951544648230363
0.35907181436287255,PASSED,-0.2626778448230468,-0.021628179139714102,0.34594276717981,2.6401448172370543,0.11289775421103887,-1.8034893326827561
0.36007201440288056,PASSED,-0.26269929190318764,-0.021270120672841248,0.3661356000015464,2.640256770775723,0.11103095425630698,-1.9090070360979883
0.36107221444288856,PASSED,-0.2627203710526245,-0.020892203553473335,0.38577146561215825,2.6403668059231618,0.10906037708384426,-2.0116239300391885
0.36207241448289657,PASSED,-0.2627410626973166,-0.020494993883821394,0.40483513901179236,2.640474820384855,0.1069889716498678,-2.111259769934654
0.36307261452290457,PASSED,-0.2627613478366499,-0.020079072561952262,0.4233121104406869,2.640580714853821,0.10481976485033252,-2.207838152602362
0.3640728145629126,PASSED,-0.262781208057872,-0.019645034561372825,0.4411885940052689,2.640684393086612,0.10255585765463812,-2.301286557755756
0.3650730146029206,PASSED,-0.26280062554980216,-0.019193488202077925,0.45845153615465584,2.640785761975568,0.10020042140354571,-2.3915360466501863
0.3660732146429286,PASSED,-0.26281958311581055,-0.018725054416522755,0.4750886184888439,2.6408847316172417,0.09775669399231983,-2.4785216542763426
0.3670734146829366,PASSED,-0.2628380641860576,-0.018240366006334725,0.4910882713208199,2.64098121537698,0.09522797592524462,-2.562182342274447
0.3680736147229446,PASSED,-0.26285605282898755,-0.01774006689170115,0.506439676842079,2.6410751299496016,0.0926176264294035,-2.642460931552258
0.3690738147629526,PASSED,-0.2628735337620722,-0.017224811360967707,0.5211327666610132,2.641166395416154,0.08992905954332912,-2.7193041890891227
0.3700740148029606,PASSED,-0.26289049236179785,-0.016695263311881915,0.5351582373689817,2.641254935296738,0.08716574015144003,-2.792662860422404
0.3710742148429686,PASSED,-0.26290691467289323,-0.016152095487735305,0.548507548665033,2.6413406765993335,0.08433117996132464,-2.86249174324408
0.3720744148829766,PASSED,-0.26292278741679487,-0.015595988716528798,0.5611729195674916,2.6414235498646508,0.08142893352585169,-2.928749563625526
0.3730746149229846,PASSED,-0.262938097999347,-0.01502763114405274,0.5731473410817675,2.64150348920697,0.07846259426160586,-2.9913990646593644
0.3740748149629926,PASSED,-0.26295283451773593,-0.014447717465767179,0.5844245697547589,2.6415804323509757,0.07543579039071734,-3.0504070750412904
0.3750750150030006,PASSED,-0.2629669857666571,-0.013856948161033715,0.5949991280526008,2.641654320664535,0.07235218088936997,-3.1057444522181092
0.3760752150430086,PASSED,-0.2629805412437154,-0.013256028726814726,0.6048663049965822,2.6417250991875085,0.06921545155884078,-3.157385916069909
0.3770754150830166,PASSED,-0.2629934911540596,-0.012645668911153202,0.6140221561048193,2.6417927166564854,0.0660293109240434,-3.2053104472823386
0.3780756151230246,PASSED,-0.26300582641425324,-0.012026581950855474,0.6224634964263339,2.641857125525543,0.06279748622673592,-3.249500863990928
0.3790758151630326,PASSED,-0.26301753865538346,-0.011399483812276078,0.6301879000147692,2.641918281982984,0.05952371949344118,-3.289943979497289
0.38007601520304063,PASSED,-0.2630286202254122,-0.010765092433712868,0.6371936975955035,2.6419761459640996,0.05621176350680168,-3.3266306580676392
0.38107621524304863,PASSED,-0.26303906419077283,-0.010124126973321492,0.6434799689219566,2.6420306811599583,0.05286537783876445,-3.3595556746836195
0.38207641528305664,PASSED,-0.26304886433721786,-0.009477307063346213,0.6490465373441606,2.6420818550222607,0.0494883249728036,-3.38871766014566
0.38307661532306464,PASSED,-0.263058015169923,-0.008825352069539943,0.6538939647810077,2.6421296387642665,0.04608436636329707,-3.4141192424137854
0.3840768153630726,PASSED,-0.2630665119128533,-0.008168980355383085,0.6580235470740922,2.642174007357848,0.04265725855867926,-3.4357668460871547
0.3850770154030806,PASSED,-0.2630743505073995,-0.007508908556532444,0.6614373000350079,2.6422149395266907,0.03921074941280892,-3.4536706790591234
0.3860772154430886,PASSED,-0.26308152761029147,-0.006845850862052663,0.6641379574429626,2.6422524177356927,0.03574857428003347,-3.467844768586339
0.3870774154830966,PASSED,-0.26308804059079705,-0.006180518304258476,0.6661289580283384,2.6422864281765857,0.03227445224030887,-3.4783068871501066
0.3880776155231046,PASSED,-0.26309388752721596,-0.005513618057347669,0.6674144394991209,2.6423169607498536,0.028792082452610102,-3.4850783880645415
0.3890778155631126,PASSED,-0.2630990672026782,-0.004845852747758068,0.6679992229832541,2.642344009042964,0.025305140489887485,-3.488184345828002
0.3900780156031206,PASSED,-0.2631035791002572,-0.004177919774840793,0.6678888062066224,2.642367570305015,0.02181727475430982,-3.487653328744105
0.3910782156431286,PASSED,-0.26310742339740867,-0.0035105106402047,0.6670893535890726,2.642387645417788,0.01833210294099357,-3.4835174696976807
0.3920784156831366,PASSED,-0.2631106009597471,-0.002844310292863049,0.6656076765100376,2.6424042388633295,0.014853208580107856,-3.475812288344401
0.3930786157231446,PASSED,-0.2631131133341716,-0.002179996484565221,0.6634512294896889,2.642417358688099,0.011384137658564927,-3.4645766770086133
0.3940788157631526,PASSED,-0.26311496274135454,-0.0015182391380853147,0.6606280911400508,2.6424270164637482,0.007928395261056789,-3.4498528778411557
0.3950790158031606,PASSED,-0.2631161520676056,-0.0008596997305313435,0.657146951829918,2.642433227244599,0.004489442301558651,-3.43168634726946
0.39607921584316863,PASSED,-0.26311668485612477,-0.00020503068861242647,0.6530171019782497,2.6424360095219104,0.0010706923767557469,-3.4101256431585343
0.39707941588317663,PASSED,-0.2631165652976607,0.0004451251985029651,0.6482484105401528,2.6424353851749993,-0.0023244913524845443,-3.385222453294796
0.39807961592318464,PASSED,-0.26311579822058595,0.00109013535467293,0.6428513199231729,2.642431379419274,-0.005692799241121588,-3.357031512198541
0.39907981596319264,PASSED,-0.2631143890804077,0.0017293779744160882,0.6368368196231486,2.6424240207513185,-0.009030978019657276,-3.3256102894271193
0.40008001600320064,PASSED,-0.2631123439487279,0.002362242563767963,0.6302164358376925,2.6424133408910397,-0.012335833697104873,-3.291019269461248
0.40108021604320865,PASSED,-0.26310966950166886,0.002988130468934954,0.6230022180531911,2.642399374721017,-0.015604234369023208,-3.2533216068897257
0.40208041608321665,PASSED,-0.2631063730077825,0.003606455382763834,0.6152067110126718,2.6423821602231206,-0.018833112832326547,-3.2125830342457458
0.40308061612322466,PASSED,-0.26310246231545836,0.004216643836588081,0.606842949031964,2.642361738412481,-0.022019469218193814,-3.168871953614941
0.40408081616323266,PASSED,-0.2630979458398495,0.004818135676598517,0.597924433996085,2.6423381532689403,-0.025160373488845096,-3.122259148675509
0.40508101620324066,PASSED,-0.2630928325493326,0.005410384518037529,0.5884651130676314,2.642311451666012,-0.02825296784063558,-3.072817820533797
0.40608121624324867,PASSED,-0.2630871319515208,0.005992858183492431,0.5784793670464139,2.6422816832975324,-0.03129446898289192,-3.0206233567380325
0.40708141628325667,PASSED,-0.2630808540788487,0.006565039123438438,0.5679819885457381,2.6422489006020204,-0.03428217037777735,-2.9657534203170233
0.4080816163232647,PASSED,-0.2630740094737458,0.007126424816548653,0.5569881628198636,2.6422131586848874,-0.037213444362593016,-2.9082876944814355
0.4090818163632727,PASSED,-0.26306660917342023,0.007676528151020505,0.5455134489065118,2.642174515238601,-0.04008574409644479,-2.8483077600986633
0.4100820164032807,PASSED,-0.26305866469426853,0.008214877788108393,0.5335737625421404,2.6421330304608803,-0.042896605512525936,-2.785897186736145
0.4110822164432887,PASSED,-0.2630501880159345,0.008741018504166514,0.5211853517354412,2.6420887669710513,-0.04564364911885553,-2.7211412193919
0.4120824164832967,PASSED,-0.2630411915650333,0.00925451151478254,0.5083647832030811,2.642041789724636,-0.04832458167233143,-2.65412677619857
0.41308261652330464,PASSED,-0.2630316881985629,0.009754934778493082,0.49512891738218356,2.6419921659263217,-0.05093719777116953,-2.5849423139311156
0.41408281656331264,PASSED,-0.2630216911870211,0.010241883280255765,0.4814948913496806,2.641939964941366,-0.05347938136792187,-2.5136777852998318
0.41508301660332064,PASSED,-0.26301121419724977,0.01071496929527316,0.46748009746253716,2.64188525820559,-0.055949107126794344,-2.4404244079208994
0.41608321664332865,PASSED,-0.2630002712750239,0.011173822632742336,0.4531021641402689,2.641828119134047,-0.05834444166466862,-2.365274624509865
0.41708341668333665,PASSED,-0.2629888768274087,0.011618090859637172,0.4383789353978798,2.6417686230284496,-0.06066354479206346,-2.288322129318167
0.41808361672334465,PASSED,-0.2629770456049022,0.01204743950306558,0.4233284487820968,2.6417068469835243,-0.06290467050227849,-2.209661430812936
0.41908381676335266,PASSED,-0.26296479268338524,0.012461552234404722,0.4079689197105038,2.6416428697923213,-0.06506616793582404,-2.1293881020339493
0.42008401680336066,PASSED,-0.26295213344589846,0.01286013103122937,0.39231871490074166,2.641576771850664,-0.06714648225470994,-2.047598463453899
0.42108421684336866,PASSED,-0.26293908356426665,0.013242896319709556,0.3763963375331478,2.6415086350607897,-0.06914415533328416,-1.9643894886544548
0.42208441688337667,PASSED,-0.2629256589805907,0.013609587098141583,0.36022040569794533,2.641438542734322,-0.07105782639709853,-1.8798587805876301
0.42308461692338467,PASSED,-0.2629118758886274,0.013959961037834954,0.34380962902365253,2.64136657949465,-0.07288623258295077,-1.7941044560286468
0.4240848169633927,PASSED,-0.2628977507150767,0.014293794564997785,0.32718279258895233,2.6412928311788697,-0.07462820929145574,-1.7072248768225298
0.4250850170034007,PASSED,-0.26288330010079736,0.014610882924859965,0.31035873804433023,2.6412173847393396,-0.0762826905162692,-1.6193187901407429
0.4260852170434087,PASSED,-0.26286854088196954,0.014911040222780936,0.2933563378387338,2.641140328144983,-0.07784870910033179,-1.5304851133438273
0.4270854170834167,PASSED,-0.2628534900712259,0.015194099445480252,0.27619447927303836,2.64106175028245,-0.07932539676158872,-1.4408226931989896
0.4280856171234247,PASSED,-0.2628381648387687,0.015459912466950661,0.25889204960198997,2.640981740857221,-0.08071198410711586,-1.3504304470792419
0.4290858171634327,PASSED,-0.26282258249349394,0.01570835003159389,0.2414679080040546,2.6409003902947625,-0.08200780058306778,-1.2594071618670504
0.4300860172034407,PASSED,-0.2628067604641415,0.015939301716364825,0.22394086928218468,2.6408177896418454,-0.08321227420897262,-1.1678512685966806
0.4310862172434487,PASSED,-0.26279071628048917,0.016152675879590885,0.2063296925219793,2.6407340304681184,-0.08432493126708647,-1.0758609177919514
0.4320864172834567,PASSED,-0.26277446755461165,0.016348399587067148,0.18865305077912242,2.6406492047680308,-0.08534539595376395,-0.9835338659344778
0.4330866173234647,PASSED,-0.26275803196222014,0.016526418519558887,0.17092952030014769,2.640563404863209,-0.08627338984700338,-0.8909672447760577
0.4340868173634727,PASSED,-0.262741427224104,0.01668669686437156,0.15317756115435974,2.6404767233053823,-0.08710873128954752,-0.798257574389514
0.4350870174034807,PASSED,-0.26272467108768954,0.01682921718740364,0.13541549761722996,2.6403892527799577,-0.08785133472424053,-0.7055006748953407
0.4360872174434887,PASSED,-0.26270778130873645,0.01695398028777036,0.11766150219971411,2.6403010860103158,-0.08850120992898475,-0.6127915579768033
0.4370874174834967,PASSED,-0.26269077563318677,0.017061005035817714,0.0999335786124453,2.6402123156629496,-0.08905846110150142,-0.5202242488765917
0.4380876175235047,PASSED,-0.2626736717791858,0.017150328193268696,0.08224954334333995,2.6401230342535142,-0.0895232859110532,-0.42789185000188207
0.43908781756351273,PASSED,-0.2626564874192897,0.017222004217870936,0.06462701210817312,2.6400333340538777,-0.0898959744820551,-0.3358863850019285
0.44008801760352073,PASSED,-0.2626392401628781,0.017276105050155845,0.047083379069400175,2.6399433070002707,-0.09017690821957977,-0.24429863920651732
0.4410882176435287,PASSED,-0.26262194753878637,0.017312719885717226,0.029635806556035257,2.6398530446025923,-0.09036655861899337,-0.15321823955165387
0.4420884176835367,PASSED,-0.2626046269781741,0.017331954931893375,0.012301205922889583,2.6397626378550023,-0.09046548595328345,-0.06273339744902398
0.4430886177235447,PASSED,-0.2625872957976446,0.017333933148399545,-0.004903776438311047,2.6396721771478187,-0.09047433790700443,0.027069008764374763
0.4440888177635527,PASSED,-0.26256997118263065,0.017318793973873477,-0.02196277325124046,2.639581752180846,-0.09039384813371856,0.1161036163001882
0.4450890178035607,PASSED,-0.26255267017106104,0.01728669303775436,-0.03885971136436926,2.6394914518781776,-0.09022483471773962,0.20428661576477108
0.4460892178435687,PASSED,-0.26253540963732175,0.01723780185889216,-0.055578823860751934,2.63940136430458,-0.089968198567899,0.29153583922450904
0.4470894178835767,PASSED,-0.26251820627652567,0.017172307530552666,-0.0721046646586539,2.639311576583487,-0.08962492177647656,0.37777075955439193
0.4480896179235847,PASSED,-0.26250107658910377,0.017090412391889208,-0.08842212133332748,2.6392221748167017,-0.08919606588159096,0.46291265177307617
0.4490898179635927,PASSED,-0.26248403686573096,0.016992333686624575,-0.10451642788550551,2.6391332440058752,-0.088682770031383,0.546884649164547
0.4500900180036007,PASSED,-0.26246710317259836,0.0168783032113801,-0.12037317348378203,2.63904486797579,-0.08808624917570208,0.6296116600251863
0.4510902180436087,PASSED,-0.26245029133704467,0.016748566950681044,-0.13597831884257794,2.6389571292995573,-0.08740779212975232,0.7110206365661533
0.4520904180836167,PASSED,-0.2624336169335569,0.016603384701244454,-0.15131820316593542,2.6388701092257527,-0.08664875955773566,0.7910405289836615
0.4530906181236247,PASSED,-0.2624170952701521,0.016443029685836566,-0.16637955690252962,2.6387838876075485,-0.08581058200156069,0.8696022409691536
0.4540908181636327,PASSED,-0.2624007413751508,0.016267788157095526,-0.18114950996671553,2.63869854283391,-0.08489475778399977,0.9466388686221084
0.45509101820364073,PASSED,-0.26238456998435095,0.01607795899157213,-0.1956156025611808,2.6386141517629076,-0.08390285082008005,1.022085694118134
0.45609121824364873,PASSED,-0.2623685955286127,0.01587385327417687,-0.20976579395131445,2.638530789657165,-0.08283648850988724,1.0958800542426042
0.45709141828365674,PASSED,-0.26235283212186283,0.015655793874241805,-0.22358847059089423,2.6384485301215195,-0.08169735950491944,1.1679616387846166
0.45809161832366474,PASSED,-0.2623372935495268,0.015424115014201031,-0.23707245300736077,2.6383674450429404,-0.08048721137171362,1.23827246281996
0.45909181836367274,PASSED,-0.2623219932573968,0.015179161829197957,-0.2502070063335517,2.6382876045326937,-0.07920784838406555,1.3067566708668237
0.46009201840368075,PASSED,-0.2623069443409428,0.014921289920490154,-0.26298184362396765,2.6382090768708575,-0.07786112916031446,1.3733609256739427
0.46109221844368875,PASSED,-0.2622921595350735,0.014650864902692226,-0.2753871339138997,2.6381319284531934,-0.07644896420915104,1.4380343014897434
0.46209241848369675,PASSED,-0.2622776512043542,0.014368261943072691,-0.2874135100899567,2.6380562237403744,-0.07497331365024604,1.5007280638484963
0.46309261852370476,PASSED,-0.2622634313336861,0.014073865297732054,-0.2990520688410904,2.6379820252096704,-0.07343618472052749,1.5613961736319273
0.46409281856371276,PASSED,-0.262249511519454,0.013768067840736887,-0.3102943824312202,2.6379093933090414,-0.07183962928545293,1.61999494270299
0.46509301860372076,PASSED,-0.26223590296114563,0.013451270589475942,-0.32113249714742803,2.637838386413715,-0.07018574144106317,1.67648311218093
0.46609321864372877,PASSED,-0.2622226164534476,0.013123882227265262,-0.33155893891951477,2.6377690607852537,-0.06847665496482218,1.7308220522810478
0.46709341868373677,PASSED,-0.26220966237882215,0.012786318618964147,-0.3415667212221852,2.637701470533103,-0.06671454080625737,1.782975562753998
0.4680936187237448,PASSED,-0.26219705070056715,0.012439002327562464,-0.3511493381880147,2.6376356675787007,-0.06490160456389994,1.832910028759715
0.4690938187637528,PASSED,-0.26218479095636255,0.012082362126468101,-0.36030077636526325,2.6375717016220808,-0.06304008395684324,1.8805943259213513
0.4700940188037607,PASSED,-0.2621728922523049,0.011716832509371833,-0.3690155109169356,2.637509620111059,-0.061132246243762116,1.92599997118765
0.47109421884376873,PASSED,-0.2621613632574327,0.011342853199548692,-0.37728850909394324,2.6374494682129286,-0.05918038570948456,1.9691009096708276
0.47209441888377673,PASSED,-0.26215021219874296,0.010960868657857973,-0.3851152300885649,2.63739128878876,-0.05718682106884975,2.0098737946108027
0.47309461892378474,PASSED,-0.26213944685669915,0.0105713275906918,-0.3924916252179146,2.637335122370219,-0.05515389291819421,2.0482977213520317
0.47409481896379274,PASSED,-0.2621290745612326,0.010174682457597263,-0.39941413834561745,2.6372810071389807,-0.053083961181195224,2.0843544140969654
0.47509501900380074,PASSED,-0.26211910218823475,0.009771388979235782,-0.405879705038724,2.637228978908671,-0.050979402547650716,2.118028113176192
0.47609521904380875,PASSED,-0.26210953615654103,0.009361905647345042,-0.41188574979208137,2.6371790711093834,-0.04884260792021214,2.1493056369468335
0.47709541908381675,PASSED,-0.26210038242540484,0.008946693234825718,-0.41743018767081946,2.6371313147747273,-0.04667597987893251,2.1781763108348247
0.47809561912382476,PASSED,-0.2620916464924588,0.008526214309345274,-0.4225114173535275,2.637085738531417,-0.04448193015769146,2.2046319948452076
0.47909581916383276,PASSED,-0.26208333339216255,0.008100932748708399,-0.4271283228257728,2.6370423685913833,-0.04226287710526795,2.228667090809034
0.48009601920384076,PASSED,-0.26207544769473357,0.007671313258274681,-0.4312802688390144,2.637001228746395,-0.04002124320069274,2.2502784470859964
0.48109621924384877,PASSED,-0.26206799350555726,0.007237820893746487,-0.434967094987646,2.6369623403651588,-0.03775945259251661,2.269465382236219
0.48209641928385677,PASSED,-0.2620609744650744,0.00680092058614033,-0.4381891160184985,2.636925722392911,-0.03547992859635557,2.2862297387775947
0.4830966193238648,PASSED,-0.26205439374914036,0.006361076671499396,-0.44094711372255707,2.6368913913534464,-0.033185091261645094,2.300575731999065
0.4840968193638728,PASSED,-0.2620482540698513,0.00591875242645214,-0.443242332597054,2.636859361353577,-0.030877354993209948,2.3125099593925356
0.4850970194038808,PASSED,-0.2620425576768346,0.005474409606785596,-0.44507647771287095,2.636829644089975,-0.028559126159369667,2.322041416805443
0.4860972194438888,PASSED,-0.26203730635899586,0.005028507992336207,-0.4464517056070684,2.636802248858429,-0.02623280066126258,2.3291815523081842
0.4870974194838968,PASSED,-0.2620325014467174,0.004581504941009319,-0.4473706151400994,2.6367771825653867,-0.02390076170333474,2.33394389500761
0.4880976195239048,PASSED,-0.2620281438145031,0.004133854943230909,-0.44783625287061635,2.636754449741853,-0.02156537747691231,2.3363444473656423
0.4890978195639128,PASSED,-0.26202423388406154,0.003686009186934067,-0.4478520919143277,2.6367340525595373,-0.019228998836471854,2.336401435823661
0.4900980196039208,PASSED,-0.26202077162782095,0.003238415131754633,-0.44742203068950515,2.636715990849241,-0.016893957168711653,2.334135155717893
0.4910982196439288,PASSED,-0.26201775657286974,0.00279151608450585,-0.4465503916216341,2.6367002621214746,-0.014562562149832325,2.3295682609869526
0.4920984196839368,PASSED,-0.2620151878053133,0.002345750787601315,-0.4452419004264691,2.636686861589184,-0.012237099634334296,2.3227253518387467
0.4930986197239448,PASSED,-0.26201306397504004,0.0019015530152163458,-0.4435016870239697,2.63667578219264,-0.009919829565740109,2.3136332130978166
0.4940988197639528,PASSED,-0.2620113833008877,0.001459351175170392,-0.44133527539394285,2.636667014626389,-0.007612983868453469,2.302320686745855
0.4950990198039608,PASSED,-0.2620101435762025,0.0010195679211939617,-0.43874857303142223,2.636660547368226,-0.005318764505637219,2.288818480196515
0.4960992198439688,PASSED,-0.2620093421747802,0.0005826197768962232,-0.435747858475283,2.636656366710166,-0.003039341494647091,2.2731593648525363
0.4970994198839768,PASSED,-0.2620089760571812,0.00014891676509640214,-0.43233978068284645,2.6366544567913386,-0.0007768509726640806,2.255377960069993
0.49809961992398477,PASSED,-0.2620090417774097,-0.0002811379521589006,-0.4285313416369404,2.6366547996327783,0.0014666066383210395,2.235510711595205
0.4990998199639928,PASSED,-0.26200953548994654,-0.0007071484201414823,-0.4243298855463425,2.636657375174038,0.0036889684293902984,2.213595844051961
0.5001000200040008,PASSED,-0.2620104529571266,-0.0011287262318115145,-0.4197430957524922,2.6366621613116057,0.0058882108066248265,2.1896733993562396
0.5011002200440088,PASSED,-0.26201178955684906,-0.0015454908572105073,-0.4147789784966595,2.636669133939019,0.008062351148310748,2.1637849699057092
0.5021004200840168,PASSED,-0.26201354029061086,-0.0019570699578705954,-0.4094458487690408,2.636678266988688,0.010209449463192456,2.1359738781990427
0.5031006201240248,PASSED,-0.262015699791852,-0.002363099695697358,-0.40375233053190995,2.6366895324753057,0.01232760999781394,2.1062849722364483
0.5041008201640328,PASSED,-0.26201826233460174,-0.0027632250280975007,-0.3977073336456318,2.636702900540837,0.014414982742158876,2.074764592417261
0.5051010202040408,PASSED,-0.26202122184241383,-0.0031570999897930353,-0.3913200470621367,2.6367183395010034,0.01646976491676483,2.0414605627317473
0.5061012202440488,PASSED,-0.2620245718975806,-0.0035443879675068277,-0.38459993148156224,2.6367358158932017,0.018490202374399033,2.0064220542358404
0.5071014202840568,PASSED,-0.2620283057506124,-0.003924761958971905,-0.377556698120754,2.6367552945258264,0.02047459097161511,1.9696996258695632
0.5081016203240648,PASSED,-0.26203241632997215,-0.004297904821115441,-0.37020030482539007,2.636776738528883,0.022421277835864593,1.9313450231694287
0.5091018203640728,PASSED,-0.26203689625205145,-0.004663509507316219,-0.3625409404510374,2.6368001094058955,0.024328662608100855,1.891411271614155
0.5101020204040808,PASSED,-0.26204173783137813,-0.005021279291158369,-0.35458901276955723,2.6368253670869723,0.026195198600182445,1.8499524723932166
0.5111022204440888,PASSED,-0.2620469330910405,-0.005370927978163687,-0.34635513649582456,2.6368524699830336,0.028019393891975712,1.8070238380599697
0.5121024204840968,PASSED,-0.2620524737733177,-0.005712180104625086,-0.33785011977178203,2.6368813750410958,0.029799812390319074,1.762681605198962
0.5131026205241048,PASSED,-0.26205835135050315,-0.006044771125116819,-0.3290849543050325,2.6369120378005673,0.03153507478377192,1.7169829189554329
0.5141028205641128,PASSED,-0.26206455703590836,-0.006368447586901269,-0.3200708001040625,2.636944412450461,0.03322385941779438,1.6699857774004743
0.5151030206041208,PASSED,-0.26207108179503374,-0.006682967289047396,-0.3108189701741706,2.636978451887527,0.034864903221340685,1.6217491543101812
0.5161032206441288,PASSED,-0.262077916356896,-0.00698809943405398,-0.30134092822819236,2.6370141077751295,0.03645700239445069,1.5723325189765551
0.5171034206841368,PASSED,-0.2620850512254959,-0.007283624762430194,-0.29164826180822984,2.6370513306029437,0.03799901316491851,1.5217962714619933
0.5181036207241448,PASSED,-0.2620924766914171,-0.007569335674541641,-0.28175267898025935,2.6370900697472477,0.039489852422362914,1.4702012480993396
0.5191038207641528,PASSED,-0.2621001828435403,-0.007845036342436716,-0.2716659938382855,2.6371302735318887,0.04092849828398064,1.4176089372966332
0.5201040208041608,PASSED,-0.2621081595808616,-0.008110542806246084,-0.2614001104567579,2.637171889289762,0.042313990631884554,1.3640812883087825
0.5211042208441689,PASSED,-0.2621163966244021,-0.008365683059351614,-0.2509670148713797,2.637214863424774,0.043645431526602024,1.3096806323232653
0.5221044208841769,PASSED,-0.2621248835291947,-0.008610297118890635,-0.24037875598411523,2.6372591414742166,0.04492198559912192,1.2544696993176596
0.5231046209241849,PASSED,-0.2621336096963367,-0.008844237084877042,-0.22964743932126763,2.637304668171486,0.04614288037333689,1.1985114908131729
0.5241048209641929,PASSED,-0.2621425643850948,-0.009067367187940526,-0.2187852122249616,2.6373513875090766,0.0473074064804676,1.1418691846757183
0.5251050210042009,PASSED,-0.26215173672504966,-0.00927956382002251,-0.20780424531999986,2.637399242801803,0.04841491788100318,1.0846062111088273
0.5261052210442089,PASSED,-0.2621611157282678,-0.009480715556692935,-0.1967167309040417,2.637448176750157,0.04946483196936635,1.0267860065327328
0.5271054210842169,PASSED,-0.26217069030148743,-0.009670723165968897,-0.18553486152390788,2.637498131503733,0.05045662955820148,0.9684719770367253
0.5281056211242249,PASSED,-0.26218044925830764,-0.009849499602863132,-0.17427082047445425,2.637549048724712,0.05138985497520568,0.909727710315846
0.5291058211642329,PASSED,-0.26219038133136563,-0.010016969993381551,-0.16293677054772773,2.637600869651266,0.05226411593858535,0.8506164654222255
0.5301060212042409,PASSED,-0.2622004751844927,-0.010173071606254478,-0.15154484108972702,2.637653535160855,0.05307908333727088,0.7912013541943984
0.5311062212442489,PASSED,-0.26221071942483454,-0.010317753811393994,-0.14010711450604207,2.6377069858333764,0.053834491161737906,0.7315454713154517
0.5321064212842569,PASSED,-0.2622211026149259,-0.010450978028150051,-0.12863561825606837,2.6377611620140433,0.054530136164984325,0.6717113578670554
0.5331066213242649,PASSED,-0.26223161328470557,-0.010572717659867191,-0.11714230735785261,2.6378160038760052,0.05516587751254964,0.6117613406974799
0.5341068213642729,PASSED,-0.2622422399434616,-0.010682958018186464,-0.1056390589602172,2.6378714514825767,0.055741636451385336,0.551757337594504
0.5351070214042809,PASSED,-0.262252971091695,-0.010781696236037166,-0.09413765711102536,2.6379274448490726,0.05625739583993501,0.4917607558531346
0.5361072214442889,PASSED,-0.26226379523288984,-0.010868941168047284,-0.0826497819428489,2.6379839240041587,0.056713199628545576,0.4318324771155062
0.5371074214842969,PASSED,-0.26227470088517907,-0.010944713280808652,-0.07118699997371641,2.6380408290506625,0.057109152310022004,0.37203281771703806
0.5381076215243049,PASSED,-0.26228567659289564,-0.011009044532776737,-0.059760753297662686,2.6380981002258093,0.05744541831234312,0.3124214587238277
0.5391078215643129,PASSED,-0.2622967109379966,-0.011061978242442181,-0.048382347243964355,2.638155677960788,0.05772222129236802,0.25305732755895105
0.5401080216043209,PASSED,-0.26230779255135167,-0.011103568945947563,-0.03706294101299704,2.6382135029396356,0.05793984342627633,0.19399867147454677
0.5411082216443288,PASSED,-0.2623189101238844,-0.01113388224671437,-0.025813540602680988,2.6382715161573507,0.05809862463663637,0.13530290295037523
0.5421084216843368,PASSED,-0.2623300524175563,-0.011152994651751737,-0.014644981327154753,2.6383296589772067,0.05819896172750142,0.07702654947484464
0.5431086217243448,PASSED,-0.26234120827618435,-0.011160993400474932,-0.0035679269872220345,2.6383878731872037,0.058241307523710095,0.019225294031218986
0.5441088217643528,PASSED,-0.2623523666360824,-0.01115797628504939,0.007407143700717137,2.6384461010556,0.0582261699234614,-0.03804619643530435
0.5451090218043608,PASSED,-0.26236351653651624,-0.011144051457792837,0.018269949627108786,2.638504285385499,0.0581541109180705,-0.09473421136130139
0.5461092218443688,PASSED,-0.2623746471299645,-0.011119337232794764,0.029010408578712836,2.638562369568416,0.05802574555938745,-0.1507861235642128
0.5471094218843768,PASSED,-0.2623857476921759,-0.011083961879349031,0.03961865002374469,2.638620297636807,0.057841740891497614,-0.20615036410692003
0.5481096219243848,PASSED,-0.262396807632014,-0.011038063403958343,0.050085025635316895,2.638678014315479,0.057602814819455325,-0.2607765439992045
0.5491098219643928,PASSED,-0.2624078165010825,-0.010981789325923587,0.06040011296771905,2.638735465071875,0.05730973494348308,-0.31461543062094355
0.5501100220044008,PASSED,-0.26241876400312164,-0.010915296447222568,0.07055472252322101,2.63879259616518,0.0569633173916833,-0.36761896591900084
0.5511102220444088,PASSED,-0.26242964000316893,-0.010838750611237779,0.0805399116258329,2.638849354694188,0.05656442552994902,-0.4197404589444894
0.5521104220844169,PASSED,-0.2624404345364772,-0.010752326455354838,0.09034698538767791,2.638905688643913,0.05611396868482391,-0.47093443591219064
0.5531106221244249,PASSED,-0.2624511378171819,-0.010656207159907234,0.09996750215422026,2.6389615469309136,0.055612900882729875,-0.5211567128819382
0.5541108221644329,PASSED,-0.262461740246712,-0.010550584186392365,0.10939328775530191,2.6390168794472726,0.05506221944821182,-0.5703645822754728
0.5551110222044409,PASSED,-0.2624722324219374,-0.010435657009677128,0.11861643602186167,2.6390716371032013,0.054462963593508426,-0.618516702988662
0.5561112222444489,PASSED,-0.262482605143047,-0.010311632848788195,0.1276293108003167,2.639125771868268,0.053816213088718284,-0.6655730393244614
0.5571114222844569,PASSED,-0.2624928494211522,-0.010178726387834888,0.13642456105530174,2.639179236811171,0.0531230867590001,-0.7114951899806717
0.5581116223244649,PASSED,-0.26250295648560923,-0.010037159491009319,0.14499512067241466,2.639231986138066,0.05238474098169132,-0.7562461688608523
0.5591118223644729,PASSED,-0.2625129177910566,-0.009887160916996948,0.15333420957234,2.63928397522941,0.05160236827333542,-0.7997904013525836
0.5601120224044809,PASSED,-0.2625227250241622,-0.009728966026747617,0.16143534403399093,2.639335160675276,0.05077719570059219,-0.8420940203369804
0.5611122224444889,PASSED,-0.2625323701100753,-0.009562816484075694,0.16929234176387412,2.63938550030917,0.04991048335033891,-0.8831245701974897
0.5621124224844969,PASSED,-0.2625418452185805,-0.009388959956479008,0.17689931815189508,2.6394349532402397,0.04900352276241644,-0.9228512664057906
0.5631126225245049,PASSED,-0.26255114276994873,-0.00920764981216619,0.18425069508676414,2.639483479883946,0.048057635337816235,-0.9612448633964891
0.5641128225645129,PASSED,-0.26256025544048256,-0.009019144810331229,0.19134120633375745,2.639531041991139,0.04707417077708438,-0.9982776922887671
0.5651130226045209,PASSED,-0.2625691761677529,-0.00882370879129782,0.19816589416651045,2.6395776026754953,0.046054505396219386,-1.0339238399158126
0.5661132226445289,PASSED,-0.2625778981555236,-0.008621610365240057,0.20472011398526443,2.6396231264393606,0.04500004052073065,-1.0681588992040205
0.5671134226845369,PASSED,-0.26258641487836293,-0.00841312259563965,0.21099954001050023,2.6396675791979223,0.043912200862278705,-1.100960164617224
0.5681136227245449,PASSED,-0.2625947200859379,-0.008198522681959907,0.21700016279257145,2.639710928301775,0.04279243285578651,-1.1323065677421718
0.5691138227645529,PASSED,-0.2626028078069926,-0.007978091643246536,0.2227182893272414,2.639753142557779,0.04164220295730451,-1.162178785641876
0.5701140228045609,PASSED,-0.2626106723530059,-0.007752113996944695,0.22815055095157435,2.6397941922482846,0.040462996008526445,-1.1905590575355227
0.5711142228445689,PASSED,-0.2626183083215304,-0.00752087743809605,0.23329389744669127,2.6398340491486865,0.039256313604864444,-1.21743130107965
0.5721144228845769,PASSED,-0.2626257105992102,-0.007284672520136361,0.23814559830168852,2.6398726865432702,0.03802367231040253,-1.2427812900500894
0.5731146229245849,PASSED,-0.2626328743644779,-0.007043792333128969,0.24270324614452832,2.639910079239419,0.03676660205128656,-1.266596238493223
0.5741148229645929,PASSED,-0.2626397950899307,-0.006798532181697791,0.24696475495561165,2.6399462035801196,0.035486644473688364,-1.2888651370015154
0.5751150230046009,PASSED,-0.2626464685443856,-0.00654918926635958,0.2509283555932774,2.6399810374547967,0.03418535117051906,-1.309578747281156
0.5761152230446089,PASSED,-0.2626528907946153,-0.006296062363417618,0.254592601174419,2.6400145603084697,0.03286428205172261,-1.328729366473326
0.5771154230846169,PASSED,-0.2626590582067641,-0.006039451505403634,0.25795636257369325,2.640046753149255,0.03152500374136874,-1.3463109396075685
0.5781156231246249,PASSED,-0.26266496744744755,-0.005779657666085288,0.26101882381478064,2.6400775985541847,0.030169087820315514,-1.362319242017
0.579115823164633,PASSED,-0.2626706154845345,-0.005516982443914134,0.2637794877420705,2.640107080673386,0.028798109202700487,-1.3767515346803756
0.580116023204641,PASSED,-0.2626759995876164,-0.005251727749046431,0.2662381662847902,2.6401351852326043,0.027413644549353335,-1.3896067324583412
0.581116223244649,PASSED,-0.26268111732816396,-0.0049841954932589964,0.26839498212253066,2.6401618995341147,0.026017270603047912,-1.4008854222034737
0.582116423284657,PASSED,-0.2626859665793743,-0.004714687281058908,0.2702503655851268,2.6401872124559786,0.02461056252947475,-1.4105898411529552
0.583116623324665,PASSED,-0.2626905455157128,-0.004443504105864031,0.27180504826804286,2.6402111144497264,0.02319509239837194,-1.4187236577360494
0.584116823364673,PASSED,-0.26269485261214953,-0.0041709460463516135,0.2730600670086684,2.640233597536438,0.021772427586554084,-1.4252922478723917
0.585117023404681,PASSED,-0.26269888664309804,-0.0038973119703222757,0.27401674870978465,2.64025465530125,0.02034412915153754,-1.4303025597793182
0.586117223444689,PASSED,-0.2627026466810557,-0.0036228992390070487,0.2746767197188553,2.6402742828863044,0.01891175034250775,-1.433762975196767
0.587117423484697,PASSED,-0.26270613209495336,-0.0033480034164885394,0.27504189105161125,2.6402924769821934,0.017476835120035224,-1.4356833873230308
0.588117623524705,PASSED,-0.2627093425482158,-0.003072917984810405,0.2751144587624823,2.6403092358178437,0.016040916538067534,-1.4360753783974627
0.589117823564713,PASSED,-0.26271227799653935,-0.0027979340623631864,0.27489689823704255,2.6403245591489726,0.014605515365472888,-1.4349517020594356
0.590118023604721,PASSED,-0.26271493868538975,-0.0025233401262954296,0.27439196128823307,2.640338448245035,0.013172138641928734,-1.4323267378672992
0.591118223644729,PASSED,-0.26271732514722695,-0.002249421742384921,0.2736026656586919,2.640350905874759,0.011742278166051157,-1.4282163012177636
0.592118423684737,PASSED,-0.2627194381984608,-0.0019764612992758564,0.2725322947426467,2.6403619362902644,0.010317409178402863,-1.422637445268646
0.593118623724745,PASSED,-0.2627212789361433,-0.001704737745748556,0.27118439271706946,2.6403715452098067,0.008898989005010892,-1.415608658807518
0.594118823764753,PASSED,-0.26272284873440377,-0.00143452633852474,0.2695627502283138,2.6403797397991635,0.007488455648077099,-1.407149822351309
0.595119023804761,PASSED,-0.26272414924063214,-0.0011660983931993222,0.267671408723487,2.6403865286517036,0.006087226526624943,-1.397281987519387
0.596119223844769,PASSED,-0.2627251823714164,-0.0008997210397204711,0.2655146499824274,2.6403919217671734,0.0046966972403821704,-1.3860274853916954
0.597119423884777,PASSED,-0.26272595030824103,-0.0006356569883733278,0.2630969855902872,2.640395930529227,0.00331824027265374,-1.3734099559529216
0.5981196239247849,PASSED,-0.26272645549295276,-0.00037416430018860083,0.26042315658102005,2.640398567681728,0.001953203792617202,-1.3594541627589485
0.5991198239647929,PASSED,-0.26272670062299974,-0.0001154961623442269,0.25749812535327654,2.6403998473038737,0.0006029105258657135,-1.3441860027465151
0.6001200240048009,PASSED,-0.26272668864645204,0.00014009932550435687,0.25432706284545525,2.6403997847841714,-0.0007313433919796777,-1.3276325279113088
0.6011202240448089,PASSED,-0.2627264227568092,0.00039237936107797274,0.2509153507257229,2.6403983967932985,-0.0020482895351973084,-1.3098218867551776
0.6021204240848169,PASSED,-0.262725906387603,0.0006411066418753718,0.24726856751184967,2.64039570125588,-0.00334668822698704,-1.2907832284794345
0.6031206241248249,PASSED,-0.26272514320680296,0.0008860495564146782,0.2433924792242776,2.640391717321246,-0.0046253295306107915,-1.2705466870532964
0.6041208241648329,PASSED,-0.26272413711103004,0.0011269823738467983,0.2392930429040153,2.640386465333183,-0.0058830342640308324,-1.2491434309978702
0.6051210242048409,PASSED,-0.2627228922195892,0.0013636854224628433,0.23497638575739788,2.6403799667987196,-0.007118654938363846,-1.2266055032231091
0.6061212242448489,PASSED,-0.26272141286832584,0.001595945258660753,0.2304488031582509,2.6403722443560107,-0.008331076619028604,-1.2029657989591924
0.6071214242848569,PASSED,-0.26271970360331537,0.0018235548324039834,0.2257167541332168,2.6403633217413405,-0.009519217799152968,-1.1782581009011424
0.6081216243248649,PASSED,-0.2627177691743933,0.002046313642568321,0.22078684751841857,2.640353223755278,-0.010682031247743275,-1.1525170137164171
0.6091218243648729,PASSED,-0.262715614528534,0.0022640278833510378,0.21566583629224928,2.640341976228063,-0.011818504723724135,-1.1257777841571552
0.610122024404881,PASSED,-0.26271324480308655,0.0024765105832058334,0.21036060889649266,2.6403296059842294,-0.01292766171448028,-1.098076461822139
0.611122224444889,PASSED,-0.2627106653188749,0.0026835817372549663,0.2048781841508933,2.6403161408065148,-0.014008562180015217,-1.0694498013434663
0.612122424484897,PASSED,-0.26270788157317154,0.0028850684292589263,0.19922569723933767,2.6403016093991334,-0.015060303113245167,-1.039935021154272
0.613122624524905,PASSED,-0.2627048992325531,0.0030808049447297917,0.19341039429188445,2.640286041350392,-0.01608201917901799,-1.0095700955185265
0.614122824564913,PASSED,-0.26270172412564446,0.0032706328795198423,0.18743962845549497,2.640269467094764,-0.017072883288738776,-0.9783934525222912
0.615123024604921,PASSED,-0.26269836223576254,0.003454401235627989,0.1813208412099154,2.640251917874412,-0.018032107056951446,-0.9464439786729186
0.616123224644929,PASSED,-0.2626948196934657,0.003631966510097845,0.17506156330981587,2.640233425700233,-0.018958941295123762,-0.9137610778385806
0.617123424684937,PASSED,-0.2626911027690182,0.0038031927776652334,0.1686694037391033,2.6402140233124487,-0.019852676460733406,-0.8803845574570239
0.618123624724945,PASSED,-0.26268721786477844,0.003967951761892676,0.16215203788633623,2.6401937441408148,-0.020712642972645558,-0.846354481548902
0.619123824764953,PASSED,-0.26268317150751935,0.004126122897890331,0.15551720140520134,2.6401726222644615,-0.021538211575709326,-0.8117113507403448
0.620124024804961,PASSED,-0.26267897034068827,0.00427759338994588,0.1487726858224482,2.6401506923714195,-0.022328793670537878,-0.776495924220692
0.621124224844969,PASSED,-0.26267462111661616,0.004422258258461006,0.14192632364357988,2.6401279897179046,-0.023083841469349314,-0.7407490485386018
0.622124424884977,PASSED,-0.2626701306886841,0.004560020376004476,0.13498598014339708,2.6401045500873526,-0.02380284824381877,-0.7045119250900208
0.623124624924985,PASSED,-0.262665506003455,0.004690790499759642,0.12795955282967791,2.6400804097492947,-0.02448534851814385,-0.6678258404817926
0.624124824964993,PASSED,-0.26266075409277906,0.004814487294488832,0.12085495599553042,2.640055605418094,-0.02513091810373729,-0.6307320823345389
0.625125025005001,PASSED,-0.26265588206588203,0.004931037342913621,0.1136801100442966,2.6400301742115886,-0.0257391742012226,-0.593272107585817
0.626125225045009,PASSED,-0.2626508971014431,0.005040375153800701,0.10644294478226929,2.6400041536096848,-0.026309775474208024,-0.5554873832518258
0.627125425085017,PASSED,-0.26264580643967184,0.0051424431595091195,0.0991513796591844,2.6399775814129556,-0.02684242195770403,-0.5174192169921186
0.628125625125025,PASSED,-0.2626406173743915,0.005237191703425557,0.09181332008793953,2.6399504957012754,-0.02733685500924466,-0.4791089412396422
0.629125825165033,PASSED,-0.26263533724513716,0.005324579022290446,0.08443665138285461,2.6399229347925273,-0.02779285726869977,-0.44059780493209066
0.630126025205041,PASSED,-0.2626299734292763,0.005404571220769519,0.07702922987655197,2.6398949372014235,-0.02821025248944218,-0.40192683128262197
0.631126225245049,PASSED,-0.26262453333415997,0.005477142235400869,0.06959887113454889,2.6398665415985256,-0.02858890527303325,-0.3631367517967036
0.632126425285057,PASSED,-0.2626190243893119,0.005542273792872428,0.062153348362898805,2.6398377867694163,-0.02892872097204035,-0.3242683304806982
0.633126625325065,PASSED,-0.2626134540386634,0.005599955362049428,0.05470038305306701,2.639808711574156,-0.029229645386276207,-0.2853618034059624
0.634126825365073,PASSED,-0.26260782973284186,0.005650184094775505,0.047247632508083906,2.639779354907004,-0.029491664378814147,-0.24645711862591863
0.635127025405081,PASSED,-0.2626021589215195,0.005692964762815027,0.039802691727147455,2.6397497556564495,-0.029714803659076857,-0.20759405468723657
0.636127225445089,PASSED,-0.2625964490458302,0.005728309686521194,0.03237307835884664,2.63971995266563,-0.029899128347500654,-0.168811777581507
0.637127425485097,PASSED,-0.26259070753086144,0.005756238655059767,0.02496622865839127,2.6396899846931117,-0.030044742533047775,-0.1301491241908606
0.638127625525105,PASSED,-0.26258494177822844,0.005776778841920701,0.017589492329295825,2.639659890374136,-0.030151788870224145,-0.09164447916671205
0.639127825565113,PASSED,-0.2625791591587367,0.005789964712337932,0.010250122475852328,2.639629708182304,-0.03022044809095509,-0.053335715107099946
0.640128025605121,PASSED,-0.2625733670051406,0.005795837924236907,0.0029552715143920816,2.6395994763917785,-0.030250938454998783,-0.015260130001421643
0.6411282256451291,PASSED,-0.26256757260500374,0.005794447223371413,-0.004288015785419889,2.6395692330400276,-0.030243515202603485,0.022545507326446668
0.6421284256851371,PASSED,-0.2625617831936681,0.005785848330784616,-0.011472810454380918,2.639539015891129,-0.030198469992903133,0.06004501128295232
0.6431286257251451,PASSED,-0.2625560059473374,0.00577010382613061,-0.018592300787090125,2.6395088623996754,-0.030116130272154814,0.09720286039190032
0.6441288257651531,PASSED,-0.2625502479762817,0.005747283023527665,-0.025639803813514446,2.639478809675319,-0.029996858613432535,0.13398419094252859
0.6451290258051611,PASSED,-0.262544516318168,0.00571746184139148,-0.03260876768463127,2.6394488944479866,-0.02984105203370102,0.17035483892417685
0.6461292258451691,PASSED,-0.26253881793152345,0.005680722669210842,-0.03949277517797584,2.639419153033762,-0.029649141334857222,0.20628127212354924
0.6471294258851771,PASSED,-0.2625331596893362,0.005637154225420595,-0.046285556198427974,2.6393896213015293,-0.029421590299117235,0.24173087815094352
0.6481296259251851,PASSED,-0.26252754837279896,0.005586851412023702,-0.0529809848625361,2.6393603346403314,-0.029158894956298486,0.27667165259728616
0.6491298259651931,PASSED,-0.2625219906652011,0.0055299151649619484,-0.059573088527898256,2.6393313279275223,-0.028861582825326748,0.31107244988803273
0.6501300260052011,PASSED,-0.2625164931459732,0.005466452298333013,-0.0660560520296261,2.639302635497714,-0.02853021205211729,0.3449029887570778
0.6511302260452091,PASSED,-0.2625110622848902,0.005396575342995564,-0.07242422420933052,2.639274291112558,-0.028165370576277538,0.3781338005615286
0.6521304260852171,PASSED,-0.26250570443643556,0.005320402384015567,-0.07867211549377619,2.639246327931364,-0.02776767531221145,0.4107362397357977
0.6531306261252251,PASSED,-0.2625004258343332,0.005238056891257199,-0.08479441093476282,2.6392187784825967,-0.027337771233044712,0.44268263878736475
0.6541308261652331,PASSED,-0.26249523258624907,0.005149667546146411,-0.09078596789480477,2.6391916746362667,-0.026876330457506606,0.47394620003859833
0.655131026205241,PASSED,-0.2624901306686676,0.005055368066555272,-0.09664182072202863,2.6391650475772277,-0.026384051360537123,0.5045010282567406
0.656131226245249,PASSED,-0.26248512592194667,0.004955297025516413,-0.10235718791674539,2.6391389277794155,-0.025861657610255856,0.5343222316309534
0.657131426285257,PASSED,-0.26248022404555355,0.0048495976684682215,-0.10792746980248728,2.639113344981021,-0.025309897217178252,0.5633858340420331
0.658131626325265,PASSED,-0.26247543059348616,0.004738417727380355,-0.11334825527812048,2.6390883281606503,-0.02472954155070027,0.5916688881019494
0.659131826365273,PASSED,-0.2624707509698822,0.004621909229988636,-0.1186153254674503,2.639063905514442,-0.024121384366865284,0.6191493809903458
0.660132026405281,PASSED,-0.26246619042481856,0.004500228309031664,-0.12372465128331993,2.6390401044342036,-0.02348624079236562,0.6458063701725416
0.661132226445289,PASSED,-0.262461754050305,0.0043735350069701575,-0.12867240258029825,2.639016951486546,-0.022824946299427218,0.6716199081156459
0.662132426485297,PASSED,-0.26245744677647215,0.004241993079623126,-0.13345494385818793,2.638994472393032,-0.022138355711110693,0.6965710417837808
0.663132626525305,PASSED,-0.2624532733679587,0.004105769796479775,-0.13806884266679237,2.638972692011373,-0.021427342138487102,0.7206419265167924
0.664132826565313,PASSED,-0.2624492384204974,0.0039650357405750115,-0.1425108647300778,2.6389516343176695,-0.020692795905884253,0.7438157699935556
0.665133026605321,PASSED,-0.26244534635770284,0.003819964607067156,-0.14677797935970666,2.63893132238968,-0.019935623567683268,0.7660767170059393
0.666133226645329,PASSED,-0.2624416014280624,0.0036707329974209244,-0.1508673631705814,2.638911778391172,-0.019156746799690455,0.7874101353173982
0.667133426685337,PASSED,-0.2624380077021313,0.0035175202159228713,-0.15477639371636784,2.6388930235573267,-0.018357101306000097,0.8078023992723274
0.668133626725345,PASSED,-0.26243456906993273,0.003360508065004445,-0.15850265571979888,2.6388750781812256,-0.01753763579303241,0.8272409220979295
0.669133826765353,PASSED,-0.26243128923856446,0.0031998806358295158,-0.1620439448116831,2.638857961601395,-0.01669931089360738,0.845714217643094
0.670134026805361,PASSED,-0.26242817173001215,0.0030358241029808317,-0.16539825820668447,2.638841692190442,-0.01584309804475809,0.8632119363200915
0.671134226845369,PASSED,-0.26242521987916956,0.002868526518585856,-0.16856380185383724,2.638826287344765,-0.014969978432263614,0.8797247299440628
0.6721344268853771,PASSED,-0.2624224368320666,0.002698177601566354,-0.17153899379661183,2.638811763475343,-0.014080941932605827,0.8952443461336015
0.6731346269253851,PASSED,-0.26241982554430454,0.002524968531830136,-0.17432245369595542,2.638798135999616,-0.013176985985851673,0.9097636805011897
0.6741348269653931,PASSED,-0.2624173887796979,0.0023490917452588366,-0.1769130084881952,2.638785419334435,-0.0122591145318639,0.9232766363121616
0.6751350270054011,PASSED,-0.26241512910912407,0.002170740723575057,-0.17930969714750286,2.63877362689008,-0.011328336987903172,0.9357781490597717
0.6761352270454091,PASSED,-0.26241304890957784,0.0019901097909686086,-0.18151175624574484,2.638762771065372,-0.010385667104810878,0.9472643724473084
0.6771354270854171,PASSED,-0.2624111503634321,0.0018073939098729279,-0.18351863099563773,2.6387528632438544,-0.009432121885336079,0.9577324508264634
0.6781356271254251,PASSED,-0.2624094354579021,0.0016227884748542902,-0.18532997103397103,2.6387439137910036,-0.008468720650405909,0.9671804243326395
0.6791358271654331,PASSED,-0.26240790598471303,0.0014364891120715467,-0.18694562394859168,2.638735932052535,-0.007496483873210475,0.9756076791039633
0.6801360272054411,PASSED,-0.26240656353996883,0.0012486914793887523,-0.18836563850559607,2.638728926353736,-0.0065164321184844895,0.9830144718073344
0.6811362272454491,PASSED,-0.2624054095242212,0.0010595910645260955,-0.1895902657673642,2.638722903999867,-0.005529585079846723,0.9894020831913882
0.6821364272854571,PASSED,-0.2624044451427363,0.0008693829900253127,-0.19061994698972828,2.6387178712775397,-0.004536960570417678,0.9947727935874829
0.6831366273254651,PASSED,-0.26240367140595816,0.0006782618181397462,-0.19145532181612546,2.6387138334571762,-0.0035395734012100555,0.9991300862877156
0.6841368273654731,PASSED,-0.2624030891301649,0.0004864213574432958,-0.1920972199500003,2.6387107947964443,-0.0025384344315409627,1.0024782252566777
0.6851370274054811,PASSED,-0.26240269893831797,0.0002940544720579928,-0.1925466623421715,2.6387087585446936,-0.0015345496446780903,1.0048224946003361
0.6861372274454891,PASSED,-0.2624025012610991,0.00010135289490810983,-0.1928048536883573,2.638707726948373,-0.0005289190849645801,1.0061692697889597
0.6871374274854971,PASSED,-0.2624024963381342,-9.149295733689057e-05,-0.19287318461609582,2.6387077012574416,0.00047746412514498924,1.0065258369899757
0.6881376275255051,PASSED,-0.2624026842194008,-0.00028429416724807497,-0.19275322677457682,2.6387086817326963,0.0014836146248661721,1.0059002748753214
0.6891378275655131,PASSED,-0.26240306476681546,-0.0004768634943964341,-0.19244672739754742,2.63871066765406,0.0024885557959076483,1.0043017684855795
0.6901380276055211,PASSED,-0.2624036376559991,-0.0006690155518151597,-0.1919556107661776,2.6387136573298124,0.0034913207776777907,1.0017404572931843
0.6911382276455291,PASSED,-0.2624044023782158,-0.0008605669779609385,-0.19128196973217956,2.638717648106668,0.0044909531843281975,0.9982270395552227
0.6921384276855371,PASSED,-0.2624053582424818,-0.0010513366046078292,-0.19042806459003167,2.6387226363808103,0.005486508081333244,0.9937734686382625
0.6931386277255451,PASSED,-0.2624065043778422,-0.0012411456234646169,-0.18939632170129148,2.638728617609732,0.006477052888577357,0.9883923663146809
0.6941388277655531,PASSED,-0.2624078397358101,-0.0014298177468850966,-0.1881893245666051,2.6387355863249797,0.007461668125718901,0.9820971510261208
0.6951390278055611,PASSED,-0.2624093630929649,-0.0016171793630654118,-0.186809810589455,2.6387435361456806,0.008439448257501298,0.974902118953251
0.6961392278455691,PASSED,-0.26241107305370615,-0.001803059692169454,-0.1852606747804337,2.6387524597928995,0.009409502528357202,0.9668223721243373
0.6971394278855771,PASSED,-0.26241296805315817,-0.0019872909346253832,-0.18354495423959266,2.6387623491047805,0.010370955707362,0.9578737169251059
0.6981396279255851,PASSED,-0.2624150463602215,-0.0021697084129337707,-0.18166582768758463,2.6387731950524587,0.011322948846335733,0.9480727536728214
0.6991398279655932,PASSED,-0.2624173060807669,-0.0023501507155709576,-0.17962661927025467,2.638784987756686,0.012264639991037246,0.9374367387206393
0.7001400280056012,PASSED,-0.26241974516096717,-0.0025284598317901245,-0.17743078085177458,2.6387977165052154,0.013195204931518295,0.9259837416546537
0.7011402280456092,PASSED,-0.2624223613907622,-0.0027044812802214037,-0.1750818934842826,2.6388113697708335,0.014113837839459693,0.9137323521325609
0.7021404280856172,PASSED,-0.2624251524074531,-0.0028780642379484397,-0.1725836672222047,2.63882593523012,0.015019751962172359,0.9007019697660663
0.7031406281256252,PASSED,-0.26242811569942,-0.003049061662230765,-0.16993992898907284,2.6388413997827835,0.01591218021733193,0.8869124454219126
0.7041408281656332,PASSED,-0.26243124860995887,-0.003217330404482054,-0.16715461775943308,2.6388577495716867,0.016790375837113035,0.8723844026872326
0.7051410282056412,PASSED,-0.2624345483412328,-0.003382731323738841,-0.16423178692168908,2.6388749700034126,0.017653612941245227,0.8571389050954983
0.7061412282456492,PASSED,-0.2624380119583324,-0.003545129394929966,-0.161175594037416,2.63889304576943,0.018501187061255267,0.8411975966197296
0.7071414282856572,PASSED,-0.2624416363934397,-0.003704393806930351,-0.1579902906423646,2.638911960867787,0.019332415709653206,0.8245826829167459
0.7081416283256652,PASSED,-0.2624454184500923,-0.0038603980608896507,-0.15468022950392338,2.638931698625339,0.020146638891270066,0.8073168474169348
0.7091418283656732,PASSED,-0.26244935480754,-0.004013020062487486,-0.1512498496604419,2.6389522417204243,0.020943219495701056,0.7894231091070231
0.7101420284056812,PASSED,-0.2624534420251909,-0.00416214220567311,-0.14770367220241323,2.6389735722060603,0.02172154385076222,0.7709251856972617
0.7111422284456892,PASSED,-0.2624576765471402,-0.004307651454276823,-0.1440462995379124,2.638995671533525,0.022481022112157224,0.7518469785268279
0.7121424284856971,PASSED,-0.2624620547067777,-0.004449439418580893,-0.14028240748150878,2.639018520576369,0.02322108858308393,0.73221279919329
0.7131426285257051,PASSED,-0.2624665727314671,-0.004587402422994051,-0.13641673570092436,2.639042099654799,0.023941202173252064,0.7120474508180274
0.7141428285657131,PASSED,-0.26247122674729306,-0.004721441571300974,-0.13245409004425504,2.639066388560409,0.024640846708696394,0.6913759251951965
0.7151430286057211,PASSED,-0.2624760127838703,-0.004851462807986471,-0.12839933444632523,2.6390913665812574,0.0253195312204921,0.6702235695293816
0.7161432286457291,PASSED,-0.2624809267792082,-0.004977376968804658,-0.1242573783994284,2.6391170125272083,0.025976790236601294,0.6486159804957327
0.7171434286857371,PASSED,-0.26248596458462775,-0.005099099830289693,-0.12003318354210597,2.6391433047555446,0.026612184019671165,0.6265789847859592
0.7181436287257451,PASSED,-0.262491121969723,-0.005216552154063896,-0.11573175059560176,2.639170221196852,0.027225298848893614,0.604138725513442
0.7191438287657531,PASSED,-0.26249639462736307,-0.005329659721777401,-0.11135811245877376,2.639197739381065,0.02781574714207287,0.581321338289797
0.7201440288057611,PASSED,-0.26250177817872883,-0.005438353368814474,-0.10691733675593787,2.6392258364637446,0.028383167663002532,0.5581533093562417
0.7211442288457691,PASSED,-0.26250726817837905,-0.005542569010719537,-0.10241451200448067,2.6392544892524525,0.02892722565359463,0.5346611114160068
0.7221444288857771,PASSED,-0.2625128601193402,-0.005642247663546214,-0.09785474670814033,2.6392836742333134,0.029447612953575446,0.5108714256906922
0.7231446289257851,PASSED,-0.26251854943821495,-0.005737335460495668,-0.09324316377699833,2.6393133675976332,0.02994404808590607,0.4868109367572472
0.7241448289657931,PASSED,-0.26252433152030363,-0.0058277836622774425,-0.08858489378495886,2.6393435452685945,0.03041627627486144,0.4625063570874539
0.7251450290058011,PASSED,-0.2625302017047338,-0.005913548661955946,-0.08388507027419856,2.6393741829280115,0.030864069533624777,0.4379845265472534
0.7261452290458091,PASSED,-0.26253615528959234,-0.005994591985329238,-0.07914882543935417,2.6394052560430743,0.0312872266299915,0.41327214291302594
0.7271454290858171,PASSED,-0.2625421875370546,-0.006070880285380221,-0.07438128312540235,2.6394367398931124,0.03168557306435759,0.3883959620014718
0.7281456291258251,PASSED,-0.26254829367850646,-0.0061423853323421315,-0.0695875561862487,2.639468609596278,0.0320589610061614,0.36338259500536824
0.7291458291658331,PASSED,-0.2625544689196521,-0.006209083996866245,-0.0647727367493569,2.6395008401362134,0.03240726926290807,0.3382586979075439
0.7301460292058412,PASSED,-0.26256070844560525,-0.006270958231116089,-0.05994189925016808,2.63953340638858,0.032730403123236204,0.3130506352751828
0.7311462292458492,PASSED,-0.262567007425956,-0.006327995042169262,-0.05510008558851065,2.6395662831474893,0.033028294208306816,0.2877847182675612
0.7321464292858572,PASSED,-0.2625733610198104,-0.006380186461018006,-0.050252307688899975,2.6395994451518003,0.03330090040700419,0.2624871856505726
0.7331466293258652,PASSED,-0.2625797643807968,-0.0064275295087925345,-0.04540354116494742,2.6396328671112177,0.033548205606834386,0.2371838759499493
0.7341468293658732,PASSED,-0.26258621266203436,-0.006470026155328124,-0.040558716782682754,2.6396665237322345,0.03377021950332272,0.2119005768472557
0.7351470294058812,PASSED,-0.2625927010210596,-0.006507683274353991,-0.03572272052132373,2.639700389743809,0.03396697739568956,0.18666276937988951
0.7361472294458892,PASSED,-0.262599224624705,-0.006540512594804259,-0.030900387069563766,2.639734439922838,0.03413853991464334,0.16149568533637887
0.7371474294858972,PASSED,-0.26260577865392687,-0.006568530646738221,-0.026096495176893993,2.639768649119335,0.0342849927270339,0.13642423042666493
0.7381476295259052,PASSED,-0.2626123583085762,-0.006591758702193035,-0.02131576230676148,2.639802992281337,0.03440644626374728,0.11147307423785711
0.7391478295659132,PASSED,-0.2626189588121096,-0.006610222713037695,-0.016562843203258355,2.639837444479494,0.03450303539715004,0.08666650617936038
0.7401480296059212,PASSED,-0.26262557541623527,-0.006623953244722437,-0.011842324005732137,2.639871980931295,0.03457491902239668,0.06202837129148704
0.7411482296459292,PASSED,-0.26263220340549,-0.006632985404227394,-0.007158716504439943,2.6399065770249854,0.03462227978966222,0.037582364581576766
0.7421484296859372,PASSED,-0.2626388381017429,-0.006637358764950103,-0.002516456868222881,2.639941208343059,0.034645323672593785,0.013351561831551123
0.7431486297259452,PASSED,-0.26264547486862266,-0.006637117288501773,0.002080098659364525,2.6399758506853868,0.03464427951841212,-0.010641298190480548
0.7441488297659532,PASSED,-0.2626521091158638,-0.006632309242408212,0.006626677716360594,2.6400104800918816,0.03461939865600062,-0.03437390522550475
0.7451490298059612,PASSED,-0.26265873630356784,-0.006622987112020001,0.011119098836111981,2.6400450728647873,0.034570954493580455,-0.057824333883269775
0.7461492298459692,PASSED,-0.26266535194637713,-0.006609207511406378,0.015553268465296794,2.6400796055904414,0.034499241951820886,-0.08097134701043758
0.7471494298859772,PASSED,-0.2626719516175566,-0.006591031091070735,0.019925188249206374,2.6401140551606024,0.03440457701362485,-0.1037939989864333
0.7481496299259852,PASSED,-0.2626785309529801,-0.006568522439290218,0.024230960801389857,2.6401483987932806,0.03428729630257027,-0.12627185243334793
0.7491498299659932,PASSED,-0.26268508565501947,-0.006541749983471179,0.028466785830805922,2.64018261405304,0.034147756449565386,-0.14838518671924555
0.7501500300060012,PASSED,-0.26269161149633125,-0.0065107858875819505,0.03262896926151026,2.6402166788707837,0.03398633357984432,-0.17011465838894882
0.7511502300460092,PASSED,-0.26269810432353946,-0.006475705944792247,0.03671392514183338,2.6402505715629987,0.033803422842822964,-0.19144145610962984
0.7521504300860172,PASSED,-0.2627045600608113,-0.0064365894699761695,0.040718174598907045,2.6402842708504304,0.033599437759605735,-0.21234750128895705
0.7531506301260252,PASSED,-0.2627109747133223,-0.006393519188542267,0.04463835265723362,2.640317755876205,0.03337480966043013,-0.23281516443337316
0.7541508301660332,PASSED,-0.2627173443706098,-0.006346581122128154,0.04847120891869836,2.6403510062233395,0.03312998712615627,-0.2528274475008489
0.7551510302060412,PASSED,-0.2627236652098107,-0.006295864472100343,0.05221361076722022,2.6403840019316736,0.03286543535310307,-0.2723679900881035
0.7561512302460492,PASSED,-0.2627299334987824,-0.006241461502218952,0.055862542624171084,2.640416723514183,0.032581635538402626,-0.2914210311086823
0.7571514302860572,PASSED,-0.26273614559910385,-0.006183467417513949,0.05941511275889173,2.640449151972664,0.03227908425850771,-0.3099714457524089
0.7581516303260653,PASSED,-0.2627422979689556,-0.006121980241126333,0.06286855214009826,2.640481268812806,0.03195829284728142,-0.32800472154220983
0.7591518303660733,PASSED,-0.2627483871658764,-0.006057100691248503,0.0662202150363189,2.6405130560585834,0.03161978669597735,-0.345507104478647
0.7601520304060813,PASSED,-0.26275440984939386,-0.0059889320544502895,0.06946758463947669,2.6405444962660307,0.0312641046400708,-0.3624653568584753
0.7611522304460893,PASSED,-0.26276036278352977,-0.0059175800580067404,0.07260827097959711,2.640575572536352,0.030891798328367116,-0.37886694826716444
0.7621524304860973,PASSED,-0.2627662428391762,-0.0058431527419008636,0.07564001285672958,2.6406062685283307,0.030503431441822014,-0.3947001787303969
0.7631526305261053,PASSED,-0.26277204699634227,-0.005765760327524291,0.07856068205646835,2.6406365684701023,0.03009957909338328,-0.40995379491095685
0.7641528305661133,PASSED,-0.2627777723462707,-0.005685515086936862,0.08136827960807032,2.6406664571702247,0.029680827176751513,-0.42461733111230937
0.7651530306061213,PASSED,-0.262783416093422,-0.005602531211030878,0.08406094010459246,2.6406959200280604,0.029247771571617273,-0.43868112114885766
0.7661532306461293,PASSED,-0.2627889755573265,-0.005516924676242523,0.08663693124419654,2.6407249430434834,0.028801017524668897,-0.4521359974813861
0.7671534306861373,PASSED,-0.262794448174303,-0.005428813110264266,0.08909465580096335,2.6407535128258575,0.02834117894098947,-0.4649736411447922
0.7681536307261452,PASSED,-0.26279983149904335,-0.00533831565896878,0.0914326482918334,2.640781616602361,0.027868877672306072,-0.47718635370912915
0.7691538307661532,PASSED,-0.26280512320606253,-0.005245552850708128,0.09364958157319798,2.6408092422255636,0.027384742807632537,-0.4887672053164773
0.7701540308061612,PASSED,-0.2628103210910145,-0.005150646462234507,0.09574425974057021,2.6408363781803286,0.026889409976855877,-0.4997099144167791
0.7711542308461692,PASSED,-0.26281542307187217,-0.0050537193831389216,0.09771562533226238,2.6408630135899998,0.026383520661262996,-0.510008916376954
0.7721544308861772,PASSED,-0.26282042718997406,-0.004954895481659311,0.0995627522445093,2.6408891382219015,0.02586772148193516,-0.5196593546284177
0.7731546309261852,PASSED,-0.2628253316109339,-0.004854299468811471,0.1012848532500618,2.6409147424920825,0.02534266343399207,-0.5286571768195386
0.7741548309661932,PASSED,-0.2628301346254179,-0.004752056764808415,0.10288127117171891,2.6409398174694316,0.02480900129393465,-0.5369987822160016
0.7751550310062012,PASSED,-0.26283483464978613,-0.004648293365456592,0.1043514848052269,2.640964354879031,0.024267392867183723,-0.544681523107543
0.7761552310462092,PASSED,-0.262839430226601,-0.004543135707030288,0.10569510750702259,2.6409883471048397,0.02371849823090064,-0.5517033784001089
0.7771554310862172,PASSED,-0.2628439200250024,-0.004436710534562628,0.10691188244141792,2.641011787191667,0.023162979129748268,-0.5580629163205517
0.7781556311262252,PASSED,-0.2628483028409505,-0.004329144770940872,0.10800168440864712,2.641034668846475,0.022601498279588527,-0.5637594727191979
0.7791558311662332,PASSED,-0.2628525775973371,-0.004220565383986151,0.10896452198543717,2.6410569864389704,0.02203471861164099,-0.5687931314331006
0.7801560312062412,PASSED,-0.2628567433439669,-0.004111099257273842,0.10980052986355703,2.641078735001523,0.02146330263278691,-0.5731645438014
0.7811562312462492,PASSED,-0.26286079925740924,-0.0040008730628213855,0.11050997084505733,2.6410999102284207,0.020887911808919864,-0.5768750105774779
0.7821564312862572,PASSED,-0.26286474464072157,-0.0038900131316523534,0.1110932380516818,2.641120508474438,0.020309205812545885,-0.5799266535716446
0.7831566313262652,PASSED,-0.26286857892304705,-0.003778645328867495,0.11155084594030935,2.64114052675275,0.019727841880642853,-0.5823221174572909
0.7841568313662732,PASSED,-0.26287230165908637,-0.0036668949303241606,0.1118834336120179,2.64115996273219,0.019144474224688453,-0.5840646816191417
0.7851570314062812,PASSED,-0.2628759125284467,-0.0035548864981643897,0.11209176452493994,2.6411788147338737,0.0185597533435893,-0.5851583474191611
0.7861572314462892,PASSED,-0.2628794113348684,-0.0034427437609276692,0.11217671904457431,2.6411970817271637,0.017974325361115314,-0.5856077391772031
0.7871574314862972,PASSED,-0.2628827980053323,-0.0033305894954062925,0.11213929650591183,2.6412147633250243,0.01738883146381517,-0.5854180027154361
0.7881576315263052,PASSED,-0.2628860725890487,-0.003218545407686648,0.11198061519546654,2.6412318597787627,0.016803907288892268,-0.5845949563945468
0.7891578315663133,PASSED,-0.26288923525633057,-0.0031067320199553044,0.11170190275526204,2.6412483719721376,0.01622018224149824,-0.5831451080603414
0.7901580316063213,PASSED,-0.2628922862973532,-0.0029952685579805976,0.11130450145433614,2.641264301414914,0.015638279004806063,-0.5810753224467327
0.7911582316463293,PASSED,-0.2628952261208023,-0.0028842728394034567,0.11078986332567697,2.6412796502357963,0.01505881293295418,-0.5783932381219825
0.7921584316863373,PASSED,-0.2628980552524129,-0.0027738611667049683,0.11015954561369652,2.6412944211748193,0.014482391434936546,-0.5751070046147386
0.7931586317263453,PASSED,-0.26290077433340175,-0.002664148222283794,0.10941521029282564,2.6413086175751537,0.013909613476413804,-0.571225261128079
0.7941588317663533,PASSED,-0.2629033841187953,-0.0025552469643831677,0.1085586229724938,2.641322243374398,0.013341069057796145,-0.5667571902773773
0.7951590318063613,PASSED,-0.2629058854756563,-0.002447268527346662,0.10759164641251351,2.641335303095315,0.012777338630923254,-0.5617125846032325
0.7961592318463693,PASSED,-0.26290827938121164,-0.00234032212489016,0.10651623981916136,2.641347801836052,0.012218992603020772,-0.5561016567686479
0.7971594318863773,PASSED,-0.26291056692088394,-0.00223451495436397,0.10533445766420885,2.641359745259882,0.011666590904713075,-0.5499350593337283
0.7981596319263853,PASSED,-0.26291274928622993,-0.002129952104831441,0.10404844411140941,2.641371139584428,0.011120682435595495,-0.5432240756401459
0.7991598319663933,PASSED,-0.26291482777278874,-0.0020267364696758498,0.10266042918504593,2.6413819915704324,0.010581804605938104,-0.5359803323355558
0.8001600320064013,PASSED,-0.26291680377784254,-0.001924968659713448,0.10117273048063932,2.6413923085100675,0.010050482950333981,-0.5282158711165019
0.8011602320464093,PASSED,-0.26291867879809283,-0.0018247469192769002,0.0995877470738201,2.6414020982147894,0.009527230617808838,-0.5199433067975693
0.8021604320864173,PASSED,-0.26292045442725603,-0.0017261670491455442,0.09790795216971317,2.6414113690028014,0.00901254800338285,-0.511175486178267
0.8031606321264253,PASSED,-0.2629221323535806,-0.001629322329097062,0.09613589863432856,2.6414201296860664,0.008506922337427347,-0.5019257858069927
0.8041608321664333,PASSED,-0.26292371435728945,-0.0015343034427514736,0.09427421148642837,2.6414283895569626,0.008010827286801345,-0.4922078938386774
0.8051610322064413,PASSED,-0.26292520230795074,-0.0014411984103304943,0.09232557971068028,2.6414361583745474,0.007524722614800383,-0.4820358574424849
0.8061612322464493,PASSED,-0.2629265981617809,-0.0013500925219655149,0.09029276080117878,2.6414434463504683,0.0070490538155509085,-0.47142409378746547
0.8071614322864573,PASSED,-0.26292790395888155,-0.0012610682716016508,0.08817857673898753,2.6414502641345368,0.006584251782888885,-0.46038732524506215
0.8081616323264653,PASSED,-0.2629291218204167,-0.0011742053002316295,0.08598590112404396,2.6414566227999754,0.006130732510086397,-0.44894057117410535
0.8091618323664733,PASSED,-0.2629302539457301,-0.001089580338875065,0.08371766817824479,2.6414625338283737,0.005688896794817544,-0.43709914466534994
0.8101620324064813,PASSED,-0.262931302609409,-0.0010072671538625443,0.08137686290203841,2.64146800909433,0.005259129923566234,-0.4248786889752837
0.8111622324464893,PASSED,-0.26293227015829645,-0.0009273364997353251,0.07896651494400643,2.641473060849866,0.004841801480809798,-0.4122949452772056
0.8121624324864973,PASSED,-0.26293315900845554,-0.0008498560719321864,0.0764897030425601,2.6414777017085522,0.0044372650618379255,-0.39936406810165065
0.8131626325265053,PASSED,-0.26293397164209026,-0.0007748904647734607,0.07394954323616935,2.64148194462944,0.004045858052502953,-0.38610230349052027
0.8141628325665133,PASSED,-0.2629347106044249,-0.0007025011324253522,0.07134919175606798,2.6414858029007355,0.0036679014299286646,-0.3725261686301336
0.8151630326065213,PASSED,-0.2629353785005469,-0.0006327463536329355,0.06869183681664898,2.641489290123336,0.0033036996161829894,-0.3586522438227033
0.8161632326465293,PASSED,-0.26293597799221574,-0.0005656812004979919,0.06598069734714,2.6414924201941403,0.0029535402572262825,-0.3444974357127094
0.8171634326865373,PASSED,-0.262936511794642,-0.0005013575085950465,0.06321902160681561,2.6414952072892297,0.0026176940764221592,-0.33007867753173253
0.8181636327265454,PASSED,-0.26293698267324017,-0.000439823853938591,0.060410076689548835,2.641497665846908,0.0022964148136195395,-0.31541298631654446
0.8191638327665534,PASSED,-0.26293739344035794,-0.00038112553205479953,0.057557152013286594,2.6414998105506093,0.0019899390416042544,-0.30051762914777924
0.8201640328065614,PASSED,-0.2629377469519867,-0.0003253045381125612,0.054663555228206206,2.6415016563117266,0.0016984860930781677,-0.28540982811162524
0.8211642328465694,PASSED,-0.26293804610445576,-0.00027239955465293235,0.051732602280577245,2.6415032182523244,0.0014222580072414078,-0.27010692432018296
0.8221644328865774,PASSED,-0.2629382938311144,-0.00022244594136076241,0.048767620633231715,2.6415045116878346,0.0011614394777841497,-0.2546262662153079
0.8231646329265854,PASSED,-0.262938493099005,-0.0001754757264003689,0.04577194451183474,2.6415055521096535,0.0009161977687431642,-0.23898533759143736
0.8241648329665934,PASSED,-0.2629386469055311,-0.00013151760349099144,0.04274890850773925,2.641506355167745,0.0006866827295230056,-0.2232015069726394
0.8251650330066013,PASSED,-0.2629387582751226,-9.059693191274566e-05,0.039701846958583475,2.6415069366532324,0.00047302682962613405,-0.20729216184635973
0.8261652330466093,PASSED,-0.2629388302559033,-5.273573936045036e-05,0.036634089614769855,2.641507312480984,0.00027534510688727353,-0.19127476333386112
0.8271654330866173,PASSED,-0.26293886591636323,-1.7952728479216552e-05,0.03354895839220978,2.6415074986722265,9.373521366852108e-05,-0.17516664647534666
0.8281656331266253,PASSED,-0.26293886834203845,1.3736713024870518e-05,0.03044976357867193,2.641507511337221,-7.172245801221405e-05,-0.15898502181766078
0.8291658331666333,PASSED,-0.2629388406322033,4.232049938618426e-05,0.027339801549741628,2.6415073666579683,-0.0002209647969022388,-0.14274721693826736
0.8301660332066413,PASSED,-0.26293878589657677,6.778983087393116e-05,0.024222351446417083,2.6415070808710186,-0.00035394586928642587,-0.12647030934813352
0.8311662332466493,PASSED,-0.26293870725204704,9.01391733137272e-05,0.021100669768715344,2.641506670250362,-0.0004706367488188963,-0.1101712596553617
0.8321664332866573,PASSED,-0.26293860781941747,0.00010936623520412595,0.017977989971521,2.6415061510904376,-0.0005710254677833111,-0.09386702517045027
0.8331666333266653,PASSED,-0.2629384907201765,0.00012547194312325475,0.01485751988420068,2.641505539689259,-0.0006551168874933817,-0.07757434940315087
0.8341668333666733,PASSED,-0.26293835907329527,0.00013846041187579413,0.011742434664765164,2.6415048523316993,-0.0007229324754618713,-0.06130974701204878
0.8351670334066813,PASSED,-0.2629382159920555,0.0001483389118755893,0.008635876889815158,2.6415041052729116,-0.0007745102052023278,-0.045089718226061566
0.8361672334466893,PASSED,-0.2629380645809111,0.0001551178358423985,0.005540955351471896,2.641503314721962,-0.0008099043488391744,-0.028930427244036504
0.8371674334866973,PASSED,-0.26293790793238536,0.00015881066045725137,0.002460737457106825,2.6415024968256104,-0.0008291852697544809,-0.012847916696153176
0.8381676335267053,PASSED,-0.2629377491240079,0.0001594339045552482,-0.000601751474743186,2.6415016676523213,-0.0008324392404114022,0.0031419933692333887
0.8391678335667133,PASSED,-0.26293759121529386,0.00015700708757026598,-0.0036435273251415688,2.6415008431764964,-0.0008197681758492512,0.01902377869076275
0.8401680336067213,PASSED,-0.2629374372447663,0.00015155268372147752,-0.006661654864553031,2.6415000392629215,-0.0007912894233902505,0.03478206830449269
0.8411682336467293,PASSED,-0.2629372902270278,0.0001430960707020682,-0.009653251789313515,2.641499271651476,-0.0007471355134346157,0.050401804389729625
0.8421684336867373,PASSED,-0.26293715314988014,0.00013166548149294612,-0.012615480822327796,2.6414985559421083,-0.0006874538428852078,0.06586824798919338
0.8431686337267453,PASSED,-0.26293702897149807,0.00011729194994852188,-0.015545565359155232,2.641497907580053,-0.0006124064689381704,0.08116679125226652
0.8441688337667533,PASSED,-0.2629369206176557,0.0001000092542777281,-0.01844078254521946,2.6414973418413905,-0.0005221697477750213,0.09628334110373742
0.8451690338067613,PASSED,-0.26293683097901255,7.98538583745701e-05,-0.02129847147511703,2.641496873818843,-0.00041693406364636546,0.1112039128119349
0.8461692338467693,PASSED,-0.2629367629084566,5.6864852778094786e-05,-0.024116028344047514,2.6414965184079233,-0.00029690353639974754,0.12591493686974004
0.8471694338867773,PASSED,-0.26293671921851053,3.10838913767944e-05,-0.026890916772802313,2.64149629029339,-0.00016229562940644237,0.14040322040901526
0.8481696339267853,PASSED,-0.26293670267880126,2.5551256276040232e-06,-0.029620665066782417,2.641496203936038,-1.3340855511434528e-05,0.15465580955233624
0.8491698339667934,PASSED,-0.2629367160135946,-2.8674860809271632e-05,-0.032302867350271144,2.641496273559839,0.00014971756496216413,0.1686601610877736
0.8501700340068014,PASSED,-0.26293676189939813,-6.255712052120528e-05,-0.03493518795304199,2.6414965131394124,0.0003266240785715878,0.18240408195719035
0.8511702340468094,PASSED,-0.2629368429626335,-9.904041402614972e-05,-0.0375153638728794,2.6414969363878913,0.0005171111814645124,0.19587578351674756
0.8521704340868174,PASSED,-0.2629369617773799,-0.0001380712816139837,-0.040041203397803704,2.6414975567451364,0.000720899767552492,0.20906378780213447
0.8531706341268254,PASSED,-0.2629371208631906,-0.0001795941158120283,-0.042510588064871915,2.6414983873663433,0.0009376995240140032,0.22195706890109554
0.8541708341668334,PASSED,-0.2629373226829835,-0.00022355123759819394,-0.04492147760036149,2.6414994411110393,0.001167209345433409,0.23454498976494614
0.8551710342068414,PASSED,-0.26293756964100834,-0.000269882973809376,-0.0472719086183958,2.6415007305324583,0.0014091176814818144,0.24681723357071164
0.8561712342468494,PASSED,-0.2629378640808912,-0.00031852773419490245,-0.049559994896946874,2.6415022678673514,0.0016631030062733089,0.25876405227201643
0.8571714342868574,PASSED,-0.2629382082837574,-0.0003694220911778552,-0.05178393170695671,2.641504065026187,0.0019288342180787722,0.27037598482776143
0.8581716343268654,PASSED,-0.2629386044664346,-0.00042250086035936684,-0.05394199416454826,2.6415061335837673,0.002205971002664295,0.2816439844240307
0.8591718343668734,PASSED,-0.26293905477973706,-0.00047769718262102834,-0.05603254099307037,2.641508484770286,0.0024941643397862288,0.2925595722538686
0.8601720344068814,PASSED,-0.2629395613068321,-0.0005349426059919826,-0.0580540116228767,2.641511129462793,0.002793056901876635,0.303114555314764
0.8611722344468894,PASSED,-0.2629401260616892,-0.0005941671696181688,-0.06000493162839271,2.64151407817711,0.003102283464031676,0.31330123338189286
0.8621724344868974,PASSED,-0.26294075098761355,-0.000655299488420911,-0.06188391025230828,2.6415173410601738,0.003421471380563417,0.32311237196497317
0.8631726345269054,PASSED,-0.26294143795586417,-0.0007182668377272213,-0.06368964200897846,2.6415209278828304,0.0037502410302857796,0.3325411682272891
0.8641728345669134,PASSED,-0.2629421887643571,-0.00078299523877711,-0.0654209070771623,2.641524848033063,0.004088206225691502,0.3415812135246782
0.8651730346069214,PASSED,-0.26294300513645524,-0.0008494095458678736,-0.06707657376649774,2.6415291105096825,0.004434974699511956,0.3502266473509692
0.8661732346469294,PASSED,-0.2629438887198435,-0.0009174335315556244,-0.06865559363525282,2.6415337239164574,0.004790148554119398,0.3584719927784255
0.8671734346869374,PASSED,-0.26294484108549204,-0.0009869899751642542,-0.0701570102575475,2.641538696456699,0.0051533246826842875,0.36631221908919886
0.8681736347269454,PASSED,-0.26294586372670586,-0.0010580007497286794,-0.07157995076901058,2.641544035928317,0.005524095275237479,0.3737428415291873
0.8691738347669534,PASSED,-0.26294695805826174,-0.0011303869078066497,-0.07292362961727633,2.6415497497192986,0.0059020482317732135,0.3807596998734325
0.8701740348069614,PASSED,-0.2629481254156329,-0.001204068771252784,-0.07418735266537319,2.6415558448036727,0.006286767621687397,0.38735918327468377
0.8711742348469694,PASSED,-0.2629493670543011,-0.0012789660180372098,-0.07537050953046084,2.6415623277379243,0.006677834191345078,0.39353816057968005
0.8721744348869774,PASSED,-0.2629506841491562,-0.0013549977683128558,-0.07647257743910275,2.641569204657854,0.007074825755179205,0.3992938326704243
0.8731746349269854,PASSED,-0.2629520777939826,-0.001432082672772292,-0.07749312247299205,2.641576481275902,0.007477317664774913,0.40462396087923064
0.8741748349669934,PASSED,-0.2629535490010331,-0.00151013900000145,-0.07843179706660201,2.6415841628789263,0.007884883308781445,0.4095267660914006
0.8751750350070014,PASSED,-0.26295509870068984,-0.0015890847222747335,-0.0792883390777378,2.6415922543264263,0.008297094509139132,0.414000823201876
0.8761752350470094,PASSED,-0.2629567277412102,-0.0016688376008394913,-0.08006257155610486,2.641600760049231,0.00871352199144427,0.41804525504064627
0.8771754350870175,PASSED,-0.2629584368885603,-0.0017493152732755075,-0.08075440635595708,2.641609684048612,0.009133735835570422,0.4216595701831562
0.8781756351270255,PASSED,-0.2629602268263323,-0.0018304353374699331,-0.08136383608673813,2.6416190298958617,0.009557305908037056,0.42484374065561925
0.8791758351670335,PASSED,-0.262962098155747,-0.0019121154357192272,-0.08189093969099835,2.6416288007323074,0.009983802320037862,0.427598192897598
0.8801760352070415,PASSED,-0.26296405139574014,-0.0019942733382760387,-0.08233587780068698,2.6416389992697553,0.010412795839473096,0.42992373712699083
0.8811762352470495,PASSED,-0.2629660869831317,-0.0020768270262881503,-0.08269889481972793,2.6416496277913812,0.010843858336089791,0.43182166960983104
0.8821764352870574,PASSED,-0.26296820527287706,-0.002159694773284721,-0.08298031511446669,2.6416606881530207,0.011276563188002565,0.4332936401147379
0.8831766353270654,PASSED,-0.26297040653840004,-0.002242795225687082,-0.08318054392762386,2.6416721817849345,0.011710485756411619,0.43434185393859653
0.8841768353670734,PASSED,-0.26297269097200543,-0.0023260474829491415,-0.08330006615168285,2.641684109693932,0.012145203731096762,0.4349687218495052
0.8851770354070814,PASSED,-0.2629750586853706,-0.00240937117512519,-0.08333944285895964,2.641696472465951,0.012580297561977944,0.435177236902299
0.8861772354470894,PASSED,-0.2629775097101152,-0.0024926865404787295,-0.08329931368325964,2.6417092702690206,0.013015350907237672,0.43497075083134606
0.8871774354870974,PASSED,-0.26298004399844715,-0.002575914502130413,-0.08318039363063327,2.641722502856636,0.013449950973938465,0.43435294394709245
0.8881776355271054,PASSED,-0.2629826614238843,-0.0026589767415765844,-0.08298346998986307,2.641736169571512,0.013883688906778338,0.4333279254350597
0.8891778355671134,PASSED,-0.2629853617820495,-0.002741795772216345,-0.08270940440635945,2.641750269349742,0.014316160227307077,0.43190025059119175
0.8901780356071214,PASSED,-0.26298814479153787,-0.002824295011090912,-0.0823591285200384,2.6417648007253103,0.014746965146831293,0.43007469881289606
0.8911782356471294,PASSED,-0.262991010094856,-0.0029063988493540174,-0.08193364475848344,2.64177976183499,0.015175708938750265,0.42785652065635593
0.8921784356871374,PASSED,-0.2629939572594294,-0.0029880327202999033,-0.08143402173748768,2.641795150423605,0.015602002353072563,0.42525134343292575
0.8931786357271454,PASSED,-0.26299698577867825,-0.003069123165775402,-0.08086139463417287,2.6418109638496285,0.016025461893863658,0.42226500569653835
0.8941788357671534,PASSED,-0.2630000950731588,-0.0031495979032051015,-0.08021696596005008,2.6418271990911504,0.016445710192125484,0.4189038266386881
0.8951790358071614,PASSED,-0.2630032844917694,-0.003229385887022138,-0.07950199572169335,2.6418438527521517,0.016862376347745803,0.4151743749414064
0.8961792358471694,PASSED,-0.26300655331301914,-0.0033084173707172908,-0.07871780901079296,2.6418609210691257,0.017275096221675508,0.4110835399219023
0.8971794358871774,PASSED,-0.26300990074635633,-0.0033866239676758197,-0.07786578892368638,2.641878399918012,0.01768351277304765,0.40663855900563595
0.8981796359271854,PASSED,-0.26301332593355686,-0.003463938708221496,-0.07694737496033635,2.6418962848214322,0.018087276351125767,0.4018469241264402
0.8991798359671934,PASSED,-0.2630168279501687,-0.0035402960948235397,-0.07596406102984837,2.6419145709562275,0.01848604498666593,0.3967164431493136
0.9001800360072014,PASSED,-0.2630204058070116,-0.0036156321571454977,-0.07491739651669753,2.6419332531612714,0.018879484662692802,0.39125516461191273
0.9011802360472094,PASSED,-0.2630240584517297,-0.0036898845043068485,-0.07380898092445337,2.6419523259455726,0.019267269600596194,0.3854714534310437
0.9021804360872174,PASSED,-0.2630277847703949,-0.00376299237270238,-0.07264046004291717,2.6419717834966474,0.019649082540991368,0.37937393170459294
0.9031806361272254,PASSED,-0.26303158358915896,-0.0038348966757665087,-0.07141353174493618,2.641991619689123,0.02002461493476355,0.37297136848391355
0.9041808361672334,PASSED,-0.26303545367595266,-0.0039055400492043423,-0.07012993456643189,2.6420118280936054,0.02039356721743881,0.3662728921361557
0.9051810362072414,PASSED,-0.2630393937422291,-0.003974866893116117,-0.06879145014200402,2.6420324019857717,0.02075564905769131,0.3592878056633945
0.9061812362472494,PASSED,-0.2630434024447497,-0.004042823415198233,-0.06739990337552414,2.642053334355688,0.021110579529923373,0.35202558327783867
0.9071814362872574,PASSED,-0.26304747838741005,-0.004109357669029118,-0.06595715413445899,2.642074617917333,0.02145808733484247,0.344495952679939
0.9081816363272655,PASSED,-0.26305162012310424,-0.004174419590514628,-0.06446509971954405,2.642096245118324,0.02179791100849555,0.33670882096851185
0.9091818363672735,PASSED,-0.2630558261556249,-0.004237961033509279,-0.06292567184472216,2.64211820814982,0.02212979907438886,0.3286742291765092
0.9101820364072815,PASSED,-0.2630600949415961,-0.004299935801121134,-0.06134083145661024,2.642140498956628,0.02245351025121484,0.3204024752589607
0.9111822364472895,PASSED,-0.26306442489243853,-0.004360299676913072,-0.05971257201548909,2.6421631092474254,0.022768813559304317,0.3119038633098227
0.9121824364872975,PASSED,-0.2630688143763631,-0.0044190104525184655,-0.05804291133199544,2.642186030505179,0.02307548849743457,0.30318898801054217
0.9131826365273055,PASSED,-0.26307326172039114,-0.00447602795247121,-0.056333892366576696,2.642209253997682,0.023373325204690806,0.2942685200866992
0.9141828365673135,PASSED,-0.26307776521239973,-0.004531314058423388,-0.05458758167591189,2.642232770788224,0.02366212452401391,0.2851531854807064
0.9151830366073215,PASSED,-0.2630823231031883,-0.004584832729700023,-0.05280606434378337,2.6422565717463735,0.023941698131667303,0.27585388910185343
0.9161832366473295,PASSED,-0.2630869336085658,-0.004636550022295003,-0.05099144476244476,2.642280647558861,0.02421186865908668,0.2663816196310536
0.9171834366873375,PASSED,-0.26309159491145495,-0.004686434104883422,-0.049145841139068655,2.6423049887405763,0.02447246977550973,0.2567474476177158
0.9181836367273455,PASSED,-0.2630963051640123,-0.004734455272989275,-0.0472713860837079,2.6423295856456126,0.02472334622161124,0.24696244509070436
0.9191838367673535,PASSED,-0.2631010624897603,-0.004780585961309682,-0.04537022314487368,2.6423544284784,0.02496435389799854,0.23703783058503122
0.9201840368073615,PASSED,-0.2631058649857312,-0.004824800752837222,-0.04344450378265045,2.642379507304898,0.02519535995498428,0.2269848745862143
0.9211842368473695,PASSED,-0.26311071072461845,-0.004867076385854211,-0.04149638583988156,2.6424048120638104,0.02541624274698994,0.21681473695196155
0.9221844368873775,PASSED,-0.26311559775693494,-0.004907391759561025,-0.03952803228476772,2.6424303325778613,0.025626891922607403,0.20653880139446795
0.9231846369273855,PASSED,-0.2631205241131746,-0.004945727936874339,-0.03754160733234604,2.6424560585650667,0.02582720843685319,0.19616832281333424
0.9241848369673935,PASSED,-0.26312548780597583,-0.0049820681440524515,-0.035539273741957214,2.6424819796500354,0.026017104516692636,0.18571458452351772
0.9251850370074015,PASSED,-0.26313048683228457,-0.005016397769930191,-0.03352319396826076,2.6425080853752476,0.026196503677475936,0.1751888782898195
0.9261852370474095,PASSED,-0.26313551917551425,-0.00504870436177612,-0.03149552376437393,2.642534365212338,0.02636534071570635,0.1646024781908143
0.9271854370874175,PASSED,-0.2631405828077012,-0.005078977619659392,-0.029458413962537996,2.642560808573345,0.026523561657495406,0.15396658418788242
0.9281856371274255,PASSED,-0.26314567569165276,-0.005107209387543912,-0.027414003832508988,2.6425874048219176,0.026671123703788782,0.14329235436370397
0.9291858371674335,PASSED,-0.26315079578308587,-0.005133393642737133,-0.025364422767028355,2.642614143284489,0.02680799522433988,0.13259096467602852
0.9301860372074415,PASSED,-0.2631559410327551,-0.0051575264856042035,-0.02331178960043212,2.6426410132613802,0.02693415565715391,0.12187341157269553
0.9311862372474495,PASSED,-0.2631611093885668,-0.005179606123083653,-0.021258202732130013,2.642668004037839,0.02704959542296001,0.11115066862837349
0.9321864372874575,PASSED,-0.2631662987976774,-0.005199632851868008,-0.01920574615250331,2.64269510489499,0.027154315870697946,0.10043363381097876
0.9331866373274655,PASSED,-0.2631715072085755,-0.005217609042379942,-0.01715648675155377,2.642722305120718,0.0272483291924133,0.08973311365159918
0.9341868373674735,PASSED,-0.2631767325731432,-0.005233539117234517,-0.015112466923253623,2.6427495940204206,0.0273316582612649,0.07905970565160397
0.9351870374074815,PASSED,-0.26318197284869727,-0.005247429527074394,-0.013075705117625689,2.6427769609276632,0.027404336543979967,0.06842400075737465
0.9361872374474896,PASSED,-0.26318722600000594,-0.005259288728903627,-0.011048199636970086,2.642804395214723,0.027466408021673702,0.05783646231797889
0.9371874374874976,PASSED,-0.2631924900012817,-0.005269127160209464,-0.009031919085081403,2.6428318863029947,0.027517926996619303,0.04730731669735113
0.9381876375275056,PASSED,-0.2631977628381465,-0.005276957208613859,-0.007028801283937428,2.6428594236732383,0.027558957924199545,0.0368466681688404
0.9391878375675135,PASSED,-0.2632030425095685,-0.005282793184235991,-0.005040758514261448,2.6428869968757094,0.027589575344240672,0.02646458795598534
0.9401880376075215,PASSED,-0.2632083270297686,-0.005286651289242881,-0.0030696693353089804,2.642914595540115,0.027609863685367324,0.016170843240432876
0.9411882376475295,PASSED,-0.2632136144300942,-0.005288549582213822,-0.001117375394695273,2.642942209385395,0.027619917021851438,0.005974998646574207
0.9421884376875375,PASSED,-0.2632189027608605,-0.005288507946064106,0.0008143105126569569,2.642969828229345,0.027619838995222572,-0.004113376812496191
0.9431886377275455,PASSED,-0.2632241900931551,-0.0052865480511182315,0.0027236179013530727,2.6429974419980384,0.027609742592135954,-0.014085087269365103
0.9441888377675535,PASSED,-0.2632294745206067,-0.005282693316811807,0.004608811909804968,2.643025040735077,0.02758974991261487,-0.02393107435556351
0.9451890378075615,PASSED,-0.26323475416111525,-0.005276968874123122,0.006468196541270724,2.6430526146106144,0.027559991999194844,-0.033642472796336295
0.9461892378475695,PASSED,-0.2632400271585422,-0.005269401523887493,0.008300119365199076,2.643080153930202,0.02752060864405763,-0.043210610031130116
0.9471894378875775,PASSED,-0.2632452916843598,-0.005260019695297169,0.010102968073740533,2.643107649143401,0.02747174813595978,-0.05262710680899628
0.9481896379275855,PASSED,-0.26325054593925784,-0.005248853403217967,0.011875174749508326,2.643135090852174,0.02741356702715389,-0.06188377680381467
0.9491898379675935,PASSED,-0.2632557881547066,-0.005235934203101884,0.013615217027133971,2.6431624698190554,0.027346229947623382,-0.07097261468163471
0.9501900380076015,PASSED,-0.26326101659447504,-0.005221295145820447,0.015321617450972332,2.643189776975096,0.027269909358621888,-0.07988590521473612
0.9511902380476095,PASSED,-0.2632662295561029,-0.005204970732029334,0.01699294468454085,2.643217003427535,0.0271847852422217,-0.08861625719048732
0.9521904380876175,PASSED,-0.2632714253723252,-0.005186996862033959,0.01862782020259729,2.643244140467267,0.0270910449372877,-0.09715633676300951
0.9531906381276255,PASSED,-0.263276602412449,-0.0051674107887477675,0.020224908675253755,2.6432711795760273,0.026988882874155337,-0.10549921404526491
0.9541908381676335,PASSED,-0.26328175908368057,-0.005146251068395376,0.021782928137150298,2.6432981124333264,0.026878500229303937,-0.113638265388826
0.9551910382076415,PASSED,-0.2632868938324026,-0.005123557508297256,0.02330064807210151,2.6433249309231424,0.026760104775457618,-0.12156691281797587
0.9561912382476495,PASSED,-0.2632920051454002,-0.005099371116003218,0.024776888441992866,2.643351627140316,0.026633910564792126,-0.12927907589716744
0.9571914382876575,PASSED,-0.2632970915510351,-0.005073734048352606,0.02621052045636055,2.643378193396695,0.02650013760325971,-0.13676888528924663
0.9581916383276655,PASSED,-0.2633021516203674,-0.005046689556580944,0.02760047264853027,2.6434046222270053,0.0263590116747227,-0.14403062403551886
0.9591918383676735,PASSED,-0.263307183968224,-0.00501828193312083,0.028945724001170157,2.643430906394431,0.026210764001756218,-0.1510590389204547
0.9601920384076815,PASSED,-0.26331218725421257,-0.004988556458663165,0.03024530809532896,2.643457038895915,0.02605563092834571,-0.15784909640388092
0.9611922384476895,PASSED,-0.26331716018368223,-0.0049575593469357426,0.031498314148817166,2.643483012967207,0.025893853749969782,-0.16439589969062707
0.9621924384876975,PASSED,-0.2633221015086277,-0.004925337687115,0.032703890268692457,2.6435088220875587,0.025725678299205086,-0.17069515148074307
0.9631926385277055,PASSED,-0.2633270100285397,-0.00489193939187774,0.0338612318829731,2.643534459984204,0.02555135470787293,-0.17674255123309993
0.9641928385677135,PASSED,-0.26333188459119766,-0.004857413139356427,0.03496959961354075,2.643559920636489,0.025371137154101355,-0.18253422213055373
0.9651930386077215,PASSED,-0.26333672409340814,-0.00482180831630172,0.036028305348817846,2.6435851982797405,0.02518528349032617,-0.18806662487160025
0.9661932386477295,PASSED,-0.26334152748168543,-0.004785174962997308,0.037036718608140645,2.643610287408837,0.024994055004878817,-0.1933363924978529
0.9671934386877376,PASSED,-0.26334629375287616,-0.004747563715717685,0.03799426639394429,2.643635182781467,0.02479771611001879,-0.19834056310147744
0.9681936387277456,PASSED,-0.2633510219547271,-0.004709025750045867,0.038900431857067784,2.643659879421113,0.024596534032054262,-0.2030764212065653
0.9691938387677536,PASSED,-0.26335571118639567,-0.004669612723514492,0.03975475631424608,2.64368437261972,0.024390778533698754,-0.20754154978813635
0.9701940388077616,PASSED,-0.2633603605989046,-0.004629376720361057,0.04055683437956016,2.643708657940072,0.024180721594778347,-0.21173386500858657
0.9711942388477696,PASSED,-0.26336496939553816,-0.00458837019210109,0.04130632418024,2.6437327312178907,0.023966637155602776,-0.21565148862022787
0.9721944388877776,PASSED,-0.2633695368321831,-0.004546645902585161,0.042002933073054145,2.643756588563597,0.023748800765136413,-0.21929299169712288
0.9731946389277856,PASSED,-0.2633740622176122,-0.004504256872178196,0.042646428629571874,2.643780226363821,0.023527489321242736,-0.22265707869137788
0.9741948389677936,PASSED,-0.26337854491371115,-0.004461256318479071,0.04323663707882769,2.643803641282581,0.023302980781685443,-0.22574284680123827
0.9751950390078016,PASSED,-0.26338298433565027,-0.0044176976031996724,0.0437734340797783,2.6438268302621992,0.02307555384997409,-0.22854965498475757
0.9761952390478096,PASSED,-0.2633873799519992,-0.004373634175713268,0.04425675642415542,2.643849790523898,0.02284548768733023,-0.23107716774993406
0.9771954390878176,PASSED,-0.2633917312847867,-0.0043291195162501765,0.04468659482238223,2.643872519568122,0.022613061631385184,-0.23332531474178247
0.9781956391278256,PASSED,-0.2633960379095056,-0.004284207082954151,0.045062992278454596,2.64389501517458,0.022378554926281206,-0.2352942986787772
0.9791958391678336,PASSED,-0.2634002994550626,-0.00423895025743139,0.04538604768563391,2.643917275401967,0.022142246381783966,-0.2369847083762116
0.9801960392078416,PASSED,-0.26340451560367406,-0.004193402288564034,0.04565591632183488,2.6439392985874592,0.02190441416763357,-0.23839721799985025
0.9811962392478496,PASSED,-0.2634086860907089,-0.004147616242158658,0.04587279979440193,2.6439610833458684,0.02166533548445021,-0.23953299330570338
0.9821964392878576,PASSED,-0.26341281070447775,-0.004101644947797215,0.046036957406138584,2.643982628568569,0.02142528628666721,-0.24039333410119684
0.9831966393278656,PASSED,-0.26341688928597073,-0.004055540945179097,0.04614869942610327,2.6440039334221153,0.021184541042514063,-0.24097985085444013
0.9841968393678736,PASSED,-0.26342092172854276,-0.004009356434439248,0.04620838494901247,2.6440249973466243,0.020943372459004937,-0.24129440527891985
0.9851970394078816,PASSED,-0.2634249079775494,-0.0039631432265874655,0.046216423120296515,2.6440458200538663,0.02070205119988453,-0.24133916168139574
0.9861972394478896,PASSED,-0.2634288480299315,-0.003916952692254121,0.04617327514204242,2.644066401525099,0.020460845622915075,-0.24111652049483107
0.9871974394878976,PASSED,-0.2634327419337519,-0.0038708357137879003,0.046079447349005785,2.6440867420086573,0.020220021567408774,-0.2406290788472794
0.9881976395279056,PASSED,-0.2634365897876831,-0.00382484263821057,0.045935494396213576,2.6441068420172846,0.01997984207721711,-0.23987976442125694
0.9891978395679136,PASSED,-0.26344039174044814,-0.0037790232293150178,0.0457420185617773,2.644126702325211,0.019740567129542773,-0.2388717365097242
0.9901980396079216,PASSED,-0.26344414799021576,-0.0037334266233566673,0.0454996642227327,2.6441463239650003,0.01950245344762051,-0.2376083121972943
0.9911982396479296,PASSED,-0.26344785878394883,-0.00368810128241384,0.045209125422890066,2.6441657082241505,0.019265754240823073,-0.23609313653086167
0.9921984396879376,PASSED,-0.2634515244167106,-0.003643094952547013,0.044871132829452154,2.644184856641477,0.019030718973708047,-0.2343300208378043
0.9931986397279456,PASSED,-0.263455145230926,-0.0035984546211011055,0.044486463856877795,2.6442037710032555,0.018797593149231018,-0.23232302690317586
0.9941988397679536,PASSED,-0.2634587216156027,-0.003554226473997173,0.044055935935302826,2.6442224533391494,0.018566618084251422,-0.2300764236972071
0.9951990398079616,PASSED,-0.26346225400550977,-0.0035104558563897356,0.043580405388860474,2.644240905917937,0.01833803072688323,-0.22759464648218394
0.9961992398479695,PASSED,-0.26346574288031827,-0.0034671872344990157,0.04306076622529291,2.644259131243015,0.018112063420400795,-0.22488241314927274
0.9971994398879775,PASSED,-0.26346918876370234,-0.003424464156793454,0.042497952025741144,2.644277132047703,0.017888943701670993,-0.22194458911682463
0.9981996399279855,PASSED,-0.2634725922224038,-0.0033823292170086137,0.041892931624239224,2.644294911290377,0.017668894167776984,-0.21878616374545998
0.9991998399679936,PASSED,-0.2634759538652607,-0.003340824020560611,0.041246706330511626,2.644312472149372,0.017452132216285856,-0.2154124766549084
1.0002000400080016,PASSED,-0.2634792743422012,-0.003299989150018875,0.04056031334921922,2.644329818017748,0.01723886989873445,-0.2118288781490796
1.0012002400480096,PASSED,-0.26348255434320483,-0.003259864131557836,0.03983482186891825,2.644346952497863,0.017029313798405516,-0.20804091511549969
1.0022004400880176,PASSED,-0.2634857945972309,-0.0032204874047518698,0.03907133009733184,2.6443638793957627,0.016823664772881216,-0.20405443246349617
1.0032006401280256,PASSED,-0.2634889958711176,-0.0031818962938286234,0.03827096480718959,2.644380602715453,0.01662211786897152,-0.19987521820716697
1.0042008401680336,PASSED,-0.263492158968451,-0.003144126976610277,0.037434885492450394,2.644397126652978,0.01642486217572917,-0.19550934326580233
1.0052010402080416,PASSED,-0.26349528472840683,-0.0031072144591752743,0.03656427206337076,2.644413455590374,0.01623208062188408,-0.1909630275646092
1.0062012402480496,PASSED,-0.26349837402456605,-0.0030711925514139114,0.035660331560024384,2.644429594089484,0.0160439498954495,-0.18624252568122016
1.0072014402880576,PASSED,-0.26350142776370555,-0.0030360938405113946,0.03472429713084488,2.6444455468856436,0.015860640329250355,-0.18135425987776838
1.0082016403280656,PASSED,-0.26350444688456515,-0.0030019496690785086,0.03375742096757997,2.6444613188812385,0.015682315727403234,-0.17630482982668597
1.0092018403680736,PASSED,-0.2635074323565932,-0.002968790115589994,0.032760975169137924,2.644476915139153,0.01550913328575492,-0.1711008495293998
1.0102020404080816,PASSED,-0.26351038517867126,-0.002936643972821326,0.031736254501688044,2.6444923408761065,0.0153412435062381,-0.16574906617510074
1.0112022404480896,PASSED,-0.26351330637782017,-0.0029055387295218037,0.030684569164744494,2.644507601455897,0.015178790068733215,-0.16025635172474345
1.0122024404880976,PASSED,-0.2635161970078886,-0.002875500555655375,0.029607243667551148,2.644522702382545,0.015021909748962892,-0.15462963180070813
1.0132026405281056,PASSED,-0.26351905814822507,-0.002846554284897992,0.028505622150603645,2.6445376492933748,0.014870732385457594,-0.1488758513083558
1.0142028405681136,PASSED,-0.26352189090233674,-0.0028187234024477474,0.02738105598333857,2.644552447951972,0.014725380713683114,-0.143002218751897
1.0152030406081216,PASSED,-0.2635246963965335,-0.0027920300317541974,0.026234913833691528,2.6445671042411436,0.014585970396099017,-0.13701571680556177
1.0162032406481296,PASSED,-0.2635274757785619,-0.002766494924488377,0.025068569553906943,2.6445816241557427,0.014452609926266449,-0.1309236385172371
1.0172034406881376,PASSED,-0.2635302302162288,-0.002742137451356811,0.023883408850005738,2.644596013795507,0.014325400559630667,-0.12473318538147904
1.0182036407281456,PASSED,-0.2635329608960159,-0.0027189755930046204,0.022680824686980742,2.6446102793578024,0.014204436311270191,-0.1184516236798058
1.0192038407681536,PASSED,-0.26353566902168807,-0.0026970259357625274,0.021462212278834734,2.644624427130365,0.014089803913100917,-0.1120862478289194
1.0202040408081616,PASSED,-0.2635383558128955,-0.0026763036655467966,0.020228975506994647,2.6446384634839912,0.013981582763906531,-0.1056444167713611
1.0212042408481696,PASSED,-0.26354102250377204,-0.0026568225639731673,0.01898251895138591,2.644652394865211,0.013879844927583655,-0.09913344935722104
1.0222044408881776,PASSED,-0.26354367034153137,-0.0026385950087294326,0.017724246105300153,2.6446662277889628,0.013784655153958675,-0.09256065647014977
1.0232046409281856,PASSED,-0.2635463005850608,-0.0026216319706987815,0.016455565980884403,2.6446799688312455,0.013696070831190336,-0.08593343363379667
1.0242048409681936,PASSED,-0.2635489145035168,-0.0026059430159063187,0.015177880666848501,2.644693624621771,0.013614141985106673,-0.07925912105024145
1.0252050410082016,PASSED,-0.26355151337492144,-0.002591536308905888,0.013892591222818912,2.644707201836649,0.013538911365782792,-0.0725449515063091
1.0262052410482096,PASSED,-0.2635540984847621,-0.0025784186156072456,0.012601094682524908,2.644720707191054,0.013470414386680798,-0.06579833083244946
1.0272054410882177,PASSED,-0.26355667112459585,-0.0025665953079668596,0.011304782945626736,2.644734147431935,0.013408679150739577,-0.05902650601373561
1.0282056411282257,PASSED,-0.2635592325906598,-0.0025560703721202787,0.010005037780550376,2.64474752933077,0.013353726588869063,-0.05223659910836917
1.0292058411682337,PASSED,-0.2635617841824884,-0.0025468464156274376,0.008703235634368759,2.6447608596763326,0.013305570397321807,-0.045435919839848245
1.0302060412082417,PASSED,-0.26356432720154,-0.002538924676372348,0.007400741668903617,2.6447741452675024,0.013264217059491169,-0.03863161649116301
1.0312062412482497,PASSED,-0.26356686294983284,-0.0025323050337402657,0.006098909940868112,2.6447873929061663,0.013229666058032387,-0.03183059143719739
1.0322064412882577,PASSED,-0.26356939272859253,-0.0025269860208851553,0.004799081464605632,2.6448006093901326,0.013201909808008191,-0.025040022415526532
1.0332066413282657,PASSED,-0.26357191783691236,-0.0025229648370097696,0.0035025854825727373,2.644813801506133,0.013180933691547965,-0.01826684582335785
1.0342068413682737,PASSED,-0.2635744395704267,-0.002520237362223063,0.002210734322795656,2.644826976022902,0.013166716287379794,-0.011517776398048176
1.0352070414082817,PASSED,-0.2635769592200004,-0.0025187981736966374,0.0009248246621789561,2.6448401396843138,0.013159229336338802,-0.004799734136284953
1.0362072414482897,PASSED,-0.2635794780704339,-0.0025186405621203784,-0.0003538638143543791,2.6448532992026306,0.013158437821738244,0.0018806317565937547
1.0372074414882977,PASSED,-0.26358199739918553,-0.0025197565490812797,-0.0016240690585999315,2.644866461251821,0.013164300147832833,0.008516788986585547
1.0382076415283057,PASSED,-0.26358451847511327,-0.002522136907575601,-0.002884551451468979,2.6448796324609836,0.013176768171799753,0.015102180620476297
1.0392078415683137,PASSED,-0.2635870425572355,-0.0025257711815682596,-0.004134089020118279,2.6448928194078793,0.013195787322124284,0.021630463460567354
1.0402080416083217,PASSED,-0.26358957089351254,-0.0025306477067546965,-0.0053714826306495555,2.6449060286125534,0.013221296722352309,0.028095358072995277
1.0412082416483297,PASSED,-0.2635921047196507,-0.0025367536342544737,-0.006595557412529187,2.644919266531106,0.013253229324491614,0.03449076485017978
1.0422084416883377,PASSED,-0.26359464525792886,-0.002544074953436191,-0.00780516036117635,2.6449325395495356,0.013291511973574486,0.04081057190466444
1.0432086417283457,PASSED,-0.26359719371604867,-0.0025525965155139786,-0.008999163222194672,2.644945853977753,0.013336065587503144,0.04704897527799099
1.0442088417683537,PASSED,-0.26359975128600993,-0.002562302060012963,-0.010176465350178262,2.6449592160436937,0.01338680529434151,0.05320019454528263
1.0452090418083617,PASSED,-0.2636023191430121,-0.0025731742412963064,-0.011335991905452874,2.6449726318875846,0.013443640518582359,0.059258577371227424
1.0462092418483697,PASSED,-0.2636048984443816,-0.0025851946539864647,-0.012476693213295286,2.6449861075563383,0.013506475165298364,0.06521869294585805
1.0472094418883777,PASSED,-0.263607490328528,-0.002598343862709325,-0.013597552395904032,2.6449996489980916,0.01357520775902794,0.07107519425205316
1.0482096419283857,PASSED,-0.2636100959139271,-0.0026126014303672865,-0.014697577832666791,2.6450132620569002,0.013649731577500657,0.07682290128649262
1.0492098419683937,PASSED,-0.2636127162981343,-0.0026279459468315077,-0.015775808885257096,2.6450269524675774,0.013729934825140665,0.08245681187568801
1.0502100420084017,PASSED,-0.2636153525568276,-0.0026443550604964934,-0.016831316851471198,2.645040725850704,0.013815700797277685,0.08797207897790854
1.0512102420484097,PASSED,-0.26361800574288075,-0.0026618055090873107,-0.017863203083715327,2.6450545877077754,0.013906908009459453,0.09336396765100775
1.0522104420884177,PASSED,-0.2636206768854687,-0.002680273150383452,-0.0188706001044251,2.645068543416528,0.014003430375709152,0.0986279653154943
1.0532106421284257,PASSED,-0.26362336698920413,-0.002699732995174771,-0.01985267458258203,2.64508259822643,0.014105137412533511,0.1037597511636013
1.0542108421684337,PASSED,-0.2636260770333071,-0.002720159240722658,-0.020808626191424366,2.645096757254343,0.014211894368372276,0.10875509228887623
1.0552110422084418,PASSED,-0.26362880797080757,-0.002741525302953045,-0.0217376862563617,2.645111025480352,0.014323562396627257,0.11360998556571539
1.0562112422484498,PASSED,-0.2636315607277816,-0.0027638038506940755,-0.022639122064143178,2.6451254077437794,0.014439998774415768,0.11832063927037682
1.0572114422884578,PASSED,-0.2636343362026218,-0.002786966841337987,-0.02351223636375677,2.645139908739359,0.014561057031705163,0.1228833359687423
1.0582116423284658,PASSED,-0.26363713526534244,-0.002810985553917964,-0.024356363390790448,2.6451545330136246,0.01468658717402947,0.1272946798946858
1.0592118423684738,PASSED,-0.2636399587569195,-0.002835830624986271,-0.02517087618665171,2.6451692849614457,0.014816435852708431,0.13155134453514256
1.0602120424084818,PASSED,-0.2636428074886657,-0.002861472084687214,-0.025955182043803593,2.645184168822766,0.01495044651945916,0.1356502148944525
1.0612122424484898,PASSED,-0.26364568224164214,-0.0028878793920744644,-0.02670872428288152,2.645199188679527,0.015088459667655763,0.13958843706470075
1.0622124424884978,PASSED,-0.263648583766105,-0.0029150214709513338,-0.027430981939528462,2.6452143484527806,0.01523031299977784,0.14336326216032694
1.0632126425285058,PASSED,-0.2636515127809892,-0.0029428667470579933,-0.028121472218079858,2.6452296518999825,0.015375841585733444,0.14697213515245489
1.0642128425685138,PASSED,-0.2636544699734279,-0.002971383184054305,-0.02877974684846591,2.645245102612487,0.015524878094982257,0.1504127586463847
1.0652130426085218,PASSED,-0.2636574559983092,-0.0030005383205240006,-0.029405396217182234,2.645260704013226,0.015677252987109827,0.15368298111503026
1.0662132426485298,PASSED,-0.26366047147786936,-0.003030299306638496,-0.029998046046037313,2.6452764593545854,0.015832794674195565,0.15678082439954397
1.0672134426885378,PASSED,-0.2636635170013227,-0.0030606329406873585,-0.030557359384079084,2.6452923717164625,0.015991329720236952,0.1597045271359501
1.0682136427285458,PASSED,-0.26366659312452867,-0.003091505707193839,-0.031083037921414917,2.6453084440045345,0.016152683074058725,0.1624525716123278
1.0692138427685538,PASSED,-0.2636697003696963,-0.0031228838130021273,-0.03157481773287063,2.6453246789487097,0.016316678227374638,0.1650235411182948
1.0702140428085618,PASSED,-0.2636728392251241,-0.003154733223412925,-0.03203247219608207,2.6453410791017578,0.016483137371273084,0.16741621241854876
1.0712142428485698,PASSED,-0.2636760101449789,-0.003187019700937203,-0.032455814409742,2.6453576468381654,0.01665188167845653,0.1696297036933786
1.0722144428885778,PASSED,-0.2636792135491095,-0.0032197088408118277,-0.032844690184546776,2.645374384353156,0.016822731447233757,0.17166314549979178
1.0732146429285858,PASSED,-0.2636824498228985,-0.003252766107111235,-0.033198983709313824,2.64539129366191,0.016995506246079754,0.17351590107680293
1.0742148429685938,PASSED,-0.26368571931714946,-0.003286156870176928,-0.03351861596994566,2.645408376598973,0.017170025178535126,0.17518762004108027
1.0752150430086018,PASSED,-0.2636890223480112,-0.0033198464431142406,-0.033803544248890094,2.6454256348178617,0.017346107059976936,0.17667805570896467
1.0762152430486098,PASSED,-0.2636923591969377,-0.0033538001158166277,-0.03405375833805156,2.6454430697908564,0.017523570566867284,0.1779871410112729
1.0772154430886178,PASSED,-0.26369573011068337,-0.0033879831921098977,-0.03426928826341586,2.6454606828089644,0.017702234434270103,0.1791150183305107
1.0782156431286258,PASSED,-0.26369913530133515,-0.003422361025222098,-0.034450196344722774,2.6454784749820903,0.01788191767458121,0.18006205496483518
1.0792158431686338,PASSED,-0.2637025749463781,-0.0034568990519638376,-0.03459658033975099,2.6454964472393656,0.018062439714567596,0.18082869666741822
1.0802160432086418,PASSED,-0.2637060491887967,-0.003491562827091911,-0.03470857165362138,2.6455146003297023,0.01824362062108307,0.1814157130808471
1.0812162432486496,PASSED,-0.2637095581372105,-0.0035263180583855417,-0.03478633772030353,2.64553293482247,0.018425281238443576,0.18182388688028528
1.0822164432886576,PASSED,-0.26371310186604313,-0.0035611306401202914,-0.03483007774438049,2.645551451108389,0.01860724336757063,0.182054290624899
1.0832166433286656,PASSED,-0.2637166804157254,-0.0035959666854676465,-0.034840023749337534,2.6455701494005877,0.01878932998541704,0.18210816932741886
1.0842168433686736,PASSED,-0.2637202937929306,-0.0036307925595026667,-0.03481644089214205,2.645589029735829,0.018971365367257225,0.18198685684869056
1.0852170434086816,PASSED,-0.26372394197084326,-0.0036655749125373478,-0.03475962779637397,2.6456080919759155,0.01915317526620303,0.18169192701055004
1.0862172434486896,PASSED,-0.26372762488945856,-0.003700280710038553,-0.03466991063775911,2.645627335809237,0.019334587081149938,0.1812250735711457
1.0872174434886976,PASSED,-0.263731342455914,-0.0037348772642231873,-0.03454764988255142,2.6456467607525225,0.019515430044307953,0.18058822288259765
1.0882176435287056,PASSED,-0.2637350945448514,-0.0037693322654430437,-0.03439323544472707,2.6456663661527027,0.019695535322132023,0.17978331445172074
1.0892178435687137,PASSED,-0.26373888099880866,-0.0038036138101402175,-0.0342070841988053,2.645686151188977,0.019874736218990708,0.17881261846333016
1.0902180436087217,PASSED,-0.2637427016286414,-0.003837690430441308,-0.03398964436928014,2.6457061148749976,0.0200528683290877,0.17767843785277088
1.0912182436487297,PASSED,-0.26374655621397297,-0.0038715311242106007,-0.03374139336930028,2.6457262560612294,0.02022976964933912,0.1763832418505195
1.0922184436887377,PASSED,-0.26375044450367247,-0.003905105380099157,-0.03346283090139364,2.6457465734374335,0.02040528074295363,0.1749296614571713
1.0932186437287457,PASSED,-0.2637543662163601,-0.003938383205360354,-0.033154488167732366,2.645767065535308,0.02057924489103699,0.1733204725008167
1.0942188437687537,PASSED,-0.2637583210409392,-0.003971335153905088,-0.03281692212940215,2.6457877307312723,0.020751508226332774,0.17155857715909617
1.0952190438087617,PASSED,-0.2637623086371535,-0.004003932348265633,-0.0324507091813089,2.6458085672493645,0.020921919838493844,0.16964696882904698
1.0962192438487697,PASSED,-0.26376632863616994,-0.004036146506154469,-0.03205645702718742,2.6458295731642902,0.021090331929685135,0.16758883943278075
1.0972194438887777,PASSED,-0.26377038064118496,-0.004067949964895779,-0.03163479321739113,2.6458507464045806,0.02125659993552923,0.1653874501183058
1.0982196439287857,PASSED,-0.26377446422805495,-0.004099315702426095,-0.031186367072266064,2.6458720847558928,0.021420582642886897,0.16304621218390486
1.0992198439687937,PASSED,-0.2637785789459482,-0.004130217359845161,-0.030711850983600204,2.6458935858644055,0.02158214229194509,0.16056860697439126
1.1002200440088017,PASSED,-0.26378272431801897,-0.004160629263731667,-0.03021193915510949,2.6459152472403398,0.021741144695996903,0.1579582687700907
1.1012202440488097,PASSED,-0.26378689984210246,-0.004190526445491594,-0.02968734349647182,2.645937066261587,0.021897459362040305,0.15521893089227576
1.1022204440888177,PASSED,-0.2637911049914291,-0.004219884660124284,-0.029138795390168105,2.6459590401774435,0.022050959578611494,0.15235440702379852
1.1032206441288257,PASSED,-0.26379533921535825,-0.004248680406459122,-0.02856704696461731,2.645981166112428,0.02220152248614495,0.14936857453988925
1.1042208441688337,PASSED,-0.2637996019401294,-0.004276890943529311,-0.027972863807238235,2.6460034410702207,0.02234902922521575,0.14626551542474273
1.1052210442088417,PASSED,-0.2638038925696312,-0.004304494306282094,-0.02735702871647948,2.646025861937664,0.022493364993480154,0.14304927015750993
1.1062212442488497,PASSED,-0.26380821048618575,-0.004331469323409124,-0.02672034273406523,2.6460484254888637,0.02263441908992058,0.1397239806290378
1.1072214442888577,PASSED,-0.263812555051349,-0.0043577956316177635,-0.026063618525021082,2.6460711283893685,0.02277208506990803,0.13629397955972578
1.1082216443288657,PASSED,-0.26381692560672476,-0.00438345368720849,-0.025387680301196373,2.64609396720042,0.022906260775737767,0.13276352334307795
1.1092218443688737,PASSED,-0.2638213214747923,-0.004408424781444384,-0.024693370192361064,2.6461169383832766,0.02303684837686813,0.1291369863218879
1.1102220444088817,PASSED,-0.26382574195974656,-0.00443269105253969,-0.023981538363935993,2.6461400383035962,0.023163754479982444,0.12541884764259842
1.1112222444488897,PASSED,-0.26383018634834915,-0.004456235494027153,-0.02325304356981466,2.6461632632358807,0.023286890168917558,0.12161358313012642
1.1122224444888977,PASSED,-0.26383465391079014,-0.004479041966377099,-0.022508758203365436,2.646186609367989,0.023406171052429658,0.11772575043341395
1.1132226445289057,PASSED,-0.2638391439015596,-0.00450109520751889,-0.021749563100741852,2.646210072805664,0.023521517296001836,0.11375990566469307
1.1142228445689137,PASSED,-0.26384365556032696,-0.004522380837709576,-0.020976341583980488,2.6462336495771526,0.023632853707658736,0.10972074898503638
1.1152230446089217,PASSED,-0.26384818811282845,-0.004542885367629889,-0.02018998881120251,2.646257335637819,0.023740109737827947,0.10561288429199353
1.1162232446489297,PASSED,-0.2638527407717608,-0.004562596206652341,-0.01939140582995208,2.6462811268748325,0.023843219515996595,0.10144104075308218
1.1172234446889378,PASSED,-0.26385731273768054,-0.0045815016649514324,-0.018581493278516523,2.646305019111838,0.02394212187719787,0.09720990816673485
1.1182236447289458,PASSED,-0.26386190319990804,-0.004599590958371261,-0.017761160180702205,2.6463290081137094,0.02403676041760215,0.09292429522931074
1.1192238447689538,PASSED,-0.26386651133743505,-0.0046168542132385745,-0.016931317991721758,2.646353089591265,0.024127083456463937,0.08858886795009865
1.1202240448089618,PASSED,-0.26387113631983494,-0.004633282466935176,-0.01609287749985523,2.6463772592060355,0.024213044070867783,0.08420844537301005
1.1212242448489698,PASSED,-0.26387577730817485,-0.004648867668802574,-0.015246751445760487,2.64640151257503,0.024294600144476215,0.07978782576537921
1.1222244448889778,PASSED,-0.2638804334559286,-0.0046636026824358,-0.014393855091536102,2.64642584527549,0.024371714284278125,0.07533168249292747
1.1232246449289858,PASSED,-0.26388510390988884,-0.00467748128324037,-0.013535097946591643,2.6464502528496734,0.02444435387939338,0.0708448701968073
1.1242248449689938,PASSED,-0.26388978781107925,-0.00469049815732841,-0.012671391515672552,2.6464747308096124,0.02451249110928552,0.06633213635569167
1.1252250450090018,PASSED,-0.26389448429566376,-0.004702648900064575,-0.011803643549825599,2.646499274641857,0.024576102848985138,0.06179814192890467
1.1262252450490098,PASSED,-0.2638991924958534,-0.004713930011120269,-0.010932756059606176,2.646523879812229,0.024635170733053206,0.05724771216084207
1.1272254450890178,PASSED,-0.26390391154080894,-0.0047243388909836035,-0.010059629065820629,2.6465485417705192,0.024689681104866155,0.052685478247682195
1.1282256451290258,PASSED,-0.2639086405575392,-0.004733873836476696,-0.009185156444605927,2.6465732559552,0.024739624973393597,0.048116128713946237
1.1292258451690338,PASSED,-0.2639133786717936,-0.004742534033484304,-0.00831022404961015,2.646598017798073,0.024784997998287518,0.04354428901391044
1.1302260452090418,PASSED,-0.2639181250089483,-0.004750319550748464,-0.007435712740523702,2.646622822728907,0.024825800460507887,0.038974577691338816
1.1312262452490498,PASSED,-0.26392287869488495,-0.004757231332295102,-0.006562494084047417,2.6466476661800327,0.024862037213813363,0.03441153704823734
1.1322264452890578,PASSED,-0.2639276388568615,-0.004763271188664435,-0.005691431226191362,2.646672543590889,0.02489371763081091,0.029859670297085833
1.1332266453290658,PASSED,-0.2639324046243738,-0.004768441787119,-0.004823376606813175,2.6466974504125287,0.024920855572766028,0.02532345639381027
1.1342268453690738,PASSED,-0.26393717513000786,-0.004772746642518774,-0.003959174595080141,2.6467223821120665,0.02494346931959669,0.02080727378856247
1.1352270454090818,PASSED,-0.26394194951028127,-0.004776190105605224,-0.0030996554140304703,2.6467473341770833,0.024961581527787168,0.016315497791756162
1.1362272454490898,PASSED,-0.2639467269064731,-0.004778777351350972,-0.0022456393002270847,2.646772302119963,0.02497521916742612,0.01185240087042297
1.1372274454890978,PASSED,-0.26395150646544246,-0.0047805143670562504,-0.0013979333086459877,2.6467972814821663,0.024984413434715125,0.007422178234725964
1.1382276455291058,PASSED,-0.26395628734043347,-0.0047814079386191725,-0.0005573303991052679,2.646822267838443,0.02498919971743145,0.0030290190373890094
1.1392278455691138,PASSED,-0.26396106869186753,-0.0047814656370745905,0.000275389507040705,2.6468472568009727,0.024989617510351027,-0.0013230244922959665
1.1402280456091218,PASSED,-0.26396584968812037,-0.004780695803612189,0.0010994627659769145,2.646872244023424,0.024985710316599786,-0.0056299732572036255
1.1412282456491298,PASSED,-0.26397062950628547,-0.0047791075352234666,0.001914138803884321,2.6468972252049454,0.024977525597592223,-0.009887882841137166
1.1422284456891378,PASSED,-0.2639754073329211,-0.0047767106681799384,0.002718685869956964,2.6469221960940756,0.024965114694148992,-0.014092917177960317
1.1432286457291458,PASSED,-0.2639801823647813,-0.0047735157611599015,0.0035123877867572354,2.6469471524925634,0.024948532712374794,-0.018241358171691223
1.1442288457691538,PASSED,-0.2639849538095307,-0.004769534079563273,0.004294544136543789,2.6469720902590983,0.024927838437534766,-0.02232955261891748
1.1452290458091618,PASSED,-0.2639897208864412,-0.004764777577198734,0.005064474516536667,2.6469970053129566,0.02490309427182118,-0.026353907776697452
1.1462292458491699,PASSED,-0.2639944828270714,-0.004759258877041648,0.005821517250785933,2.647021893637569,0.02487436614480601,-0.030310939840819555
1.1472294458891779,PASSED,-0.26399923887592736,-0.004752991254275538,0.006565026442992943,2.647046751283947,0.02484172333381683,-0.03419739175474469
1.1482296459291859,PASSED,-0.26400398829110416,-0.004745988616538416,0.00729437859987311,2.647071574374063,0.024805238455296256,-0.03800986969779294
1.1492298459691939,PASSED,-0.2640087303449086,-0.0047382654835023885,0.008008969326796511,2.647096359104091,0.02476498735454512,-0.04174525478669623
1.1502300460092019,PASSED,-0.2640134643244615,-0.004729836967426695,0.008708213908292416,2.6471211017475684,0.024721048932806623,-0.04540053303970373
1.1512302460492099,PASSED,-0.26401818953227985,-0.004720718752773003,0.009391548483957407,2.6471457986584324,0.024673505092107795,-0.04897271247157451
1.1522304460892179,PASSED,-0.2640229052868379,-0.004710927074437529,0.010058431569817325,2.647170446273952,0.024622440629030375,-0.05245896348131283
1.1532306461292259,PASSED,-0.26402761092310806,-0.004700478697286371,0.010708340872050807,2.6471950411175738,0.02456794311828224,-0.055856542259354665
1.1542308461692339,PASSED,-0.2640323057930786,-0.004689390893673532,0.011340778773364561,2.64721957980161,0.024510102759279805,-0.059162903497820295
1.1552310462092419,PASSED,-0.26403698926625135,-0.004677681421966841,0.011955266995575703,2.6472440590298527,0.02444901230546988,-0.06237548735132769
1.1562312462492499,PASSED,-0.2640416607301155,-0.004665368503724166,0.012551352407408194,2.6472684756000544,0.024384766964967934,-0.06549190926902586
1.157231446289258,PASSED,-0.26404631959060026,-0.004652470801870891,0.013128601483851565,2.647292826406289,0.024317464209962655,-0.06850998549611167
1.158231646329266,PASSED,-0.26405096527250405,-0.004639007396832547,0.013686607408007086,2.647317108441207,0.02424720371591453,-0.07142749974946658
1.159231846369274,PASSED,-0.26405559721990085,-0.004624997763817917,0.014224983419045923,2.647341318798152,0.024174087240446774,-0.07424245927995021
1.160232046409282,PASSED,-0.26406021489652315,-0.004610461749601935,0.014743368080606289,2.6473654546731717,0.02409821845940951,-0.07695299554214151
1.16123224644929,PASSED,-0.2640648177861221,-0.004595419549381948,0.015241421646240634,2.6473895133669,0.024019702879534612,-0.07955730276340339
1.162232446489298,PASSED,-0.2640694053928035,-0.004579891682228197,0.01571883082542472,2.647413492286321,0.02393864772699507,-0.08205371905697162
1.163232646529306,PASSED,-0.26407397724134013,-0.004563898967916975,0.016175303301751924,2.647437388946399,0.023855161775308213,-0.08444077344010877
1.164232846569314,PASSED,-0.26407853287746086,-0.004547462503531042,0.016610571775387408,2.64746120097159,0.023769355241279412,-0.08671704108792486
1.165233046609322,PASSED,-0.26408307186811475,-0.004530603637878083,0.017024394904673015,2.6474849260972313,0.023681339696596297,-0.08888121374657688
1.16623324664933,PASSED,-0.26408759380171254,-0.004513343949624707,0.017416550485844517,2.647508562170808,0.023591227904037577,-0.09093217843347984
1.167233446689338,PASSED,-0.2640920982883429,-0.00449570522170336,0.017786846211683863,2.647532107153073,0.023499133664044575,-0.09286894769934989
1.168233646729346,PASSED,-0.2640965849599656,-0.004477709417575947,0.018135109404565353,2.6475555591190796,0.02340517177180078,-0.09469052194009092
1.169233846769354,PASSED,-0.26410105347057977,-0.004459378657982689,0.01846119305238406,2.6475789162590457,0.023309457829352644,-0.09639622278682922
1.170234046809362,PASSED,-0.26410550349636935,-0.004440735196323647,0.01876497406348121,2.647602176879127,0.023212108110579947,-0.09798538276327526
1.17123424684937,PASSED,-0.26410993473582334,-0.004421801394505546,0.0190463536545142,2.647625339402042,0.023113239491762125,-0.09945744285419031
1.172234446889378,PASSED,-0.2641143469098331,-0.004402599699891546,0.01930525525365773,2.647648402367595,0.02301296930243125,-0.10081202031533214
1.173234646929386,PASSED,-0.2641187397617657,-0.0043831526215965845,0.0195416269891628,2.6476713644330454,0.022911415157426573,-0.10204889479757676
1.174234846969394,PASSED,-0.2641231130575135,-0.00436348270607288,0.019755441213398513,2.647694224373386,0.022808694904402453,-0.10316782517514703
1.175235047009402,PASSED,-0.2641274665855206,-0.004343612514532189,0.01994669175888798,2.647716981081472,0.022704926474412874,-0.10416883319919791
1.17623524704941,PASSED,-0.26413180015678556,-0.0043235645998653425,0.020115396605485496,2.6477396335680434,0.022600227723598713,-0.10505202922413796
1.177235447089418,PASSED,-0.26413611360484185,-0.0043033614835838365,0.020261596065520863,2.647762180961625,0.02249471637432123,-0.10581756264637139
1.178235647129426,PASSED,-0.2641404067857143,-0.0042830256320036016,0.020385355256710622,2.6477846225083033,0.022388509870324282,-0.10646579823067093
1.179235847169434,PASSED,-0.2641446795778543,-0.004262579435456714,0.020486757407004872,2.6478069575713854,0.022281725231153435,-0.1069971997976316
1.180236047209442,PASSED,-0.2641489318820514,-0.004242045185420869,0.020565911788404292,2.6478291856309393,0.022174478972034707,-0.10741229866612535
1.18123624724945,PASSED,-0.2641531636213239,-0.004221445052057556,0.020622947746583558,2.647851306283234,0.022066887004064825,-0.10771174750571957
1.182236447289458,PASSED,-0.26415737474078677,-0.004200801062786584,0.020658016953898614,2.6478733192400457,0.021959064471165402,-0.10789638982855435
1.183236647329466,PASSED,-0.2641615652074989,-0.004180135082406189,0.020671289331391573,2.647895224327855,0.021851125645626825,-0.10796711601192195
1.184236847369474,PASSED,-0.26416573501028895,-0.004159468790275836,0.020662960662994844,2.6479170214869465,0.02174318387630088,-0.10792487153529857
1.185237047409482,PASSED,-0.26416988415956033,-0.004138823660282481,0.02063324288025926,2.6479387107703913,0.021635351433731985,-0.1077708232579514
1.18623724744949,PASSED,-0.264174012687076,-0.004118220941845368,0.020582368808349842,2.6479602923429266,0.021527739388127246,-0.10750619383592998
1.187237447489498,PASSED,-0.2641781206457235,-0.004097681638931087,0.020510592318236487,2.6479817664797234,0.021420457551032654,-0.10713226593369987
1.188237647529506,PASSED,-0.26418220810926,-0.004077226490697203,0.020418185510980232,2.6480031335650573,0.021313614353480656,-0.10665048529753086
1.189237847569514,PASSED,-0.26418627517203885,-0.004056875953780467,0.02030543785390656,2.6480243940908816,0.021207316732804307,-0.1060623775955609
1.190238047609522,PASSED,-0.26419032194871683,-0.00403665018261285,0.020172660043422625,2.64804554865531,0.02110167008253695,-0.10536949871522641
1.19123824764953,PASSED,-0.26419434857394336,-0.004016569011648326,0.02002017824525869,2.648066597960971,0.020996778091541157,-0.10457365251616561
1.192238447689538,PASSED,-0.26419835520203266,-0.003996651939119325,0.019848335384829045,2.648087542813318,0.020892742697389492,-0.10367655524199725
1.193238647729546,PASSED,-0.2642023420066178,-0.00397691810865259,0.01965749385467373,2.6481083841188124,0.020789664017577026,-0.10268009619277321
1.194238847769554,PASSED,-0.2642063091802883,-0.003957386292487556,0.01944803103860714,2.648129122883026,0.02068764018624818,-0.10158632141955802
1.1952390478095618,PASSED,-0.2642102569342118,-0.003938074877430741,0.01922033773562036,2.6481497602086823,0.02058676735178675,-0.10039717648934388
1.1962392478495698,PASSED,-0.26421418549773973,-0.0039190018481014095,0.018974823725138725,2.6481702972935754,0.020487139561049014,-0.09911486690333648
1.1972394478895778,PASSED,-0.26421809511799793,-0.003900184771400984,0.01871191201728253,2.648190735428449,0.020388848663337893,-0.09774158491630873
1.1982396479295858,PASSED,-0.2642219860594626,-0.003881640783708401,0.01843203814278322,2.648211075994768,0.02029198426849301,-0.0962796014639283
1.1992398479695938,PASSED,-0.2642258586035226,-0.0038633865771567845,0.01813565215750482,2.648231320462447,0.020196633676871745,-0.09473125172615872
1.2002400480096018,PASSED,-0.2642297130480276,-0.003845438384286621,0.01782322001193679,2.6482514703874678,0.020102881759280218,-0.09309902816843892
1.2012402480496098,PASSED,-0.264233549706824,-0.003827811967459583,0.01749521470377172,2.648271527409482,0.02001081095807194,-0.09138531656816617
1.2022404480896178,PASSED,-0.26423736890927824,-0.003810522607421728,0.017152123593910114,2.6482914932492916,0.019920501183449842,-0.08959274665805436
1.2032406481296258,PASSED,-0.2642411709997882,-0.0037935850891738622,0.016794448017169564,2.648311369706318,0.019832029753774322,-0.08772388502049817
1.2042408481696338,PASSED,-0.2642449563372841,-0.0037770136932059155,0.016422694601798658,2.6483311586559855,0.019745471367753693,-0.08578138668738021
1.2052410482096418,PASSED,-0.2642487252947184,-0.0037608221861805016,0.01603738197449062,2.6483508620470557,0.019660898024720756,-0.08376798059663788
1.2062412482496498,PASSED,-0.2642524782585457,-0.003745023808702033,0.01563904114778704,2.6483704818989056,0.01957837896192772,-0.08168645092397239
1.2072414482896578,PASSED,-0.26425621562819407,-0.003729631267319573,0.015228208205575106,2.648390020298777,0.019497980662152588,-0.07953953234257
1.2082416483296659,PASSED,-0.26425993781552715,-0.003714656728521978,0.014805425858941458,2.648409479398951,0.019419766762793313,-0.0773301440370825
1.2092418483696739,PASSED,-0.2642636452442982,-0.0037001118075927347,0.014371250976110951,2.6484288614139024,0.019343798000878386,-0.07506117383348714
1.2102420484096819,PASSED,-0.26426733834959704,-0.0036860075629294897,0.013926240454667593,2.6484481686174113,0.019270132248557018,-0.07273547131328588
1.2112422484496899,PASSED,-0.26427101757729027,-0.0036723544909267204,0.013470959701503877,2.6484674033396334,0.01919882441832465,-0.07035606951175931
1.2122424484896979,PASSED,-0.2642746833834551,-0.003659162518242318,0.0130059813396678,2.6484865679641363,0.01912992641485048,-0.06792595944911456
1.2132426485297059,PASSED,-0.2642783362338077,-0.00364644099648644,0.01253188203335136,2.6485056649249237,0.019063487191579482,-0.06544806581891945
1.2142428485697139,PASSED,-0.2642819766031271,-0.0036341987003934927,0.012049238799344553,2.648524696703411,0.018999552659258373,-0.06292550998923416
1.2152430486097219,PASSED,-0.264285604974674,-0.0036224438206596105,0.01155864035690765,2.6485436658254,0.018938165660390274,-0.06036132478734025
1.2162432486497299,PASSED,-0.26428922183960724,-0.0036111839619555886,0.011060670935431281,2.648562574858017,0.018879366003565757,-0.05775854484930488
1.2172434486897379,PASSED,-0.26429282769639606,-0.0036004261417117295,0.01055591978281091,2.6485814264066496,0.01882319041779468,-0.05512027971892737
1.2182436487297459,PASSED,-0.26429642305023054,-0.003590176784794269,0.010044981673893246,2.648600223111857,0.018769672517252346,-0.05244964775793229
1.219243848769754,PASSED,-0.26430000841243056,-0.0035804417252336775,0.00952844481838956,2.648618967646287,0.018718842849931236,-0.049749680363231054
1.220244048809762,PASSED,-0.2643035842998534,-0.0035712262046629414,0.009006904405634002,2.648637662711578,0.018670728867781552,-0.047023516673980977
1.22124424884977,PASSED,-0.26430715123430054,-0.0035625348700284677,0.008480954787032865,2.6486563110352495,0.018625354884659287,-0.044274294087788955
1.222244448889778,PASSED,-0.2643107097419251,-0.0035543717765543436,0.007951185932184955,2.648674915367626,0.01858274216472128,-0.04150500383815333
1.223244648929786,PASSED,-0.26431426035264,-0.003546740388892405,0.007418188815108238,2.648693478478712,0.018542908848258727,-0.038718858212153984
1.224244848969794,PASSED,-0.26431780359952683,-0.0035396435799760037,0.006882555650595867,2.6487120031551283,0.018505869985753053,-0.035918865368016646
1.225245049009802,PASSED,-0.2643213400182475,-0.003533083635801478,0.006344869857145629,2.6487304921970165,0.018471637582812752,-0.03310809465515917
1.22624524904981,PASSED,-0.26432487014645756,-0.0035270622579020514,0.005805716594280692,2.648748948414994,0.018440220582218735,-0.030289604553255214
1.227245449089818,PASSED,-0.26432839452322326,-0.0035215805652916332,0.005265676621176257,2.648767374627079,0.01841162484846641,-0.027466486551701686
1.228245649129826,PASSED,-0.264331913688442,-0.00351663910006776,0.004725324292337447,2.6487857736556872,0.01838585327335476,-0.02464163415161275
1.229245849169834,PASSED,-0.26433542818226685,-0.0035122378308416334,0.004185232515318983,2.648804148324604,0.018362905741630353,-0.021818130106271042
1.230246049209842,PASSED,-0.26433893854453616,-0.003508376158175626,0.0036459660997998477,2.6488225014560056,0.01834277912669551,-0.018998938153892215
1.23124624924985,PASSED,-0.26434244531420814,-0.0035050529202532384,0.0031080858041127807,2.648840835867513,0.018325467417812442,-0.016186889369180734
1.232246449289858,PASSED,-0.2643459490288016,-0.003502266398808682,0.002572145204852185,2.6488591543692537,0.018310961672570233,-0.013384982490894922
1.233246649329866,PASSED,-0.26434945022384265,-0.003500014325384678,0.0020386922367720303,2.648877459760984,0.018299250054288906,-0.010596042141612465
1.234246849369874,PASSED,-0.26435294943231885,-0.0034982938894976006,0.0015082649872812488,2.648895754829216,0.01829031791023269,-0.00782287866594674
1.235247049409882,PASSED,-0.2643564471841402,-0.003497101745216948,0.0009813971428996847,2.6489140423444186,0.018284147799440282,-0.005068265543383581
1.23624724944989,PASSED,-0.26435994400560825,-0.0034964340197039946,0.00045861109298960375,2.6489323250582273,0.018280719497247227,-0.0023349932928381717
1.237247449489898,PASSED,-0.2643634404188935,-0.0034962863219691115,-5.957783718775567e-05,2.648950605700717,0.01828001007805798,0.0003742968798162402
1.238247649529906,PASSED,-0.2643669369415213,-0.0034966537512096368,-0.0005726635094172292,2.6489688869777184,0.01828199397717993,0.0030569672833680203
1.239247849569914,PASSED,-0.26437043408586786,-0.003497530907127153,-0.0010801508562478883,2.648987171568166,0.01828664297362001,0.005710349211220229
1.240248049609922,PASSED,-0.26437393235866485,-0.0034989118993898494,-0.0015815532003293925,2.6490054621215324,0.018293926319125742,0.008332009702073418
1.24124824964993,PASSED,-0.2643774322605147,-0.003500790357697903,-0.0020763950465363464,2.649023761255271,0.01830381074807563,0.010919375115099784
1.242248449689938,PASSED,-0.26438093428541637,-0.0035031594431909636,-0.0025642124574090795,2.64904207155235,0.018316260523716623,0.013470042658257608
1.243248649729946,PASSED,-0.2643844389203023,-0.003506011859103738,-0.0030445515496846844,2.6490603955588194,0.018331237534763678,0.015981656639583706
1.244248849769954,PASSED,-0.2643879466445856,-0.0035093398617478434,-0.003516970040386414,2.64907873578146,0.018348701344554935,0.018451911892371057
1.245249049809962,PASSED,-0.26439145792972024,-0.003513135273357545,-0.0039810393225778885,2.6490970946854624,0.018368609209626394,0.020878500524181835
1.24624924984997,PASSED,-0.2643949732387725,-0.003517389494101748,-0.004436341691953255,2.649115474692199,0.0183909161972627,0.023259312377727187
1.247249449889978,PASSED,-0.2643984930260043,-0.0035220935131205114,-0.004882470569970874,2.649133878177046,0.018415575252348083,0.025592216890484194
1.248249649929986,PASSED,-0.26440201773647065,-0.0035272379235406367,-0.005319036986894956,2.649152307467264,0.018442537193812,0.027875091179542375
1.249249849969994,PASSED,-0.26440554780562836,-0.003532812934255792,-0.00574565986732849,2.6491707648399716,0.018471750870970645,0.030106067811380213
1.250250050010002,PASSED,-0.26440908365895927,-0.003538808382992515,-0.006161974649652497,2.6491892525201584,0.01850316319701636,0.03228316486860971
1.25125025005001,PASSED,-0.2644126257116061,-0.0035452137512687666,-0.00656763069398413,2.649207772678784,0.01853671917660882,0.034404522741690834
1.252250450090018,PASSED,-0.2644161743680228,-0.0035520181770069604,-0.0069622891010000625,2.6492263274309544,0.018572362058381114,0.03646845445935834
1.253250650130026,PASSED,-0.26441973002163827,-0.003559210469534676,-0.00734562814552637,2.649244918834162,0.018610033377510844,0.038473228909973366
1.254250850170034,PASSED,-0.26442329305453505,-0.003566779123564056,-0.007717337951949438,2.64926354888659,0.018649672970596946,0.04041716920352473
1.255251050210042,PASSED,-0.26442686383714126,-0.0035747123329198547,-0.008077123625031497,2.6492822195255252,0.018691219154042014,0.04229885960609438
1.25625125025005,PASSED,-0.26443044272793875,-0.0035829980072069026,-0.008424708061725917,2.649300932625813,0.018734608751891906,0.04411675667909418
1.257251450290058,PASSED,-0.2644340300731844,-0.0035916237850827657,-0.008759824418621012,2.6493196899984066,0.01877977713188212,0.04586946219763111
1.258251650330066,PASSED,-0.2644376262066477,-0.0036005770494715802,-0.00908222436894355,2.64933849338899,0.018826658350497058,0.04755572289314063
1.259251850370074,PASSED,-0.2644412314493626,-0.003609844943313667,-0.009391673490848984,2.649357344476684,0.01887518522613361,0.04917431079882482
1.260252050410082,PASSED,-0.26444484610939506,-0.003619414384302104,-0.009687952653496352,2.6493762448728226,0.018925289361259586,0.050724018010737434
1.26125225045009,PASSED,-0.2644484704816255,-0.0036292720807982936,-0.009970859057984977,2.6493951961198268,0.018976901280513377,0.05220385341582693
1.262252450490098,PASSED,-0.26445210484754683,-0.003639404546393211,-0.010240203286205092,2.6494141996901273,0.019029950489884356,0.05361278000774765
1.263252650530106,PASSED,-0.2644557494750783,-0.003649798116286873,-0.010495814298633594,2.649433256985217,0.019084365569863523,0.05494994662677739
1.264252850570114,PASSED,-0.2644594046183943,-0.0036604389628497897,-0.010737534739105745,2.6494523693347336,0.019140074235085198,0.05621447761827684
1.265253050610122,PASSED,-0.2644630705177689,-0.0036713131103643655,-0.010965222698222872,2.649471537995647,0.019197003405401564,0.05740563211509308
1.26625325065013,PASSED,-0.2644667473994365,-0.003682406451147051,-0.011178752838994789,2.6494907641515404,0.019255079356025953,0.0585228296305856
1.267253450690138,PASSED,-0.26447043547546734,-0.0036937047615985563,-0.01137801552651111,2.6495100489119565,0.019314227744345252,0.05956542744511156
1.268253650730146,PASSED,-0.26447413494365923,-0.003705193717567556,-0.011562916263992142,2.649529393311811,0.019374373638806498,0.06053287247199834
1.269253850770154,PASSED,-0.2644778459874443,-0.0037168589086696976,-0.011733374327574552,2.6495487983109363,0.019435441741800927,0.06142492334271904
1.270254050810162,PASSED,-0.2644815687758117,-0.0037286858555612076,-0.011889328600800844,2.649568264793649,0.019497356367902997,0.0622410946083006
1.27125425085017,PASSED,-0.2644853034632457,-0.0037406600251237722,-0.012030730203741076,2.6495877935684313,0.019560041488017082,0.06298113711793982
1.272254450890178,PASSED,-0.26448905018967905,-0.003752766844425288,-0.01215754536669896,2.6496073853677,0.019623420954241532,0.06364501896212055
1.273254650930186,PASSED,-0.2644928090804618,-0.0037649917173636915,-0.01226975798620685,2.6496270408476197,0.019687418453932987,0.0642324868443434
1.274254850970194,PASSED,-0.2644965802463451,-0.003777320039832978,-0.012367365458005587,2.649646760588035,0.01975195760105239,0.06474358730277613
1.275255051010202,PASSED,-0.2645003637834807,-0.003789737213590673,-0.012450379290821805,2.6496665450924555,0.01981696209631733,0.06517843390638424
1.27625525105021,PASSED,-0.26450415977343467,-0.003802228662283807,-0.012518828294675287,2.649686394788137,0.01988235573752733,0.0655371127457395
1.277255451090218,PASSED,-0.26450796828321643,-0.003814779846298516,-0.012572754494731666,2.649706310026217,0.019948062468940684,0.06581981052509892
1.278255651130226,PASSED,-0.26451178936532216,-0.0038273762761196263,-0.012612213372029226,2.649726291081952,0.02001400654459119,0.06602691906744561
1.279255851170234,PASSED,-0.26451562305779336,-0.0038400035280993635,-0.012637277718209178,2.64974633815502,0.020080112565284098,0.06615875510988695
1.280256051210242,PASSED,-0.26451946938428844,-0.0038526472577799804,-0.012648030988888522,2.649766451369895,0.02014630550529511,0.06621572994509342
1.2812562512502501,PASSED,-0.26452332835417014,-0.0038652932143504754,-0.012644573624899205,2.6497866307762927,0.020212510842006114,0.06619840788827264
1.2822564512902581,PASSED,-0.26452719996260493,-0.003877927254336247,-0.012627017559686928,2.6498068763497007,0.020278654634584375,0.06610738237158159
1.2832566513302661,PASSED,-0.2645310841906782,-0.0038905353554142493,-0.012595490090212587,2.649827187991978,0.020344663559101618,0.06594328594768706
1.2842568513702741,PASSED,-0.26453498100552086,-0.003903103628875706,-0.012550129042286686,2.649847565532006,0.02041046497014817,0.06570682777912286
1.2852570514102821,PASSED,-0.2645388903604506,-0.00391561833381393,-0.012491088868848085,2.6498680087264384,0.02047598702494987,0.06539887281675183
1.2862572514502901,PASSED,-0.26454281219512527,-0.003928065889418642,-0.012418533428620936,2.649888517260493,0.020541158707796332,0.06502022286627243
1.2872574514902981,PASSED,-0.26454674643570963,-0.003940432887316793,-0.012332640877839487,2.649909090748822,0.020605909877458972,0.06457180086021196
1.2882576515303061,PASSED,-0.2645506929950535,-0.003952706103801862,-0.012233600223222407,2.6499297287364567,0.020670171402495528,0.06405467448745157
1.2892578515703141,PASSED,-0.26455465177288334,-0.003964872512836525,-0.012121614908957468,2.6499504306997825,0.02073387514891799,0.06346979437914493
1.2902580516103221,PASSED,-0.2645586226560041,-0.003976919296097758,-0.011996895496082061,2.649971196047614,0.02079695406410315,0.06281832905583065
1.2912582516503301,PASSED,-0.26456260551851396,-0.003988833855215491,-0.011859668198832564,2.649992024122312,0.02085934228519869,0.062101482455340626
1.2922584516903382,PASSED,-0.26456660022202927,-0.004000603823051438,-0.011710167594023053,2.6500129142009494,0.02092097511394818,0.061320392945583176
1.2932586517303462,PASSED,-0.2645706066159211,-0.0040122170737325975,-0.011548639405916853,2.6500338654965647,0.02098178912844009,0.06047642885613234
1.2942588517703542,PASSED,-0.26457462453756114,-0.0040236617329248705,-0.011375339049842965,2.6500548771594215,0.02104172222411487,0.05957087355388353
1.2952590518103622,PASSED,-0.2645786538125796,-0.004034926189080217,-0.011190534225682796,2.6500759482783813,0.0211007136673103,0.05860515628979219
1.2962592518503702,PASSED,-0.26458269425513087,-0.004045999101150559,-0.010994497300114899,2.650097077882272,0.021158704132455294,0.05758067104845353
1.2972594518903782,PASSED,-0.2645867456681702,-0.0040568694089161165,-0.010787514742519051,2.6501182649413493,0.021215635774370033,0.05649895582560332
1.2982596519303862,PASSED,-0.26459080784373856,-0.004067526342987236,-0.010569880290187019,2.650139508368768,0.02127145224620589,0.0553614825093584
1.2992598519703942,PASSED,-0.26459488056325686,-0.0040779594310764635,-0.010341893288587823,2.6501608070221394,0.021326098772527488,0.05416988886309137
1.3002600520104022,PASSED,-0.26459896359782786,-0.004088158506915411,-0.010103864205853214,2.65018215970509,0.021379522177792747,0.052925749533369586
1.3012602520504102,PASSED,-0.26460305670854667,-0.004098113719807392,-0.009856112016066447,2.650203565168896,0.021431670913284386,0.051630726130482016
1.3022604520904182,PASSED,-0.26460715964681836,-0.004107815539944503,-0.009598958884474193,2.6502250221141352,0.021482495124445573,0.050286534514991245
1.3032606521304262,PASSED,-0.26461127215468305,-0.004117254765170705,-0.009332736120687855,2.650246529192397,0.021531946682491938,0.04889490706727402
1.3042608521704342,PASSED,-0.2646153939651477,-0.004126422529497064,-0.009057783130137715,2.650268085008007,0.021579979190654963,0.047457575560192804
1.3052610522104422,PASSED,-0.2646195248025241,-0.004135310308191186,-0.008774442403445942,2.6502896881197935,0.021626548032359628,0.045976352467642555
1.3062612522504502,PASSED,-0.2646236643827733,-0.004143909923001119,-0.008483063080924858,2.65031133704289,0.021671610428871724,0.04445309254173295
1.3072614522904582,PASSED,-0.26462781241385486,-0.004152213548105769,-0.008183999787132459,2.650333030250568,0.021715125439140743,0.042889622087212996
1.3082616523304662,PASSED,-0.2646319685960825,-0.004160213716305985,-0.007877613808938205,2.650354766176083,0.021757053964940633,0.04128779494167537
1.309261852370474,PASSED,-0.26463613262248326,-0.004167903321550066,-0.007564266200843015,2.6503765432145583,0.021797358821923178,0.039649565009790964
1.310262052410482,PASSED,-0.26464030417916157,-0.004175275623097573,-0.007244325111950027,2.65039835972489,0.021836004750517928,0.037976837651388956
1.31126225245049,PASSED,-0.2646444829456676,-0.004182324251909057,-0.0069181646111752,2.6504202140316675,0.02187295839571204,0.036271516889265776
1.312262452490498,PASSED,-0.26464866859536845,-0.00418904321145039,-0.006586156161437374,2.6504421044271167,0.021908188365103252,0.03453560439251089
1.313262652530506,PASSED,-0.2646528607958231,-0.004195426880816645,-0.006248678169466534,2.650464029173064,0.02194166525573494,0.03277108145780981
1.314262852570514,PASSED,-0.2646570592091596,-0.0042014700185507466,-0.005906110777192262,2.6504859865029,0.021973361613602912,0.03097987547474906
1.315263052610522,PASSED,-0.264661263492455,-0.004207167763794729,-0.005558834888509892,2.650507974623576,0.022003251984619353,0.029164034710901815
1.31626325265053,PASSED,-0.2646654732981168,-0.004212515638029494,-0.005207233798935041,2.6505299917175855,0.0220313129254905,0.027325544977977383
1.317263452690538,PASSED,-0.2646696882742661,-0.004217509546665471,-0.004851691860672347,2.650552035944979,0.022057522985083292,0.025466402669330635
1.318263652730546,PASSED,-0.2646739080651219,-0.004222145780000023,-0.00449259431713886,2.650574105445366,0.022081862730455735,0.023588640507848358
1.319263852770554,PASSED,-0.264678132311386,-0.00422642101320493,-0.004130325796753055,2.6505961983399318,0.022104314748264433,0.021694269342599205
1.320264052810562,PASSED,-0.2646823606506277,-0.00423033230640661,-0.0037652714716307515,2.650618312733451,0.022124863630394877,0.019785290655668395
1.32126425285057,PASSED,-0.26468659271766987,-0.0042338771058481025,-0.003397818088067746,2.6506404467162907,0.02214349597343753,0.017863711300645534
1.322264452890578,PASSED,-0.26469082814497236,-0.004237053240786061,-0.0030283461712203945,2.650662598366444,0.022160200416521354,0.015931597605941393
1.323264652930586,PASSED,-0.2646950665630164,-0.004239858923934389,-0.002657241133064875,2.6506847657515116,0.022174967570245657,0.013990857803212334
1.324264852970594,PASSED,-0.26469930760068694,-0.004242292750458061,-0.002284883450742893,2.650706946930719,0.022187790043101292,0.012043549557254328
1.325265053010602,PASSED,-0.2647035508856532,-0.004244353694675884,-0.0019116513958748616,2.650729139956896,0.022198662450716986,0.01009164632131351
1.32626525305061,PASSED,-0.26470779604474737,-0.004246041108166126,-0.0015379215531542904,2.6507513428784653,0.022207581369514746,0.008137100448725261
1.327265453090618,PASSED,-0.264712042704341,-0.004247354718762539,-0.001164069958585121,2.6507735537414074,0.0222145453360092,0.006181877191609378
1.328265653130626,PASSED,-0.26471629049071865,-0.00424829462552964,-0.0007904646394450325,2.650795770591216,0.02221955484131871,0.004227924054783964
1.329265853170634,PASSED,-0.264720539030448,-0.004248861296126499,-0.00041747456846818527,2.650817991474828,0.0222226122931824,0.002277137069624849
1.330266053210642,PASSED,-0.26472478795074705,-0.004249055564113762,-4.546359979405922e-05,2.650840214442555,0.022223722024429366,0.0003314606985250969
1.33126625325065,PASSED,-0.26472903687984717,-0.00424887862405847,0.00032520915868270497,2.6508624375499696,0.022222890245848458,-0.0016072714338626426
1.332266453290658,PASSED,-0.264733285447352,-0.004248332026638047,0.0006941895949159973,2.650884658859797,0.022220125037528484,-0.003537166244053024
1.333266653330666,PASSED,-0.26473753328459193,-0.004247417675262545,0.0010611258958927753,2.6509068764437513,0.022215436318436463,-0.00545642099066648
1.334266853370674,PASSED,-0.2647417800249738,-0.004246137820790529,0.0014256735227656163,2.650929088384383,0.022208835833507617,-0.007363194220964116
1.335267053410682,PASSED,-0.2647460253043252,-0.004244495055171201,0.0017874936837026859,2.650951292776868,0.022200337109736866,-0.009255743470605421
1.33626725345069,PASSED,-0.2647502687612339,-0.004242492307430331,0.0021462504456473777,2.65097348773079,0.022189955429250226,-0.011132305163993328
1.337267453490698,PASSED,-0.264754510037381,-0.004240132836984519,0.0025016171125886015,2.6509956713718728,0.02217770780391046,-0.0129911721236201
1.338267653530706,PASSED,-0.2647587487778679,-0.004237420226316209,0.0028532730387901954,2.6510178418437063,0.022163612953518187,-0.014830635904704664
1.339267853570714,PASSED,-0.26476298463153797,-0.004234358377273595,0.003200899711829953,2.6510399973094185,0.022147691252057213,-0.016649078498484984
1.340268053610722,PASSED,-0.2647672172512903,-0.004230951502331333,0.003544191762551028,2.651062135953323,0.02212996469498441,-0.01844487612234941
1.34126825365073,PASSED,-0.26477144629438765,-0.004227204116852779,0.0038828479558888564,2.6510842559825187,0.022110456869933653,-0.020216457669688197
1.342268453690738,PASSED,-0.26477567142275665,-0.004223121034572736,0.0042165718294799575,2.651106355628479,0.022089192937988698,-0.02196224812846108
1.343268653730746,PASSED,-0.26477989230328103,-0.004218707358186494,0.004545079424082643,2.651128433148572,0.022066199553279695,-0.023680809096035295
1.3442688537707541,PASSED,-0.264784108608087,-0.00421396847131341,0.0048680918390855196,2.651150486827556,0.02204150483425946,-0.02537065896969786
1.3452690538107621,PASSED,-0.26478832001482105,-0.00420891003202459,0.005185337588644518,2.651172514979038,0.02201513836433027,-0.02703034390218537
1.3462692538507701,PASSED,-0.2647925262069193,-0.004203537964018669,0.005496554950772011,2.651194515946881,0.02198713110232357,-0.02865854074304365
1.3472694538907781,PASSED,-0.2647967268738694,-0.004197858447855581,0.005801490304632323,2.65121648810657,0.02195751532959244,-0.030253927389853375
1.3482696539307861,PASSED,-0.26480092171146297,-0.004191877912907871,0.006099898043097066,2.6512384298665443,0.021926324669410906,-0.03181514870931541
1.3492698539707941,PASSED,-0.2648051104220401,-0.004185603028388653,0.006391542169966488,2.6512603396694607,0.021893593974866454,-0.03334105843454659
1.3502700540108021,PASSED,-0.26480929271472525,-0.004179040695503712,0.006676193361590387,2.6512822159934464,0.02185935931136036,-0.03483040022046239
1.3512702540508101,PASSED,-0.2648134683056533,-0.004172198036374033,0.006953636308405732,2.651304057353268,0.021823657920072417,-0.036282051999596915
1.3522704540908181,PASSED,-0.2648176369181872,-0.0041650823863159546,0.007223659224528941,2.6513258623014795,0.02178652814261936,-0.03769492775536628
1.3532706541308261,PASSED,-0.2648217982831265,-0.004157701285014407,0.007486062686227745,2.6513476294295084,0.021748009389902102,-0.03906796935852131
1.3542708541708341,PASSED,-0.2648259521389055,-0.004150062464961896,0.0077406582966998054,2.651369357368696,0.021708142089582917,-0.04040018762629201
1.3552710542108422,PASSED,-0.26483009823178316,-0.004142173844245012,0.007987262330340056,2.6513910447912923,0.021666967642241363,-0.04169062048506421
1.3562712542508502,PASSED,-0.26483423631602254,-0.004134043515511566,0.008225706335516881,2.6514126904113944,0.021624528355998457,-0.042938396748136265
1.3572714542908582,PASSED,-0.26483836615406076,-0.004125679735891646,0.008455828476189694,2.6514342929858357,0.021580867401118108,-0.044142660301824115
1.3582716543308662,PASSED,-0.26484248751666895,-0.0041170909183495304,0.008677476919399383,2.651455851315024,0.021536028766609802,-0.04530261731262413
1.3592718543708742,PASSED,-0.2648466001831028,-0.00410828562125522,0.00889051054425072,2.6514773642437275,0.021490057197777808,-0.04641753651157673
1.3602720544108822,PASSED,-0.26485070394124255,-0.0040992725374601555,0.009094799295607282,2.6514988306618186,0.021442998163272917,-0.0474866998337678
1.3612722544508902,PASSED,-0.26485479858772354,-0.004090060485787967,0.009290219923243278,2.6515202495049475,0.02139489777249012,-0.048509518082149955
1.3622724544908982,PASSED,-0.2648588839280561,-0.004080658400172036,0.009476662744387755,2.651541619755165,0.0213458027198705,-0.049485408977931175
1.3632726545309062,PASSED,-0.26486295977673585,-0.004071075318916945,0.009654026928893354,2.651562940441517,0.02129576029695465,-0.05041376554113153
1.3642728545709142,PASSED,-0.26486702595734346,-0.004061320375941101,0.009822220340477243,2.6515842106405603,0.021244818277447303,-0.05129418881815081
1.3652730546109222,PASSED,-0.2648710823026346,-0.004051402789726923,0.009981163463312372,2.6516054294768265,0.02119302483376641,-0.05212628025605271
1.3662732546509302,PASSED,-0.2648751286546197,-0.004041331852930975,0.01013078568437005,2.6516265961232506,0.021140428586435736,-0.052909558713755404
1.3672734546909382,PASSED,-0.2648791648646333,-0.00403111692335594,0.010271025502146655,2.6516477098015256,0.0210870784831111,-0.05364379973189524
1.3682736547309462,PASSED,-0.2648831907933935,-0.0040207674127511785,0.010401834006504386,2.6516687697824284,0.021033023731261532,-0.05432871992801304
1.3692738547709542,PASSED,-0.2648872063110513,-0.004010292776786575,0.01052317060333657,2.6516897753860658,0.020978313793050696,-0.05496408373271667
1.3702740548109622,PASSED,-0.26489121129723003,-0.003999702506437583,0.01063500351276189,2.651710725982082,0.0209229983028622,-0.05554976115901643
1.3712742548509702,PASSED,-0.26489520564105423,-0.003989006115877013,0.010737315259109419,2.651731620989824,0.0208671270306666,-0.056085612886650905
1.3722744548909782,PASSED,-0.2648991892411694,-0.003978213133966626,0.010830093011236922,2.6517524598784266,0.020810749807582577,-0.056571629882273766
1.3732746549309862,PASSED,-0.264903162005751,-0.003967333094339395,0.010913337371228538,2.6517732421668843,0.02075391651094823,-0.05700774113573198
1.3742748549709942,PASSED,-0.26490712385250414,-0.003956375524713841,0.010987057795103682,2.6517939674240223,0.020696676964760092,-0.05739408288973754
1.3752750550110022,PASSED,-0.2649110747086538,-0.003945349938627231,0.011051271614280466,2.651814635268475,0.020639080938554943,-0.05773065508208897
1.3762752550510102,PASSED,-0.26491501451092475,-0.003934265824468315,0.011106009188673946,2.6518352453685576,0.020581178067198204,-0.05801768220650646
1.3772754550910182,PASSED,-0.2649189432055122,-0.003923132636443954,0.011151307248152028,2.6518557974421335,0.020523017801122975,-0.058255321987711876
1.3782756551310262,PASSED,-0.26492286074804317,-0.003911959786114507,0.011187212383643038,2.6518762912563987,0.02046464937310955,-0.05844383203055884
1.3792758551710342,PASSED,-0.26492676710352897,-0.0039007566322140598,0.0112137815783174,2.651896726627639,0.020406121739535155,-0.05858350127028724
1.3802760552110422,PASSED,-0.26493066224630735,-0.0038895324709621883,0.01123108103424103,2.6519171034209306,0.020347483534193023,-0.05867467472335735
1.3812762552510502,PASSED,-0.26493454615997675,-0.003878296528811802,0.011239182894482965,2.6519374215497975,0.020288783026089306,-0.058717730357293184
1.3822764552910582,PASSED,-0.26493841883732105,-0.0038670579525994144,0.01123817175765693,2.6519576809758134,0.02023006806107104,-0.05871312145891013
1.3832766553310663,PASSED,-0.2649422802802261,-0.003855825800746365,0.011228138583312319,2.6519778817081745,0.02017138603638747,-0.05866129350001632
1.3842768553710743,PASSED,-0.2649461304995871,-0.0038446090353794764,0.011209183222605884,2.6519980238032033,0.020112783831272928,-0.058562812857557954
1.3852770554110823,PASSED,-0.26494996951520783,-0.003833416513589578,0.011181414168093961,2.652018107363834,0.020054307784574805,-0.05841820259183624
1.3862772554510903,PASSED,-0.2649537973556922,-0.0038222569794208257,0.011144947502524842,2.652038132539039,0.019996003652666867,-0.05822808478533444
1.3872774554910983,PASSED,-0.26495761405832663,-0.003811139056193676,0.011099907043566348,2.652058099523227,0.01993791655297902,-0.0579931096228569
1.3882776555311063,PASSED,-0.2649614196689557,-0.003800071238202812,0.01104642528906202,2.6520780085555695,0.01988009091363821,-0.05771399248611404
1.3892778555711143,PASSED,-0.2649652142418494,-0.00378906188346973,0.010984641029095764,2.652097859919333,0.019822570480731053,-0.057391393187850755
1.3902780556111223,PASSED,-0.2649689978395635,-0.003778119206860803,0.01091470032881399,2.652117653941125,0.019765398229417037,-0.057026156731455245
1.3912782556511303,PASSED,-0.2649727705327923,-0.0037672512723499747,0.010836757298838219,2.6521373909901507,0.019708616358247926,-0.05661901412755044
1.3922784556911383,PASSED,-0.26497653240021407,-0.0037564659855540664,0.01075097312728815,2.6521570714773817,0.01965226623383432,-0.05617086460430949
1.3932786557311463,PASSED,-0.26498028352833086,-0.003745771088717748,0.010657512642338437,2.6521766958547364,0.019596388367431272,-0.05568253426887989
1.3942788557711543,PASSED,-0.2649840240113004,-0.003735174153142637,0.01055655086362658,2.652196264614181,0.019541022371125445,-0.055154970997124575
1.3952790558111623,PASSED,-0.26498775395076213,-0.0037246825723447475,0.010448267420731272,2.6522157782868465,0.019486206947287088,-0.054589059065844485
1.3962792558511703,PASSED,-0.26499147345565754,-0.003714303557181272,0.010332846991971808,2.6522352374420666,0.019431979829600134,-0.05398582343435322
1.3972794558911783,PASSED,-0.26499518264204397,-0.0037040441304179365,0.010210479944244302,2.652254642686413,0.01937837775054499,-0.0533462494690051
1.3982796559311863,PASSED,-0.26499888163290336,-0.003693911119673024,0.010081364612025193,2.6522739946627,0.019325436461791464,-0.052671314943208626
1.3992798559711943,PASSED,-0.265002570557945,-0.0036839111527805666,0.00994570174607841,2.6522932940489468,0.019273190651870546,-0.05196213990605592
1.4002800560112023,PASSED,-0.2650062495534036,-0.0036740506534941185,0.009803697646694651,2.6523125415573205,0.01922167391607909,-0.05121979971506283
1.4012802560512103,PASSED,-0.2650099187618325,-0.0036643358367005347,0.009655562891510145,2.6523317379330593,0.019170918795797874,-0.05044533399198517
1.4022804560912183,PASSED,-0.2650135783318916,-0.003654772701921012,0.00950151603819706,2.652350883953363,0.01912095670356823,-0.049639931054755164
1.4032806561312263,PASSED,-0.26501722841813197,-0.003645367031486215,0.00934177336586378,2.652369980426269,0.019071817891697096,-0.048804732415385466
1.4042808561712343,PASSED,-0.2650208691807751,-0.003636124386023207,0.009176560194437786,2.6523890281894826,0.01902353145242659,-0.047940910507254186
1.4052810562112423,PASSED,-0.2650245007854895,-0.0036270500992999955,0.009006104409060873,2.652408028109235,0.018976125331761844,-0.04704959410306999
1.4062812562512503,PASSED,-0.2650281234031628,-0.0036181492760626872,0.008830635789473086,2.6524269810790675,0.01892962624326948,-0.046132084751897506
1.4072814562912583,PASSED,-0.26503173720967077,-0.003609426789127826,0.008650387698452654,2.6524458880186343,0.018884059672082804,-0.045189562143194445
1.4082816563312663,PASSED,-0.2650353423856439,-0.0036008872752359092,0.008465598020892478,2.652464749872484,0.018839449924316583,-0.044223204848235415
1.4092818563712743,PASSED,-0.2650389391162298,-0.0035925351325327777,0.008276505824623963,2.6524835676088063,0.018795820012056767,-0.043234383867539174
1.4102820564112823,PASSED,-0.26504252759085467,-0.003584374520291955,0.008083349851621792,2.652502342218199,0.018753191699441674,-0.04222426511346601
1.4112822564512904,PASSED,-0.26504610800298123,-0.003576409353615932,0.007886377892290597,2.6525210747123897,0.018711585507267915,-0.04119414354728511
1.4122824564912984,PASSED,-0.2650496805498655,-0.0035686433031216396,0.0076858322289606205,2.6525397661229673,0.018671020643334948,-0.040145344190085475
1.4132826565313064,PASSED,-0.2650532454323112,-0.0035610797942850223,0.007481959908388739,2.6525584175001,0.018631515042997676,-0.0390791044353977
1.4142828565713144,PASSED,-0.2650568028544231,-0.0035537220047123013,0.007275009348942461,2.652577029911243,0.018593085357959834,-0.03799673877280436
1.4152830566113224,PASSED,-0.26506035302335923,-0.0035465728627932405,0.007065230299140143,2.6525956044398376,0.018555746914446707,-0.03689958000667465
1.4162832566513304,PASSED,-0.26506389614908177,-0.0035396350485881237,0.006852870142434533,2.652614142184019,0.018519513755273918,-0.035788878616862564
1.4172834566913384,PASSED,-0.2650674324441076,-0.003532910991798163,0.006638181221644943,2.6526326442553017,0.01848439861554858,-0.03466598046432169
1.4182836567313464,PASSED,-0.265070962123258,-0.00352640287155627,0.00642141292205845,2.6526511117772755,0.018450412905926646,-0.03353219572700842
1.4192838567713544,PASSED,-0.2650744854034092,-0.003520112618057842,0.006202813882674678,2.6526695458842937,0.018417566737592674,-0.03238881673861914
1.4202840568113624,PASSED,-0.26507800250324165,-0.003514041910531666,0.005982636621843348,2.6526879477201732,0.018385868927858262,-0.03123713839828046
1.4212842568513704,PASSED,-0.2650815136429908,-0.003508192178660061,0.005761128704779257,2.6527063184368744,0.018355326958434712,-0.03007852344039502
1.4222844568913784,PASSED,-0.26508501904419784,-0.003502564604355472,0.005538538037795103,2.6527246591932188,0.018325947039867833,-0.02891418198453435
1.4232846569313862,PASSED,-0.26508851892946167,-0.003497160121212557,0.005315113212994464,2.6527429711535646,0.01829773407151076,-0.027745492605431087
1.4242848569713942,PASSED,-0.26509201352219175,-0.003491979416117427,0.0050910996832206,2.6527612554865363,0.01827069165418253,-0.02657370047675868
1.4252850570114022,PASSED,-0.26509550304636226,-0.003487022931419824,0.004866741373858009,2.6527795133637304,0.018244822137406302,-0.025400060975868305
1.4262852570514102,PASSED,-0.2650989877262684,-0.003482290866352698,0.004642280862636918,2.652797745958436,0.01822012657191029,-0.02422590184277846
1.4272854570914182,PASSED,-0.26510246778628355,-0.0034777831781356563,0.004417959786645083,2.652815954444373,0.018196604743077924,-0.023052446825426034
1.4282856571314262,PASSED,-0.26510594345061955,-0.003473499585194786,0.0041940150436872835,2.652834139994421,0.0181742551962769,-0.021880946784752903
1.4292858571714342,PASSED,-0.2651094149430884,-0.003469439569421488,0.0039706829263712875,2.6528523037793983,0.018153075249731615,-0.020712613052306393
1.4302860572114422,PASSED,-0.26511288248686704,-0.003465602378277152,0.0037481966229798865,2.6528704469668107,0.018133060976082492,-0.019548714047004187
1.4312862572514502,PASSED,-0.2651163463042649,-0.0034619870281513763,0.0035267857943060846,2.652888570719641,0.018114207235686474,-0.0183904246286958
1.4322864572914582,PASSED,-0.2651198066164935,-0.003458592306945411,0.0033066781470717913,2.6529066761951454,0.018096507715451196,-0.01723891730633642
1.4332866573314662,PASSED,-0.2651232636434406,-0.003455416777877087,0.003088096349158539,2.6529247645436684,0.018079954909692518,-0.0160953980602444
1.4342868573714742,PASSED,-0.26512671760344664,-0.0034524587828672236,0.0028712607836669955,2.6529428369074743,0.0180645401499183,-0.01496100091686596
1.4352870574114822,PASSED,-0.2651301687130852,-0.00344971644543368,0.002656388533461094,2.652960894419598,0.018050253644504008,-0.013836841745912461
1.4362872574514902,PASSED,-0.2651336171869471,-0.0034471876753193018,0.0024436911683229025,2.6529789382027182,0.018037084474325542,-0.012724055800169458
1.4372874574914982,PASSED,-0.2651370632374285,-0.003444870173065423,0.002233376310915906,2.652996969368045,0.018025020612811672,-0.011623731989671756
1.4382876575315062,PASSED,-0.2651405070745232,-0.0034427614324224584,0.0020256501976631844,2.653014989014231,0.018014048964415733,-0.010536926000116244
1.4392878575715142,PASSED,-0.26514394890561876,-0.0034408587460792893,0.0018207104401731342,2.6530329982263123,0.0180041553865283,-0.009464679145640215
1.4402880576115222,PASSED,-0.2651473889352981,-0.003439159211007953,0.0016187514921112832,2.6530509980746553,0.017995324689182746,-0.008408042812170346
1.4412882576515302,PASSED,-0.26515082736514467,-0.0034376597309595473,0.0014199657526021046,2.653068989613957,0.01798754069810702,-0.007367956584758251
1.4422884576915382,PASSED,-0.26515426439355305,-0.003436357022685194,0.0012245366221873373,2.65308697388224,0.01798078625063219,-0.006345441401537067
1.4432886577315462,PASSED,-0.26515770021554425,-0.003435247621733352,0.0010326438382783384,2.653104951899886,0.017975043218269232,-0.0053414263372427075
1.4442888577715542,PASSED,-0.2651611350225865,-0.003434327885880198,0.0008444638630709108,2.653122924668701,0.017970292564978896,-0.004356804592402149
1.4452890578115622,PASSED,-0.2651645690024205,-0.0034335940011043222,0.0006601653844123016,2.6531408931710057,0.017966514357783757,-0.0033924755969634637
1.4462892578515703,PASSED,-0.265168002338891,-0.0034330419878718646,0.0004799117978212903,2.653158858368739,0.01796368776593965,-0.0024493360088666963
1.4472894578915783,PASSED,-0.2651714352117831,-0.003432667706128438,0.00030386170716300805,2.6531768212026217,0.01796179115228164,-0.001528132090773955
1.4482896579315863,PASSED,-0.26517486779666466,-0.003432466860008294,0.00013216906213094778,2.653194782591307,0.017960802050101584,-0.0006297489062433069
1.4492898579715943,PASSED,-0.2651783002647341,-0.003432435004844294,-3.502076808722285e-05,2.653212743430614,0.017960697217114505,0.00024511095903031614
1.4502900580116023,PASSED,-0.26518173278267426,-0.003432567553421451,-0.0001975671165374589,2.65323070459273,0.017961452654391308,0.0010956548219867846
1.4512902580516103,PASSED,-0.26518516551251237,-0.003432859780601959,-0.0003553338898211954,2.653248666925502,0.017963043648005106,0.0019212194750100019
1.4522904580916183,PASSED,-0.2651885986114854,-0.0034333068294336356,-0.0005081921262476615,2.6532666312517192,0.017965444806870262,0.0027211184585868224
1.4532906581316263,PASSED,-0.2651920322319123,-0.0034339037191433853,-0.0006560214320847011,2.653284598368446,0.01796863006546271,0.0034946853483548888
1.4542908581716343,PASSED,-0.2651954665210718,-0.00343464534988683,-0.0007987036176845582,2.6533025690463887,0.01797257275191539,0.004241353855560406
1.4552910582116423,PASSED,-0.26519890162108684,-0.003435526508157787,-0.0009361280398050038,2.653320544029283,0.01797724560714067,0.00496052280509613
1.4562912582516503,PASSED,-0.26520233766881557,-0.0034365418757375836,-0.0010681939397912427,2.653338524033323,0.017982620795936644,0.005651632789889766
1.4572914582916583,PASSED,-0.2652057747957478,-0.0034376860341912385,-0.0011948014628978068,2.6533565097466245,0.017988669977494,0.00631421406900028
1.4582916583316663,PASSED,-0.26520921312790907,-0.0034389534711921996,-0.001315860693003479,2.6533745018287194,0.017995364330849573,0.006947779546620337
1.4592918583716743,PASSED,-0.2652126527857701,-0.003440338588218596,-0.0014312879153253542,2.6533925009100803,0.01800267455595633,0.007551855480174345
1.4602920584116823,PASSED,-0.26521609388416373,-0.0034418357067367003,-0.0015410055866240749,2.653410507591682,0.01801057093490469,0.008126061260478776
1.4612922584516903,PASSED,-0.26521953653220753,-0.0034434390740109132,-0.001644941732604815,2.653428522444612,0.018019023402312418,0.008670071505899721
1.4622924584916983,PASSED,-0.2652229808332339,-0.0034451428702435556,-0.0017430325660005288,2.6534465460096794,0.018028001493339506,0.009183437374546856
1.4632926585317063,PASSED,-0.26522642688472575,-0.0034469412150163535,-0.001835219577329554,2.6534645787970996,0.018037474433133895,0.009665941407610342
1.4642928585717143,PASSED,-0.2652298747782594,-0.003448828174383777,-0.001921452560820031,2.653482621286186,0.018047411205637253,0.01011732656719071
1.4652930586117223,PASSED,-0.26523332459945403,-0.0034507977670961434,-0.0020016861467304107,2.6535006739250817,0.01805778049822009,0.010537269926600342
1.4662932586517303,PASSED,-0.2652367764279278,-0.0034528439703829356,-0.002075881380167004,2.6535187371305313,0.018068550786213528,0.010925633371335125
1.4672934586917383,PASSED,-0.26524023033725974,-0.0034549607275365067,-0.0021440076691742493,2.653536811287694,0.018079690421017282,0.011282302425368745
1.4682936587317463,PASSED,-0.2652436863949594,-0.0034571419550715843,-0.0022060407790131745,2.6535548967499567,0.01809116754153787,0.01160699925073229
1.4692938587717543,PASSED,-0.26524714466244226,-0.0034593815472351765,-0.002261959753312134,2.653572993838836,0.018102950200607912,0.01189976561624895
1.4702940588117623,PASSED,-0.2652506051950118,-0.0034616733838728226,-0.002311754560535538,2.653591102843861,0.018115006401068206,0.012160490356325234
1.4712942588517703,PASSED,-0.2652540680418478,-0.00346401133690352,-0.0023554186774725986,2.6536092240225218,0.01812730405541191,0.012389097001961778
1.4722944588917783,PASSED,-0.2652575332460018,-0.003466389276577449,-0.0023929536715664324,2.653627357600236,0.018139811081001895,0.012585644648666657
1.4732946589317863,PASSED,-0.2652610008443981,-0.0034688010767906703,-0.0024243645743243997,2.6536455037703695,0.018152495454512717,0.01275019275225923
1.4742948589717944,PASSED,-0.2652644708678413,-0.003471240622717977,-0.0024496668292942995,2.653663662694266,0.018165325169070597,0.012882729094959418
1.4752950590118024,PASSED,-0.26526794334103027,-0.0034737018168223177,-0.002468878954372011,2.653681834501312,0.01817826828932943,0.01298338103474879
1.4762952590518104,PASSED,-0.26527141828257855,-0.0034761785844895235,-0.0024820268090955397,2.6537000192890545,0.0181912930557671,0.013052356706281179
1.4772954590918184,PASSED,-0.2652748957050399,-0.0034786648798733515,-0.002489141100316089,2.653718217123331,0.018204367835616884,0.013089728612121022
1.4782956591318264,PASSED,-0.2652783756149408,-0.003481154692453078,-0.0024902602326669944,2.65373642803844,0.018217461156429558,0.01309571561303814
1.4792958591718344,PASSED,-0.2652818580128186,-0.0034836420536458077,-0.0024854284994383566,2.6537546520373314,0.018230541781165295,0.013070564150870625
1.4802960592118424,PASSED,-0.2652853428932652,-0.0034861210404781833,-0.0024746923876673766,2.6537728890918513,0.018243578739721506,0.013014554826438197
1.4812962592518504,PASSED,-0.2652888302449771,-0.0034885857829237018,-0.00245810915075212,2.653791139142983,0.018256541291278256,0.012927882710289615
1.4822964592918584,PASSED,-0.26529232005081055,-0.0034910304698715245,-0.002435738812537141,2.6538094021011545,0.018269399021235203,0.01281096145471792
1.4832966593318664,PASSED,-0.26529581228784227,-0.0034934493527147225,-0.0024076455303052233,2.6538276778465444,0.01828212186512596,0.012664098848114428
1.4842968593718744,PASSED,-0.26529930692743614,-0.0034958367523887823,-0.0023739024365630255,2.6538459662294294,0.018294680080962356,0.012487627161916736
1.4852970594118824,PASSED,-0.26530280393531464,-0.0034981870646373075,-0.00233458545649937,2.653864267070565,0.018307044340688163,0.012282014768399999
1.4862972594518904,PASSED,-0.2653063032716357,-0.0035004947636236975,-0.0022897746729843103,2.6538825801615826,0.018319185738987595,0.012047653986786217
1.4872974594918984,PASSED,-0.26530980489107453,-0.0035027544084627943,-0.0022395582831714425,2.6539009052654166,0.018331075779927184,0.011784965574786059
1.4882976595319064,PASSED,-0.2653133087429106,-0.003504960647622432,-0.002184026410615178,2.6539192421167592,0.018342686454547095,0.011494480649994688
1.4892978595719144,PASSED,-0.26531681477111924,-0.0035071082236350338,-0.002123275747259468,2.6539375904225433,0.018353990260734823,0.011176689879548809
1.4902980596119224,PASSED,-0.2653203229144681,-0.003509191977456279,-0.0020574058705699447,2.653955949862446,0.018364960187700674,0.010832085023391723
1.4912982596519304,PASSED,-0.2653238331066178,-0.0035112068530768347,-0.0019865221205453516,2.6539743200894046,0.018375569756924767,0.010461225357896769
1.4922984596919384,PASSED,-0.2653273452762274,-0.0035131479026613314,-0.0019107345604647888,2.6539927007301825,0.018385793081588764,0.010064724201396912
1.4932986597319464,PASSED,-0.26533085934706374,-0.003515010288920156,-0.0018301540577312213,2.654011091385939,0.018395604855440447,0.009643140285200963
1.4942988597719544,PASSED,-0.26533437523811526,-0.0035167892909059796,-0.0017449006045519716,2.654029491632807,0.01840498033205412,0.009197034165988221
1.4952990598119624,PASSED,-0.26533789286370946,-0.003518480307815942,-0.001655094446901846,2.6540479010225324,0.018413895442930865,0.008727162017250783
1.4962992598519704,PASSED,-0.26534141213363427,-0.0035200788603036237,-0.0015608578482012398,2.6540663190830944,0.01842232676052538,0.008234087979356028
1.4972994598919784,PASSED,-0.26534493295326295,-0.0035215805968894206,-0.0014623224108602168,2.654084745319357,0.018430251469171193,0.007718455756787067
1.4982996599319864,PASSED,-0.26534845522368283,-0.0035229812970658646,-0.0013596186868336914,2.654103179213751,0.018437647485855434,0.0071810573025396585
1.4992998599719944,PASSED,-0.2653519788418267,-0.0035242768721529577,-0.0012528793539326201,2.654121620226955,0.018444493421725976,0.006622521582544245
1.5003000600120024,PASSED,-0.265355503700608,-0.00352546337058532,-0.0011422444846492406,2.6541400677986053,0.018450768565331257,0.006043558287104917
1.5013002600520104,PASSED,-0.2653590296890588,-0.0035265369809410734,-0.0010278542698220834,2.654158521348016,0.01845645296754285,0.005444964827913986
1.5023004600920185,PASSED,-0.2653625566924702,-0.003527494032797625,-0.0009098502477041817,2.654176980274914,0.01846152742002302,0.004827444248342165
1.5033006601320265,PASSED,-0.265366084592536,-0.0035283310004419846,-0.0007883792421304201,2.6541954439601936,0.018465973452949168,0.004191758711351642
1.5043008601720345,PASSED,-0.26536961326749847,-0.003529044506286082,-0.0006635902454090037,2.65421391176667,0.018469773376327738,0.003538699823380397
1.5053010602120425,PASSED,-0.2653731425922963,-0.0035296313209794493,-0.0005356309920057445,2.6542323830398686,0.01847291029570775,0.002869065751098218
1.5063012602520505,PASSED,-0.2653766724387152,-0.0035300883668513776,-0.0004046557918762829,2.654250857108793,0.018475368075615364,0.002183589345289167
1.5073014602920585,PASSED,-0.26538020267554013,-0.003530412719784818,-0.000270817694482832,2.6542693332867415,0.01847713140902287,0.001483162782316907
1.5083016603320665,PASSED,-0.26538373316870884,-0.0035306016096493245,-0.00013427131118907555,2.6542878108720975,0.01847818580023135,0.0007685434925906238
1.5093018603720745,PASSED,-0.26538726378146815,-0.0035306524236160446,4.824262925565047e-06,2.65430628914915,0.018478517544738372,4.054518331353189e-05
1.5103020604120825,PASSED,-0.2653907943745308,-0.0035305627066966683,0.00014631202367618303,2.654324767388915,0.018478113788519178,-0.0006999571542020938
1.5113022604520905,PASSED,-0.2653943248062336,-0.003530330161880012,0.0002900333453098454,2.6543432448499638,0.01847696251025105,-0.0014521590107463601
1.5123024604920985,PASSED,-0.26539785493269713,-0.00352995265276175,0.0004358263002302936,2.6543617207792605,0.01847505251179587,-0.002215224751473388
1.5133026605321065,PASSED,-0.26540138460798607,-0.0035294282043809937,0.0005835297677733472,2.654380194412992,0.01847237343432801,-0.002988312612116033
1.5143028605721145,PASSED,-0.2654049136842702,-0.0035287550020518515,0.0007329840367212574,2.6543986649774234,0.018468915784210116,-0.003770541788416759
1.5153030606121225,PASSED,-0.2654084420119862,-0.0035279313933885663,0.0008840250809941331,2.6544171316897347,0.01846467090351513,-0.004561106632704587
1.5163032606521305,PASSED,-0.2654119694399996,-0.003526955888800135,0.0010364909267226124,2.6544355937588717,0.018459630969703537,-0.005359151930849818
1.5173034606921385,PASSED,-0.2654154958157673,-0.0035258271609281593,0.0011902191688114854,2.6544540503863936,0.018453789027425067,-0.0061638025102204045
1.5183036607321465,PASSED,-0.26541902098549985,-0.0035245440441327067,0.001345048546546453,2.6544725007673295,0.018447138978821755,-0.0069742126653796425
1.5193038607721545,PASSED,-0.26542254479432376,-0.003523105535792099,0.001500814869981525,2.654490944091027,0.01843967556113807,-0.00778955436255341
1.5203040608121625,PASSED,-0.2654260670864435,-0.0035215107950056068,0.00165735806416636,2.6545093795419805,0.01843139433364262,-0.008609009584046489
1.5213042608521705,PASSED,-0.2654295877053031,-0.003519759141721037,0.0018145167648385542,2.654527806300712,0.018422291762517706,-0.009431612152161291
1.5223044608921785,PASSED,-0.26543310649374735,-0.0035178500573633392,0.0019721294196040386,2.654546223544579,0.018412365111289776,-0.0102566772784378
1.5233046609321865,PASSED,-0.2654366232941816,-0.0035157831825508683,0.0021300384077158822,2.654564630448645,0.018401612473370615,-0.011083278346307818
1.5243048609721945,PASSED,-0.2654401379487316,-0.003513558316881587,0.002288083843658697,2.654583026186479,0.01839003279688309,-0.011910608581668371
1.5253050610122025,PASSED,-0.2654436502994014,-0.003511175417893813,0.00244610908385041,2.6546014099310136,0.018377625852950857,-0.012737834165944848
1.5263052610522105,PASSED,-0.2654471601882308,-0.0035086345996777255,0.0026039576375793878,2.654619780855353,0.01836439222311826,-0.013564160277035383
1.5273054610922185,PASSED,-0.2654506674574504,-0.0035059361307778125,0.0027614764081358967,2.654638138133593,0.0183503333004111,-0.01438876432724069
1.5283056611322265,PASSED,-0.2654541719496365,-0.0035030804335500322,0.0029185111075434172,2.6546564809416204,0.01833545128310543,-0.015210852624617027
1.5293058611722345,PASSED,-0.26545767350786315,-0.0035000680819185954,0.0030749119806986478,2.654674808457916,0.018319749159457468,-0.016029637663523517
1.5303060612122426,PASSED,-0.26546117197585284,-0.0034968997991949883,0.003230529885545791,2.654693119864354,0.018303230723140447,-0.016844302086017483
1.5313062612522506,PASSED,-0.26546466719812567,-0.0034935764572569675,0.0033852166396708392,2.654711414346955,0.018285900501444415,-0.017654168102707223
1.5323064612922586,PASSED,-0.2654681590201454,-0.0034900990729288604,0.003538829453730504,2.6547296910966818,0.01826776381309307,-0.01845836851709977
1.5333066613322666,PASSED,-0.26547164728846456,-0.003486468806388027,0.0036912245989021235,2.6547479493101758,0.018248826734493715,-0.019256218654195127
1.5343068613722746,PASSED,-0.265475131850866,-0.00348268695927288,0.003842262125977577,2.6547661881905134,0.018229096049581676,-0.020046995750600167
1.5353070614122826,PASSED,-0.265478612556503,-0.003478754971160407,0.003991805436802818,2.6547844069479294,0.018208579286534136,-0.020829941245502987
1.5363072614522904,PASSED,-0.2654820892560362,-0.0034746744175956487,0.004139718983395698,2.6548026048005338,0.018187284682549442,-0.021604379144152284
1.5373074614922984,PASSED,-0.2654855618017678,-0.003470447006854741,0.004285871912581774,2.654820780975029,0.018165221176453056,-0.022369590731212502
1.5383076615323064,PASSED,-0.2654890300477732,-0.0034660745775825733,0.004430134178557704,2.6548389347073815,0.018142398374853198,-0.023124942178953976
1.5393078615723144,PASSED,-0.2654924938500298,-0.0034615590960393908,0.004572379786266415,2.654857065243498,0.018118826545120904,-0.023869754767847747
1.5403080616123224,PASSED,-0.2654959530665423,-0.003456902651181498,0.004712488238976996,2.6548751718398975,0.0180945166395849,-0.024603339381440846
1.5413082616523304,PASSED,-0.26549940755746537,-0.003452107453910682,0.004850336625375279,2.6548932537643295,0.018069480200541777,-0.0253251721509195
1.5423084616923384,PASSED,-0.26550285718522254,-0.003447175832711526,0.004985810915009317,2.6549113102964266,0.018043729412602533,-0.02603453179812253
1.5433086617323464,PASSED,-0.26550630181462254,-0.0034421102296689015,0.0051187977943677005,2.654929340728281,0.018017277053306392,-0.02673091096148632
1.5443088617723544,PASSED,-0.26550974131297134,-0.0034369131978566132,0.0052491878242357185,2.654947344365052,0.017990136462519603,-0.027413710670325574
1.5453090618123624,PASSED,-0.26551317555018117,-0.0034315873977546455,0.005376874953789346,2.6549653205255344,0.01796232157249975,-0.028082342919534403
1.5463092618523704,PASSED,-0.26551660439887587,-0.003426135592832447,0.005501758234471075,2.654983268542708,0.017933846840953824,-0.02873632396351628
1.5473094618923784,PASSED,-0.26552002773449285,-0.0034205606468479866,0.005623737817786716,2.6550011877642654,0.017904727230418013,-0.02937513491733724
1.5483096619323864,PASSED,-0.2655234454353804,-0.0034148655197401676,0.005742719967840434,2.6550190775531344,0.017874978240624267,-0.02999822637801561
1.5493098619723944,PASSED,-0.2655268573828927,-0.0034090532631238187,0.005858614382020485,2.6550369372879596,0.017844615837043106,-0.030605188383260314
1.5503100620124024,PASSED,-0.26553026346147923,-0.003403127017280245,0.005971333484609364,2.6550547663635937,0.017813656449827173,-0.03119551977105195
1.5513102620524104,PASSED,-0.26553366355877167,-0.0033970900070789296,0.006080794679119644,2.6550725641915274,0.017782116944686212,-0.03176882872089943
1.5523104620924184,PASSED,-0.2655370575656659,-0.0033909455370769604,0.006186920217202661,2.655090330200333,0.01775001461357878,-0.03232466603178446
1.5533106621324264,PASSED,-0.26554044537640076,-0.003384696988861239,0.0062896335480672316,2.655108063836073,0.01771736715443703,-0.032862654548390796
1.5543108621724344,PASSED,-0.2655438268886317,-0.0033783478157922505,0.006388866082935295,2.6551257645626962,0.01768419264336506,-0.03338241542102135
1.5553110622124424,PASSED,-0.2655472020035015,-0.003371901539195277,0.006484550272998669,2.655143431862386,0.017650509488302105,-0.033883648157578876
1.5563112622524504,PASSED,-0.2655505706257058,-0.003365361744509109,0.006576624294948036,2.6551610652359274,0.017616336464179976,-0.034365941431831366
1.5573114622924584,PASSED,-0.265553932663555,-0.003358732076897966,0.006665029821940236,2.6551786642030164,0.017581692652286485,-0.03482905886793042
1.5583116623324664,PASSED,-0.2655572880290319,-0.0033520162370100385,0.006749713265251555,2.655196228302566,0.017546597397452478,-0.035272718811391594
1.5593118623724744,PASSED,-0.265560636637845,-0.0033452179762878576,0.006830625693467098,2.655213757092993,0.017511070351400124,-0.03569659754633334
1.5603120624124824,PASSED,-0.2655639784094777,-0.003338341093619949,0.006907720650869608,2.65523125015246,0.017475131390315455,-0.03610053677689813
1.5613122624524904,PASSED,-0.2655673132672327,-0.0033313894302029407,0.006980958594433349,2.655248707079124,0.017438800605201078,-0.03648428400603106
1.5623124624924984,PASSED,-0.265570641138273,-0.0033243668657155527,0.007050301749357679,2.655266127491341,0.017402098314574125,-0.03684762837423282
1.5633126625325064,PASSED,-0.2655739619536578,-0.0033172773141938333,0.007115718036627639,2.655283511027863,0.017365045004582663,-0.03719043106961554
1.5643128625725145,PASSED,-0.26557727564837474,-0.00331012471939469,0.0071771793074875126,2.6553008573479957,0.017327661296608052,-0.037512559244609806
1.5653130626125225,PASSED,-0.26558058216136743,-0.003302913050026718,0.0072346627416282,2.655318166131755,0.01728996798057668,-0.03781382055588115
1.5663132626525305,PASSED,-0.26558388143555883,-0.0032956462970417607,0.007288146480510038,2.6553354370799798,0.017251985943735112,-0.03809418103202624
1.5673134626925385,PASSED,-0.2655871734178706,-0.0032883284679928295,0.007337617427878537,2.655352669914442,0.01721373614834306,-0.038353538298734814
1.5683136627325465,PASSED,-0.2655904580592378,-0.0032809635830397697,0.007383063303181009,2.655369864377921,0.01717523965329719,-0.03859179954396342
1.5693138627725545,PASSED,-0.26559373531462,-0.0032735556712469383,0.007424477452598469,2.6553870202342544,0.0171365175381378,-0.03880899223634138
1.5703140628125625,PASSED,-0.26559700514300716,-0.0032661087659413557,0.00746185720757132,2.6554041372683814,0.017097590908604212,-0.039005054398419906
1.5713142628525705,PASSED,-0.2656002675074227,-0.0032586269011216826,0.007495203227740757,2.6554212152863537,0.01705848089630504,-0.039179984233004776
1.5723144628925785,PASSED,-0.2656035223749213,-0.0032511141064495187,0.0075245223017791985,2.6554382541153236,0.017019208587357993,-0.03933385875640834
1.5733146629325865,PASSED,-0.265606769716583,-0.0032435744036697195,0.007549823098479637,2.655455253603514,0.016979795025333252,-0.03946669753695968
1.5743148629725945,PASSED,-0.2656100095075038,-0.003236011803399649,0.0075711183844647,2.6554722136201696,0.016940261215903484,-0.039578550691643906
1.5753150630126025,PASSED,-0.265613241726781,-0.0032284302994868984,0.007588427598274589,2.6554891340554803,0.016900628061441072,-0.0396695569762607
1.5763152630526105,PASSED,-0.26561646635749625,-0.0032208338661574307,0.007601770483596275,2.655506014820494,0.016860916363826618,-0.039739791373242336
1.5773154630926185,PASSED,-0.26561968338669295,-0.0032132264545610156,0.007611172338294744,2.6555228558470017,0.01682114681726903,-0.03978938334715492
1.5783156631326265,PASSED,-0.26562289280535106,-0.0032056119873939103,0.007616663719645122,2.655539657087394,0.016781339943151383,-0.03981853463130646
1.5793158631726345,PASSED,-0.26562609460835795,-0.003197994356777116,0.007618275214894071,2.6555564185145255,0.0167415161247959,-0.03982734083826321
1.5803160632126425,PASSED,-0.2656292887944746,-0.0031903774194236723,0.007616045445809976,2.6555731401215232,0.016701695556413564,-0.03981605341171703
1.5813162632526505,PASSED,-0.2656324753662997,-0.003182764994001936,0.007610012072353448,2.6555898219216063,0.0166618982163134,-0.039784864559130696
1.5823164632926585,PASSED,-0.26563565433022857,-0.003175160856606236,0.0076002209445981544,2.6556064639478776,0.016622143891448563,-0.039733965068639125
1.5833166633326665,PASSED,-0.26563882569640973,-0.003167568737463917,0.007586717940798847,2.65562306625308,0.016582452103200425,-0.03966367036780718
1.5843168633726745,PASSED,-0.26564198947869744,-0.0031599923189900366,0.007569552162601261,2.6556396289093662,0.016542842124614165,-0.0395741840652328
1.5853170634126825,PASSED,-0.2656451456946012,-0.003152435230295443,0.007548779715921545,2.65565615200802,0.016503332965720638,-0.03946580877905455
1.5863172634526905,PASSED,-0.2656482943652315,-0.0031449010442059435,0.0075244570052185435,2.65567263565918,0.016463943328912073,-0.039338855494906316
1.5873174634926985,PASSED,-0.26565143551524323,-0.0031373932768777708,0.007496640876808795,2.6556890799915447,0.01642469162369529,-0.03919360503136185
1.5883176635327065,PASSED,-0.2656545691727748,-0.003129915381503305,0.007465398372903102,2.6557054851520494,0.016385595931782883,-0.039030416499773
1.5893178635727145,PASSED,-0.26565769536938544,-0.0031224707458946976,0.007430793765743545,2.655721851305544,0.016346673994070655,-0.03884961852053146
1.5903180636127225,PASSED,-0.26566081413998865,-0.003115062691385762,0.007392895004397074,2.6557381786344396,0.01630794319856736,-0.0386515801584761
1.5913182636527305,PASSED,-0.2656639255227836,-0.0031076944686867854,0.00735177449536327,2.655754467338351,0.016269420566425916,-0.03843666679675536
1.5923184636927386,PASSED,-0.2656670295591828,-0.003100369254820282,0.007307506780596775,2.6557707176337177,0.01623112273246922,-0.03820527872998552
1.5933186637327466,PASSED,-0.2656701262937383,-0.003093090151651684,0.007260167427265743,2.6557869297534227,0.0161930659427222,-0.03795779709171694
1.5943188637727546,PASSED,-0.2656732157740645,-0.0030858601827822903,0.007209836497479166,2.655803103946378,0.016155266025664965,-0.03769466370091446
1.5953190638127626,PASSED,-0.26567629805075854,-0.0030786822909237644,0.007156595432557617,2.6558192404771304,0.016117738406050915,-0.03741625688947633
1.5963192638527706,PASSED,-0.26567937317731904,-0.0030715593362344532,0.007100527527147253,2.6558353396253986,0.016080498035706027,-0.037123112648496895
1.5973194638927786,PASSED,-0.26568244121006196,-0.0030644940939260003,0.007041718829323179,2.655851401685676,0.016043559466369203,-0.03681554046237928
1.5983196639327866,PASSED,-0.2656855022080344,-0.0030574892515048994,0.006980258148953049,2.655867426966747,0.016006936783179663,-0.036494111674314704
1.5993198639727946,PASSED,-0.26568855623292675,-0.0030505474080998163,0.006916233575836912,2.6558834157912394,0.015970643563680727,-0.03615929138201476
1.6003200640128026,PASSED,-0.2656916033489825,-0.0030436710718081115,0.006849738102283471,2.655899368495156,0.01593469296596856,-0.03581146859893755
1.6013202640528106,PASSED,-0.2656946436229065,-0.0030368626573021138,0.006780865441807168,2.655915285427392,0.0158990976529537,-0.035451209292139296
1.6023204640928186,PASSED,-0.26569767712377157,-0.003030124485748917,0.006709708960788987,2.655931166949237,0.01586386974187388,-0.0350790456049353
1.6033206641328266,PASSED,-0.2657007039229231,-0.0030234587821592485,0.006636366675587965,2.655947013433891,0.015829020909997212,-0.034695356057823874
1.6043208641728346,PASSED,-0.2657037240938829,-0.00301686767401422,0.006560935791321886,2.655962825265955,0.01579456232199547,-0.03430074263101592
1.6053210642128426,PASSED,-0.26570673771225095,-0.0030103531908266044,0.006483514785145031,2.6559786028409067,0.01576050456231265,-0.033895771050688896
1.6063212642528506,PASSED,-0.2657097448556064,-0.0030039172615547714,0.0064042055962917005,2.655994346564599,0.01572685775855431,-0.03348082556344282
1.6073214642928586,PASSED,-0.2657127456034072,-0.00299756171489828,0.0063231073632911685,2.656010056852722,0.015693631506964345,-0.03305653560764782
1.6083216643328666,PASSED,-0.2657157400368889,-0.0029912882778075607,0.006240323575671556,2.656025734130282,0.015660834828465246,-0.032623440426732896
1.6093218643728746,PASSED,-0.2657187282389623,-0.0029850985739191043,0.006155957430312907,2.656041378831059,0.015628476236442975,-0.03218202641930035
1.6103220644128826,PASSED,-0.26572171029411035,-0.002978994123748791,0.006070111996979914,2.6560569913970697,0.015596563707068724,-0.03173286467755293
1.6113222644528906,PASSED,-0.2657246862882847,-0.002972976344536494,0.005982890689175413,2.6560725722780334,0.015565104664105066,-0.03127649515439322
1.6123224644928986,PASSED,-0.2657276563088011,-0.0029670465477313395,0.005894400882473964,2.6560881219308055,0.015534105965970567,-0.030813500121235966
1.6133226645329066,PASSED,-0.2657306204442349,-0.0029612059404032685,0.0058047449584698475,2.656103640818846,0.015503573943469188,-0.03034437075480485
1.6143228645729146,PASSED,-0.2657335787843159,-0.0029554556248113156,0.005714029347608875,2.656119129411673,0.015473514395894736,-0.029869665454214118
1.6153230646129226,PASSED,-0.26573653141982284,-0.002949796596953783,0.005622360197481601,2.6561345881842913,0.015443932514199739,-0.02939002585552036
1.6163232646529306,PASSED,-0.26573947844247836,-0.002944229747781062,0.005529841822880573,2.6561500176166635,0.015414832979435147,-0.028905874037304703
1.6173234646929386,PASSED,-0.265742419944843,-0.002938755862791946,0.0054365804332720865,2.656165418193138,0.015386219923510318,-0.028417843849844717
1.6183236647329466,PASSED,-0.2657453560202102,-0.0029333756222398215,0.005342680631359691,2.6561807904019084,0.015358096890118739,-0.02792649308606789
1.6193238647729546,PASSED,-0.265748286762501,-0.0029280896007739853,0.005248248688820644,2.6561961347344676,0.015330466917595074,-0.027432292148730185
1.6203240648129626,PASSED,-0.26575121226615916,-0.002922898268968624,0.0051533872163879385,2.6562114516850417,0.015303332467407836,-0.026935888879573922
1.6213242648529707,PASSED,-0.26575413262604664,-0.0029178019929773135,0.0050582018412586895,2.656226741750055,0.015276695445838297,-0.026437776696183354
1.6223244648929787,PASSED,-0.2657570479373398,-0.002912801035030007,0.004962795351338299,2.656242005427588,0.015250557260492145,-0.025938457779461743
1.6233246649329867,PASSED,-0.2657599582954259,-0.00290789555457753,0.004867270519902646,2.65625724321683,0.01522491874404732,-0.025438555555063073
1.6243248649729947,PASSED,-0.2657628637958004,-0.0029030856085631987,0.004771729677283262,2.656272455617541,0.015199780180936975,-0.02493856814720053
1.6253250650130027,PASSED,-0.26576576453396544,-0.0028983711528816295,0.004676273017760514,2.656287643129522,0.01517514136602522,-0.024438979421458146
1.6263252650530107,PASSED,-0.2657686606053287,-0.0028937520430148693,0.0045810010994269245,2.656302806252095,0.015151001562064172,-0.023940353654108605
1.6273254650930187,PASSED,-0.2657715521051038,-0.0028892280345765298,0.004486013330947666,2.656317945483556,0.015127359457562807,-0.02344327173286918
1.6283256651330267,PASSED,-0.26577443912821086,-0.002884798785238521,0.0043914066760494625,2.656333061320685,0.015104213289974262,-0.022948098158998436
1.6293258651730347,PASSED,-0.26577732176917984,-0.0028804638561982145,0.004297277283144251,2.656348154258216,0.015081560779934422,-0.02245545129373384
1.6303260652130427,PASSED,-0.2657802001220534,-0.0028762227120160628,0.004203722114824031,2.6563632247883424,0.01505939910138826,-0.021965830047779404
1.6313262652530507,PASSED,-0.26578307428029235,-0.0028720747236176763,0.004110832587427774,2.656378273400218,0.015037724982594182,-0.02147964462494401
1.6323264652930587,PASSED,-0.26578594433668234,-0.002868019169567826,0.0040187016914654565,2.656393300579462,0.015016534654674804,-0.020997450115670394
1.6333266653330667,PASSED,-0.26578881038324137,-0.0028640552360999897,0.003927421318750524,2.6564083068076867,0.014995823854554792,-0.02051970012290806
1.6343268653730747,PASSED,-0.2657916725111301,-0.002860182020971443,0.0038370776684106367,2.6564232925620157,0.014975587867371302,-0.020046845223877806
1.6353270654130827,PASSED,-0.26579453081056276,-0.002856398534087115,0.0037477596949399643,2.6564382583146267,0.014955821518376216,-0.019579351509221927
1.6363272654530907,PASSED,-0.2657973853707204,-0.002852703698741002,0.003659552446895117,2.6564532045322933,0.014936519171096245,-0.019117677793801822
1.6373274654930987,PASSED,-0.26580023627966615,-0.0028490963547652772,0.003572538328277396,2.6564681316759375,0.01491767475348926,-0.018662244149109358
1.6383276655331067,PASSED,-0.2658030836242617,-0.002845575259762753,0.003486799452022234,2.656483040200204,0.014899281779274673,-0.018213460924906246
1.6393278655731147,PASSED,-0.26580592749008664,-0.002842139091238,0.0034024145732406983,2.65649793055302,0.014881333312567179,-0.017771803895885136
1.6403280656131227,PASSED,-0.26580876796135927,-0.0028387864486246017,0.003319461306836193,2.6565128031751994,0.0148638220332214,-0.017337596312375067
1.6413282656531307,PASSED,-0.26581160512085955,-0.0028355158553756594,0.0032380145436800294,2.6565276585000235,0.01484674022180681,-0.0169112881494006
1.6423284656931387,PASSED,-0.2658144390498545,-0.002832325761606936,0.003158146585418711,2.65654249695286,0.014830079754140075,-0.01649325401162575
1.6433286657331467,PASSED,-0.26581726982802567,-0.002829214546020287,0.003079928254135598,2.6565573189507843,0.01481383216055993,-0.01608381995915703
1.6443288657731547,PASSED,-0.26582009753339897,-0.0028261805180522155,0.003003427777362887,2.6565721249021967,0.014797988581855995,-0.015683417867120977
1.6453290658131627,PASSED,-0.2658229222422768,-0.0028232219205979315,0.002928710572231426,2.6565869152064883,0.014782539824347846,-0.01529231726883512
1.6463292658531707,PASSED,-0.26582574402917236,-0.002820336932117303,0.002855840419559517,2.656601690253683,0.014767476370598493,-0.014910878069698905
1.6473294658931787,PASSED,-0.265828562966747,-0.0028175236696389456,0.0027848771842228877,2.6566164504241097,0.014752788342248737,-0.014539461869795507
1.6483296659331867,PASSED,-0.2658313791257493,-0.0028147801905129004,0.0027158804205928413,2.6566311960880915,0.014738465582542925,-0.014178291596487674
1.6493298659731948,PASSED,-0.26583419257495716,-0.0028121044953895225,0.0026489049252342405,2.6566459276056364,0.014724497638523066,-0.013827712302108238
1.6503300660132025,PASSED,-0.26583700338112265,-0.0028094945309537433,0.0025840041094766083,2.6566606453261468,0.014710873743931605,-0.013488016117697017
1.6513302660532105,PASSED,-0.2658398116089186,-0.0028069481920311437,0.002521228798014755,2.6566753495881437,0.014697582886085027,-0.01315941899916445
1.6523304660932185,PASSED,-0.26584261732088854,-0.0028044633244621786,0.0024606267495986735,2.656690040719,0.014684613796705997,-0.01284220296560497
1.6533306661332265,PASSED,-0.2658454205773995,-0.002802037728572114,0.002402241983707839,2.6567047190346966,0.014671954950642968,-0.012536608127979009
1.6543308661732345,PASSED,-0.2658482214365964,-0.0027996691601248694,0.0023461194229356156,2.6567193848395885,0.014659594608453364,-0.012242831564020569
1.6553310662132426,PASSED,-0.2658510199543604,-0.0027973553342425404,0.002292296855257385,2.656734038426174,0.014647520809796501,-0.011961110052089148
1.6563312662532506,PASSED,-0.265853816184269,-0.0027950939284991047,0.0022408116688878636,2.656748680074894,0.01463572138737585,-0.011691630666361091
1.6573314662932586,PASSED,-0.2658566101775599,-0.002792882584953045,0.0021916981308409927,2.656763310053943,0.014624184008481495,-0.011434544379680197
1.6583316663332666,PASSED,-0.2658594019830962,-0.00279071891219346,0.002144989178748071,2.6567779286190802,0.014612896148172884,-0.011190070927897837
1.6593318663732746,PASSED,-0.2658621916473357,-0.0027886004897954013,0.0021007112109320864,2.65679253601348,0.01460184513870455,-0.010958301828622853
1.6603320664132826,PASSED,-0.2658649792143025,-0.0027865248706599034,0.0020588910852081727,2.656807132467571,0.01459101816998666,-0.010739413310736997
1.6613322664532906,PASSED,-0.265867764725561,-0.002784489582084155,0.0020195535694419813,2.6568217181989,0.014580402282564605,-0.010533536829598195
1.6623324664932986,PASSED,-0.26587054822019296,-0.0027824921304094143,0.0019827170782732418,2.656836293412032,0.014569984450114638,-0.01034069619688118
1.6633326665333066,PASSED,-0.26587332973477795,-0.0027805300043239416,0.0019483987569389731,2.656850858298416,0.01455975150292388,-0.010161114520008879
1.6643328665733146,PASSED,-0.26587610930337535,-0.002778600675140576,0.0019166161343172935,2.656865413036314,0.014549690193041543,-0.009994773457222333
1.6653330666133226,PASSED,-0.2658788869575102,-0.0027767016010175672,0.0018873794488023714,2.6568799577907196,0.014539787244566019,-0.009841731821061881
1.6663332666533306,PASSED,-0.2658816627261611,-0.0027748302308795163,0.0018606972642162456,2.6568944927132936,0.014530029282320672,-0.00970211586153691
1.6673334666933386,PASSED,-0.26588443663575123,-0.0027729840050340223,0.001836578233012419,2.656909017942313,0.014520402885755521,-0.009575917034224229
1.6683336667333466,PASSED,-0.26588720871014226,-0.0027711603585941495,0.001815025244446595,2.6569235336026513,0.014510894661738626,-0.009463095338674342
1.6693338667733546,PASSED,-0.26588997897063027,-0.0027693567251535945,0.0017960389046279574,2.656938039805745,0.014501491163142071,-0.009363767435144197
1.6703340668133626,PASSED,-0.2658927474359452,-0.002767570538620896,0.0017796182847453436,2.656952536649591,0.01449217892374562,-0.009277887370655779
1.6713342668533706,PASSED,-0.2658955141222526,-0.002765799235176737,0.0017657602171015543,2.656967024218766,0.014482944556701021,-0.009205353493893119
1.6723344668933786,PASSED,-0.2658982790431576,-0.0027640402574322822,0.0017544560960224187,2.656981502584434,0.014473774664620529,-0.009146251138227602
1.6733346669333866,PASSED,-0.26590104220971256,-0.0027622910567628852,0.0017456970516473258,2.6569959718043985,0.014464655880244781,-0.009100473200759466
1.6743348669733946,PASSED,-0.265903803630426,-0.0027605490940883545,0.0017394730897866673,2.657010431923134,0.014455574922948656,-0.00906794669303423
1.6753350670134026,PASSED,-0.2659065633112754,-0.0027588118448201465,0.001735766720488687,2.6570248829718723,0.014446518587010055,-0.009048595435643916
1.6763352670534106,PASSED,-0.2659093212557213,-0.0027570768002585944,0.0017345631222604003,2.657039324968657,0.014437473710914974,-0.00904239653470905
1.6773354670934186,PASSED,-0.26591207746472506,-0.002755341469527249,0.0017358424707357102,2.657053757918449,0.01442842725900205,-0.009049155498399956
1.6783356671334266,PASSED,-0.265914831936768,-0.0027536033830585153,0.001739582467398766,2.657068181813224,0.014419366316912447,-0.009068799817071411
1.6793358671734346,PASSED,-0.2659175846678737,-0.00275186009453734,0.001745759223693315,2.657082596632082,0.014410278049990066,-0.009101244992588567
1.6803360672134426,PASSED,-0.26592033565163214,-0.0027501091827574183,0.0017543468174077584,2.657097002341385,0.014401149787179907,-0.009146274688540007
1.6813362672534506,PASSED,-0.2659230848792267,-0.002748348254933548,0.001765315161512119,2.657111398894887,0.014391969005353035,-0.009203786585759727
1.6823364672934586,PASSED,-0.2659258323394629,-0.0027465749479373604,0.0017786348859716425,2.657125786233897,0.01438272332714876,-0.009273605949952472
1.6833366673334667,PASSED,-0.26592857801879954,-0.0027447869309288764,0.0017942717568251569,2.657140164287424,0.014373400533945127,-0.009355584706085905
1.6843368673734747,PASSED,-0.26593132190138236,-0.0027429819080574125,0.001812190281223162,2.6571545329723745,0.01436398861427086,-0.009449476319722821
1.6853370674134827,PASSED,-0.26593406396907926,-0.0027411576193344554,0.0018323543507803898,2.6571688921937184,0.014354475736177486,-0.009555145942476063
1.6863372674534907,PASSED,-0.2659368042015178,-0.002739311843385881,0.0018547236804367425,2.6571832418446943,0.014344850248997431,-0.009672381338437916
1.6873374674934987,PASSED,-0.26593954257612484,-0.002737442400106511,0.0018792563453256608,2.6571975818070155,0.014335100743531679,-0.009800921550626849
1.6883376675335067,PASSED,-0.2659422790681681,-0.0027355471506827988,0.0019059114759696256,2.657211911951091,0.014325216034825564,-0.00994056680977315
1.6893378675735147,PASSED,-0.26594501365079903,-0.0027336240009119433,0.0019346419674458018,2.657226232136242,0.01431518513180063,-0.01009112716837452
1.6903380676135227,PASSED,-0.2659477462950987,-0.0027316709038643014,0.0019654004344393083,2.657240542210946,0.014304997312641001,-0.010252280487132625
1.6913382676535307,PASSED,-0.2659504769701242,-0.0027296858590244067,0.001998141110198205,2.657254842013082,0.014294642120475131,-0.010423799951695982
1.6923384676935387,PASSED,-0.2659532056429575,-0.002727666915201369,0.002032812298264746,2.65726913137018,0.014284109317217476,-0.010605472128294262
1.6933386677335467,PASSED,-0.26595593227875564,-0.0027256121735596277,0.0020693612040591793,2.657283410099693,0.014273388961252262,-0.010796945189826636
1.6943388677735547,PASSED,-0.2659586568408026,-0.002723519787219815,0.002107736430314969,2.6572976780092605,0.014262471388012298,-0.010997991940052626
1.6953390678135627,PASSED,-0.2659613792905625,-0.002721387962701446,0.002147883243738061,2.657311934896993,0.014251347195324563,-0.011208326519521911
1.6963392678535707,PASSED,-0.26596409958773476,-0.0027192149631415823,0.0021897437706144217,2.6573261805517507,0.014240007279479949,-0.01142764206134368
1.6973394678935787,PASSED,-0.26596681769030966,-0.0027169991080188533,0.002233262690805615,2.657340414753442,0.01422844284075182,-0.01165563650598511
1.6983396679335867,PASSED,-0.26596953355462627,-0.0027147387743333253,0.002278381015342275,2.657354637273337,0.014216645399715932,-0.011891977389156391
1.6993398679735947,PASSED,-0.26597224713543066,-0.002712432399137234,0.002325037983257272,2.657368847874346,0.014204606736021577,-0.01213645456448829
1.7003400680136027,PASSED,-0.26597495838593616,-0.0027100784796844275,0.0023731737658394146,2.6573830463113595,0.014192318983970588,-0.012388617041991996
1.7013402680536107,PASSED,-0.2659776672578838,-0.0027076755739947004,0.002422726972318855,2.657397232331549,0.014179774611596125,-0.012648209262778846
1.7023404680936187,PASSED,-0.26598037370160427,-0.0027052223029328205,0.002473633788253751,2.657411405674706,0.014166966377334677,-0.012914917593896059
1.7033406681336267,PASSED,-0.2659830776660812,-0.0027027173512558164,0.0025258302695047342,2.657425566073555,0.014153887380643446,-0.013188382756119296
1.7043408681736347,PASSED,-0.2659857790990142,-0.002700159466644857,0.0025792541719293263,2.6574397132540994,0.014140531079675443,-0.013468246442592008
1.7053410682136427,PASSED,-0.2659884779468837,-0.0026975474620818253,0.002633838157100018,2.657453846935952,0.014126891249045632,-0.013754220087957458
1.7063412682536507,PASSED,-0.26599117415501605,-0.002694880216766879,0.0026895167535101595,2.6574679668326846,0.014112962013178219,-0.014045913053719146
1.7073414682936587,PASSED,-0.2659938676676494,-0.0026921566751135335,0.0027462249199023655,2.6574820726521553,0.014098737835091675,-0.014343021441761269
1.7083416683336667,PASSED,-0.2659965584279999,-0.0026893758483451827,0.0028038946673164494,2.6574961640968775,0.014084213543312556,-0.014645138670689619
1.7093418683736747,PASSED,-0.265999246378329,-0.0026865368153709645,0.002862458512152402,2.6575102408643576,0.014069384314446081,-0.014951955663665252
1.7103420684136827,PASSED,-0.26600193146001033,-0.0026836387224062983,0.002921849266342056,2.657524302647454,0.014054245665382157,-0.015263111330763801
1.7113422684536908,PASSED,-0.2660046136135977,-0.0026806807830570445,0.0029819994045288123,2.6575383491347195,0.014038793468635272,-0.015578253690967452
1.7123424684936988,PASSED,-0.26600729277889285,-0.002677662279520003,0.0030428396253836844,2.657552380010769,0.014023023971986296,-0.015896991954316503
1.7133426685337068,PASSED,-0.2660099688950137,-0.0026745825620880723,0.0031043026362950503,2.657566394956636,0.014006933773551476,-0.016219002755157655
1.7143428685737148,PASSED,-0.26601264190046275,-0.0026714410493536476,0.0031663194665105285,2.6575803936501265,0.013990519816729625,-0.016543926199644562
1.7153430686137228,PASSED,-0.2660153117331951,-0.0026682372283537027,0.003228822022234525,2.657594375766169,0.013973779401354351,-0.016871408159024527
1.7163432686537308,PASSED,-0.26601797833068713,-0.002664970654314181,0.0032917420510460414,2.657608340977197,0.013956710225705883,-0.01720102064142962
1.7173434686937388,PASSED,-0.26602064163000466,-0.0026616409508291826,0.003355011107633058,2.657622288953472,0.013939310288053737,-0.017532548992624013
1.7183436687337468,PASSED,-0.2660233015678711,-0.0026582478097391306,0.0034185610783312942,2.6576362193634737,0.013921577969502733,-0.017865498256590614
1.7193438687737548,PASSED,-0.2660259580807351,-0.002654790989971625,0.003482325560288533,2.6576501318742283,0.013903512025177393,-0.018199575037838273
1.7203440688137628,PASSED,-0.2660286111048386,-0.0026512703185275505,0.00354623536659842,2.657664026151687,0.013885111537009642,-0.01853443025435938
1.7213442688537708,PASSED,-0.26603126057628385,-0.0026476856897210735,0.0036102244330626716,2.6576779018610557,0.013866375933603587,-0.01886971884051903
1.7223444688937788,PASSED,-0.26603390643110014,-0.00264403706352035,0.0036742273791638283,2.6576917586671613,0.01384730501942599,-0.019205044402315352
1.7233446689337868,PASSED,-0.26603654860531045,-0.002640324466726379,0.0037381764038424132,2.657705596234793,0.013827898933342065,-0.019540113871662608
1.7243448689737948,PASSED,-0.26603918703499707,-0.0026365479918108187,0.0038020072567055358,2.657719414229043,0.013808158133530325,-0.019874590438460273
1.7253450690138028,PASSED,-0.266041821656367,-0.0026327077957754783,0.00386565522109684,2.6577332123156543,0.013788083454042246,-0.020208072187825412
1.7263452690538108,PASSED,-0.266044452405816,-0.002628804099590152,0.003929056828146258,2.657746990161366,0.013767676068433817,-0.020540261222164864
1.7273454690938188,PASSED,-0.26604707921999315,-0.002624837188450534,0.0039921473472660065,2.657760747434224,0.013746937426469544,-0.020870895792346827
1.7283456691338268,PASSED,-0.2660497020358633,-0.0026208074093881937,0.004054866872389269,2.6577744838039337,0.013725869359292368,-0.021199514767059925
1.7293458691738348,PASSED,-0.2660523207907694,-0.002616715171288192,0.004117152251743392,2.65778819894218,0.0137044740356258,-0.02152586293290552
1.7303460692138428,PASSED,-0.26605493542249364,-0.0026125609443613624,0.004178943376886608,2.657801892522937,0.013682753866735448,-0.021849706195317693
1.7313462692538508,PASSED,-0.26605754586931807,-0.0026083452583001063,0.004240181184168765,2.6578155642228,0.013660711637384425,-0.02217057812149085
1.7323464692938588,PASSED,-0.2660601520700836,-0.0026040687012806587,0.004300807576299702,2.6578292137212816,0.01363835045071022,-0.022488259042681934
1.7333466693338668,PASSED,-0.2660627539642482,-0.002599731919265278,0.004360764974767164,2.657842840701131,0.013615673662149821,-0.022802474905544042
1.7343468693738748,PASSED,-0.26606535149194427,-0.0025953356153412023,0.004419996556948419,2.6578564448486213,0.013592684949246371,-0.023112871568719613
1.7353470694138828,PASSED,-0.2660679445940341,-0.0025908805471521945,0.004478449277047628,2.657870025853846,0.013569388293532115,-0.023419178477946695
1.7363472694538908,PASSED,-0.26607053321216523,-0.0025863675269100074,0.004536067552279859,2.657883583411007,0.013545787933019287,-0.02372114853608277
1.7373474694938988,PASSED,-0.2660731172888232,-0.0025817974194500483,0.004592800731745536,2.6578971172186976,0.01352188839685966,-0.024018461241986158
1.7383476695339068,PASSED,-0.26607569676738435,-0.002577171141039448,0.004648596863169837,2.6579106269801653,0.01349769448493561,-0.024310879045428856
1.7393478695739149,PASSED,-0.2660782715921661,-0.00257248965843876,0.004703406425700298,2.6579241124035935,0.013473211256799594,-0.02459812752973997
1.7403480696139229,PASSED,-0.2660808417084769,-0.0025677539868892733,0.004757181632010528,2.65793757320234,0.013448444016685516,-0.024879981836969104
1.7413482696539309,PASSED,-0.26608340706266354,-0.0025629651887328136,0.004809875839425021,2.657951009095215,0.013423398344476738,-0.02515613245664953
1.7423484696939389,PASSED,-0.2660859676021584,-0.0025581243722884416,0.00486144351433609,2.657964419806699,0.013398080034322577,-0.025426428619170594
1.7433486697339469,PASSED,-0.26608852327552407,-0.00255323269047681,0.004911840676494853,2.65797780506719,0.013372495102739235,-0.02569060022612093
1.7443488697739549,PASSED,-0.2660910740324968,-0.0025482913381842764,0.0049610267032262866,2.6579911646132395,0.013346649839077683,-0.02594837261850921
1.7453490698139629,PASSED,-0.2660936198240289,-0.002543301552049634,0.0050089590889198935,2.658004498187756,0.013320550704779251,-0.026199642085047027
1.7463492698539709,PASSED,-0.2660961606023285,-0.0025382646085836524,0.005055599717355715,2.6580178055402293,0.013294204364020006,-0.026444139875378605
1.7473494698939789,PASSED,-0.2660986963208988,-0.002533181821131305,0.005100912609008113,2.6580310864269276,0.01326761772121644,-0.02668164475569225
1.7483496699339869,PASSED,-0.26610122693457466,-0.0025280545399850598,0.005144860171069887,2.658044340611093,0.013240797839842534,-0.026912039119379897
1.7493498699739949,PASSED,-0.26610375239955864,-0.0025228841503978157,0.005187409198026543,2.6580575678631257,0.013213751955737678,-0.027135114095174974
1.750350070014003,PASSED,-0.26610627267345405,-0.002517672069864276,0.005228528090548109,2.658070767960762,0.013186487506204552,-0.02735067315842391
1.751350270054011,PASSED,-0.26610878771529756,-0.002512419747045301,0.005268185971259856,2.658083940689246,0.013159012084087665,-0.027558588089196166
1.752350470094019,PASSED,-0.26611129748558904,-0.002507128660352359,0.005306353840729655,2.6580970858414803,0.013131333412464266,-0.027758727312867524
1.753350670134027,PASSED,-0.2661138019463204,-0.002501800315799605,0.005343005027437005,2.6581102032181825,0.013103459385909143,-0.02795089271663047
1.754350870174035,PASSED,-0.2661163010610022,-0.002496436245277458,0.005378114185286575,2.658123292628024,0.013075398036182549,-0.02813498773323817
1.755351070214043,PASSED,-0.2661187947946889,-0.0024910380046296457,0.005411658289496216,2.6581363538877545,0.013047157490888934,-0.028310917000534074
1.756351270254051,PASSED,-0.2661212831140017,-0.002485607172021988,0.005443615486432237,2.658149386822338,0.013018746028397735,-0.02847849281831102
1.757351470294059,PASSED,-0.2661237659871503,-0.002480145346830869,0.0054739649942438014,2.6581623912650505,0.012990172028676068,-0.02863767099057453
1.758351670334067,PASSED,-0.2661262433839525,-0.002474654146338793,0.005502690823964627,2.6581753670575896,0.012961443941276837,-0.028788365005001888
1.759351870374075,PASSED,-0.266128715275852,-0.002469135204950325,0.005529775098137438,2.658188314050172,0.012932570344017603,-0.028930418762054433
1.760352070414083,PASSED,-0.2661311816359344,-0.0024635901726533316,0.00555520376289658,2.6582012321016104,0.012903559880903645,-0.02906382601522899
1.761352270454091,PASSED,-0.2661336424389415,-0.0024580207124587634,0.005578964482349939,2.658214121079388,0.012874421236671027,-0.02918852304421249
1.762352470494099,PASSED,-0.2661360976612837,-0.0024524284987979964,0.005601046446378617,2.658226980859731,0.012845163200304604,-0.029304378581227416
1.763352670534107,PASSED,-0.26613854728105074,-0.002446815216075117,0.005621440240546804,2.658239811327664,0.012815794605897051,-0.029411404958439056
1.7643528705741147,PASSED,-0.26614099127802027,-0.002441182556279432,0.00564013949911067,2.65825261237704,0.012786324277507732,-0.029509610676572293
1.7653530706141227,PASSED,-0.2661434296336652,-0.002435532218187864,0.0056571371532056144,2.658265383910605,0.012756761140753225,-0.029598820806463793
1.7663532706541307,PASSED,-0.2661458623311588,-0.002429865904354819,0.005672431619603891,2.658278125840005,0.012727114124904432,-0.029679145877012324
1.7673534706941387,PASSED,-0.2661482893553782,-0.002424185320040768,0.005686019443682153,2.6582908380858044,0.012697392118376363,-0.029750580295440966
1.7683536707341467,PASSED,-0.2661507106929063,-0.0024184921717936665,0.005697900782714357,2.658303520577506,0.012667604082483457,-0.029813006291217397
1.7693538707741547,PASSED,-0.2661531263320315,-0.00241278816481617,0.005708077774017431,2.658316173253548,0.012637758970944471,-0.029866515037496544
1.7703540708141627,PASSED,-0.2661555362627459,-0.0024070750015832655,0.00571655353882971,2.658328796061296,0.012607865675557947,-0.029911148952542533
1.7713542708541707,PASSED,-0.26615794047674246,-0.00240135438105514,0.005723331854321952,2.658341388957009,0.012577933078115411,-0.02994689643586347
1.7723544708941787,PASSED,-0.266160338967409,-0.0023956279953285583,0.005728421641422004,2.658353951905838,0.012547970081457301,-0.029973730139607864
1.7733546709341867,PASSED,-0.2661627317298219,-0.002389897529151004,0.005731829201642635,2.658366484881774,0.012517985497322626,-0.029991820131384975
1.7743548709741948,PASSED,-0.2661651187607378,-0.0023841646584563093,0.005733565023395756,2.6583789878676067,0.012487988080213825,-0.030001148427078177
1.7753550710142028,PASSED,-0.26616750005858275,-0.002378431047217191,0.00573364204959968,2.658391460854877,0.012457986580754548,-0.030001733480744724
1.7763552710542108,PASSED,-0.2661698756234412,-0.002372698347575063,0.0057320713704803955,2.658403903843804,0.012427989637592564,-0.029993749616140677
1.7773554710942188,PASSED,-0.2661722454570424,-0.0023669681981066163,0.005728868200423896,2.6584163168432307,0.012398005821670407,-0.029977193459503202
1.7783556711342268,PASSED,-0.2661746095627455,-0.0023612422205087666,0.00572405052946609,2.6584286998705324,0.012368043649222149,-0.029952158440761892
1.7793558711742348,PASSED,-0.26617696794552353,-0.002355522020043157,0.005717633756372453,2.658441052951539,0.012338111520762291,-0.02991877513925529
1.7803560712142428,PASSED,-0.2661793206119451,-0.002349809183948095,0.005709637654188274,2.6584533761204474,0.012308217751325009,-0.02987709896929896
1.7813562712542508,PASSED,-0.2661816675701552,-0.002344105277977211,0.005700084848680798,2.658465669419695,0.012278370533975954,-0.029827296268894306
1.7823564712942588,PASSED,-0.26618400882985466,-0.0023384118473463136,0.005688994485708734,2.6584779328998858,0.012248577977912579,-0.029769395926359438
1.7833566713342668,PASSED,-0.2661863444022776,-0.0023327304150034655,0.005676390914274709,2.6584901666196523,0.012218848064748806,-0.029703591322049895
1.7843568713742748,PASSED,-0.26618867430016835,-0.002327062478068388,0.005662300948946381,2.658502370645532,0.012189188613204265,-0.02963002502619897
1.7853570714142828,PASSED,-0.2661909985377564,-0.0023214095094734807,0.005646747025547432,2.6585145450518475,0.012159607355521497,-0.02954874612048009
1.7863572714542908,PASSED,-0.26619331713073,-0.0023157729552460045,0.0056297590287619865,2.6585266899205653,0.012130111878842359,-0.02945996371824242
1.7873574714942988,PASSED,-0.26619563009620945,-0.002310154232776943,0.005611364762594898,2.6585388053411547,0.01210070959269691,-0.029363834430252176
1.7883576715343068,PASSED,-0.26619793745271775,-0.002304554730696006,0.00559159362649838,2.658550891410428,0.012071407767963133,-0.029260484936125254
1.7893578715743148,PASSED,-0.2662002392201514,-0.002298975807549893,0.005570476159190046,2.658562948232397,0.012042213534146157,-0.029150066404209838
1.7903580716143228,PASSED,-0.26620253541974925,-0.002293418789874148,0.005548045353447843,2.658574975918109,0.0120131338446746,-0.029032771516454482
1.7913582716543308,PASSED,-0.26620482607406054,-0.0022878849717463457,0.005524333310705831,2.658586974585473,0.011984175465390658,-0.028908784462266697
1.7923584716943388,PASSED,-0.266207111206912,-0.0022823756143696525,0.00549937342068464,2.6585989443590896,0.011955345007373814,-0.028778240386562008
1.7933586717343468,PASSED,-0.26620939084337353,-0.0022768919435540544,0.005473202412206914,2.65861088537008,0.01192664890810619,-0.028641338521661435
1.7943588717743548,PASSED,-0.26621166500972343,-0.002271435149945241,0.0054458544065503975,2.6586227977558905,0.011898093391275661,-0.0284983023697738
1.7953590718143628,PASSED,-0.2662139337334127,-0.002266006388465214,0.005417366195677776,2.658634681660113,0.011869684503570444,-0.02834927792884616
1.7963592718543708,PASSED,-0.2662161970430277,-0.002260606775758243,0.00538777704783382,2.658646537232291,0.011841428115623238,-0.02819446129277763
1.7973594718943788,PASSED,-0.26621845496825314,-0.0022552373910102006,0.005357123214847927,2.6586583646277218,0.01181332987148818,-0.028034099363245666
1.7983596719343868,PASSED,-0.26622070753983307,-0.002249899274869856,0.005325444757342343,2.6586701640072516,0.011785395212393702,-0.027868365581964444
1.7993598719743948,PASSED,-0.26622295478953256,-0.002244593428102112,0.005292781441345315,2.65868193553708,0.01175762940347221,-0.02769743781451188
1.8003600720144028,PASSED,-0.266225196750097,-0.002239320811255948,0.005259173782709191,2.6586936793885405,0.011730037470599614,-0.027521596244655038
1.8013602720544108,PASSED,-0.2662274334552124,-0.002234082344620361,0.005224661870839291,2.6587053957379028,0.011702624231583265,-0.027341000864144482
1.8023604720944189,PASSED,-0.2662296649394639,-0.0022288789067398487,0.005189288553627415,2.658717084766135,0.011675394288746794,-0.027155904151354205
1.8033606721344269,PASSED,-0.2662318912382942,-0.002223711334345687,0.00515309495451682,2.658728746658717,0.011648352042093484,-0.026966474987947634
1.8043608721744349,PASSED,-0.2662341123879621,-0.0022185804222950656,0.005116123448024697,2.6587403816053885,0.011621501642496104,-0.026773016003670474
1.8053610722144429,PASSED,-0.26623632842549894,-0.002213486921919633,0.005078418327038286,2.658751989799951,0.011594847028896637,-0.026575678663333612
1.8063612722544509,PASSED,-0.26623853938866654,-0.0022084315419442987,0.005040021074197234,2.658763571440025,0.011568391923307953,-0.026374723538918073
1.8073614722944589,PASSED,-0.2662407453159134,-0.0022034149476505365,0.0050009764401386155,2.6587751267268405,0.011542139813767296,-0.026170366875148045
1.8083616723344669,PASSED,-0.2662429462463314,-0.0021984377602708343,0.0049613280060783254,2.658786655864991,0.011516093948907916,-0.025962863515536828
1.8093618723744749,PASSED,-0.2662451422196116,-0.002193500557427475,0.004921119401546678,2.6587981590622176,0.011490257360346394,-0.025752405258845548
1.8103620724144829,PASSED,-0.2662473332760007,-0.0021886038723366395,0.004880395550361224,2.6588096365291682,0.011464632845264212,-0.025539254964407485
1.8113622724544909,PASSED,-0.2662495194562562,-0.002183748193717207,0.004839200665480582,2.6588210884791716,0.0114392229607945,-0.025323637473245432
1.8123624724944989,PASSED,-0.26625170080160254,-0.0021789339664378756,0.004797578355231903,2.658832515128006,0.011414030044502149,-0.02510576883842368
1.813362672534507,PASSED,-0.2662538773536863,-0.002174161590309885,0.004755574643162681,2.658843916693662,0.011389056195618207,-0.024885902247622726
1.814362872574515,PASSED,-0.26625604915453194,-0.0021694314209199637,0.0047132325544272154,2.658855293396111,0.011364303269303674,-0.024664275692472044
1.815363072614523,PASSED,-0.26625821624649737,-0.002164743769775814,0.004670596870631595,2.658866645457077,0.011339772909004469,-0.024441083370361796
1.816363272654531,PASSED,-0.26626037867222946,-0.002160098903215469,0.004627713020154284,2.658877973099796,0.011315466511104589,-0.024216607586222086
1.817363472694539,PASSED,-0.2662625364746199,-0.002155497044223526,0.004584622973135617,2.6588892765487904,0.011291385239289329,-0.023991047967953164
1.818363672734547,PASSED,-0.26626468969676104,-0.0021509383715937213,0.0045413724009176724,2.658900556029632,0.011267530031707326,-0.02376464732470204
1.819363872774555,PASSED,-0.2662668383819019,-0.0021464230198084857,0.004498004708114532,2.6589118117687267,0.01124390161283558,-0.023537599903110124
1.820364072814563,PASSED,-0.26626898257340476,-0.002141951080310977,0.0044545626904384395,2.6589230439930653,0.011220500448445995,-0.02331020738056709
1.821364272854571,PASSED,-0.2662711223147013,-0.0021375226009539253,0.004411090468127299,2.6589342529300097,0.01119732678753267,-0.023082629935163246
1.822364472894579,PASSED,-0.2662732576492502,-0.0021331375872478625,0.004367629198020226,2.6589454388070624,0.01117438067496634,-0.022855100987111146
1.823364672934587,PASSED,-0.2662753886204938,-0.002128796001829116,0.004324222899230768,2.6589566018516453,0.011151661909189871,-0.022627875636041718
1.824364872974595,PASSED,-0.26627751527181637,-0.0021244977648069378,0.004280913104143003,2.6589677422908773,0.011129170074506095,-0.022401140715601862
1.825365073014603,PASSED,-0.26627963764650175,-0.0021202427554071882,0.004237740263486618,2.6589788603513504,0.011106904539635452,-0.02217513097400382
1.826365273054611,PASSED,-0.2662817557876925,-0.002116030812004103,0.00419474549615061,2.6589899562589308,0.01108486447429928,-0.021950021577619522
1.827365473094619,PASSED,-0.26628386973834867,-0.002111861731519142,0.004151970477501091,2.6590010302385108,0.011063048787805731,-0.021726129770836353
1.828365673134627,PASSED,-0.266285979541208,-0.0021077352710959594,0.004109453720304365,2.6590120825138372,0.011041456228471181,-0.02150351237702682
1.829365873174635,PASSED,-0.26628808523874575,-0.0021036511493607523,0.004067233745142237,2.6590231133072795,0.011020085342415515,-0.021282468508092022
1.830366073214643,PASSED,-0.26629018687313605,-0.002099609045217816,0.004025351074798696,2.659034122839626,0.010998934409194775,-0.021063243029174058
1.831366273254651,PASSED,-0.26629228448621345,-0.0020956085999434848,0.003983841407353813,2.6590451113298994,0.010978001579369777,-0.020845887688879166
1.832366473294659,PASSED,-0.266294378119435,-0.0020916494179259526,0.003942742424318116,2.659056078995134,0.010957284783855863,-0.020630734063935993
1.833366673334667,PASSED,-0.26629646781384403,-0.002087731066471458,0.0039020908079459102,2.6590670260502094,0.010936781739691703,-0.02041791756431045
1.834366873374675,PASSED,-0.2662985536100332,-0.0020838530771134637,0.0038619217246927194,2.659077952707641,0.010916490009277113,-0.020207605648108223
1.835367073414683,PASSED,-0.26630063554810945,-0.002080014946755794,0.0038222694463214304,2.659088859177405,0.010896406961180412,-0.020000009729094586
1.836367273454691,PASSED,-0.26630271366765995,-0.0020762161383729486,0.0037831676738607385,2.6590997456667513,0.010876529768680962,-0.01979531434635255
1.837367473494699,PASSED,-0.2663047880077176,-0.0020724560810144025,0.003744650481669523,2.659110612380036,0.010856855457939333,-0.019593641671815692
1.838367673534707,PASSED,-0.2663068586067289,-0.0020687341716671644,0.003706748590949961,2.659121459518538,0.010837380869978699,-0.01939521881984668
1.839367873574715,PASSED,-0.2663089255025218,-0.0020650497765468427,0.0036694928065700927,2.6591322872803063,0.010818102680813435,-0.019200169395545964
1.840368073614723,PASSED,-0.2663109887322746,-0.0020614022305497177,0.003632914790827853,2.6591430958599735,0.010799017399576947,-0.019008689130447703
1.841368273654731,PASSED,-0.2663130483324863,-0.002057790839114301,0.003597042531809443,2.659153885448633,0.010780121412756713,-0.018820851946761048
1.842368473694739,PASSED,-0.26631510433894745,-0.0020542148796536056,0.003561904079953179,2.6591646562336577,0.010761410928024828,-0.018636906588637283
1.843368673734747,PASSED,-0.2663171567867121,-0.00205067360215676,0.0035275264414406475,2.659175408398567,0.010742881998379507,-0.018456945016442763
1.844368873774755,PASSED,-0.2663192057100708,-0.002047166229397695,0.0034939369708146375,2.659186142122881,0.010724530577097212,-0.018281072126196514
1.845369073814763,PASSED,-0.26632125114252464,-0.0020436919588582014,0.003461159585279518,2.65919685758199,0.010706352463645112,-0.01810947433603426
1.846369273854771,PASSED,-0.2663232931167605,-0.00204024996478255,0.0034292170692323217,2.659207554947014,0.010688343308861792,-0.017942275081511312
1.847369473894779,PASSED,-0.26632533166462713,-0.0020368393967459568,0.0033981353481675244,2.659218234384691,0.010670498681959715,-0.01777952811578586
1.848369673934787,PASSED,-0.2663273668171123,-0.002033459382216524,0.0033679339836087062,2.659228896057244,0.010652814013925574,-0.017621427979710926
1.849369873974795,PASSED,-0.26632939860432125,-0.0020301090289959753,0.00333863271184219,2.6592395401222775,0.010635284610610925,-0.017468053537944214
1.850370074014803,PASSED,-0.2663314270554563,-0.0020267874235132747,0.003310253996606758,2.6592501667326656,0.010617905706339505,-0.017319471427071704
1.851370274054811,PASSED,-0.2663334521987973,-0.0020234936333605722,0.003282814256766443,2.6592607760364526,0.01060067242086116,-0.017175828179193633
1.852370474094819,PASSED,-0.26633547406168334,-0.002020226709574557,0.0032563301388473585,2.6592713681767544,0.010583579765131461,-0.01703720743003772
1.853370674134827,PASSED,-0.26633749267049595,-0.0020169856858711986,0.003230819413033003,2.659281943291674,0.010566622694557421,-0.016903646003375114
1.854370874174835,PASSED,-0.26633950805064244,-0.0020137695799656526,0.003206296900554022,2.659292501514211,0.010549796064930473,-0.016775285375996995
1.855371074214843,PASSED,-0.266341520226542,-0.002010577396856831,0.0031827739143336065,2.6593030429721853,0.010533094646453722,-0.01665217387725186
1.856371274254851,PASSED,-0.2663435292216113,-0.0020074081276406025,0.003160266084158681,2.6593135677881743,0.01051651317530361,-0.01653433599868517
1.857371474294859,PASSED,-0.26634553505825254,-0.002004260750989017,0.003138783696536455,2.659324076079436,0.010500046298373738,-0.016421904217329423
1.858371674334867,PASSED,-0.26634753775784176,-0.0020011342357146395,0.003118336326271459,2.659334567957855,0.010483688602751267,-0.016314889892564036
1.859371874374875,PASSED,-0.26634953734071887,-0.0019980275409668207,0.0030989336955167973,2.6593450435298873,0.010467434644416428,-0.016213337296356295
1.860372074414883,PASSED,-0.2663515338261788,-0.001994939617185067,0.0030805838392448364,2.6593555028965175,0.010451278928813016,-0.016117301141447445
1.861372274454891,PASSED,-0.2663535272324634,-0.0019918694075254303,0.003063293539897955,2.6593659461532146,0.010435215916287087,-0.016026820115582287
1.862372474494899,PASSED,-0.26635551757675524,-0.001988815849749593,0.0030470672664640198,2.659376373389899,0.010419240044975839,-0.01594190544169204
1.863372674534907,PASSED,-0.26635750487517157,-0.0019857778760294987,0.0030319113558470905,2.6593867846909065,0.01040334571504674,-0.015862612920702564
1.864372874574915,PASSED,-0.2663594891427606,-0.001982754414947794,0.0030178275656102477,2.6593971801349805,0.01038752732323004,-0.015788911080697788
1.865373074614923,PASSED,-0.266361470393498,-0.001979744392970895,0.0030048182510916373,2.659407559795241,0.010371779246364695,-0.015720854055112688
1.866373274654931,PASSED,-0.26636344864028505,-0.0019767467347669614,0.002992884839160958,2.6594179237391797,0.010356095836331526,-0.015658447351872294
1.867373474694939,PASSED,-0.26636542389494755,-0.0019737603645089466,0.002982027203917029,2.659428272028659,0.010340471475941842,-0.015601635748225273
1.868373674734947,PASSED,-0.26636739616823646,-0.001970784207704779,0.0029722432043350583,2.6594386047199032,0.010324900528234584,-0.015550489013280886
1.869373874774955,PASSED,-0.266369365469829,-0.00196781719142418,0.0029635316647744717,2.659448921863521,0.010309377368727899,-0.01550493983562256
1.870374074814963,PASSED,-0.266371331808331,-0.0019648582457103894,0.0029558884131346917,2.6594592235045043,0.010293896405891092,-0.015464978170927303
1.871374274854971,PASSED,-0.26637329519128106,-0.001961906305420726,0.002949308207349862,2.6594695096822516,0.010278452043897745,-0.015430617874960107
1.872374474894979,PASSED,-0.2663752556251545,-0.0019589603096867116,0.0029437874184568627,2.6594797804305954,0.010263038731906135,-0.015401774736045686
1.873374674934987,PASSED,-0.2663772131153698,-0.001956019204501163,0.0029393170302763273,2.659490035777833,0.010247650959700696,-0.015378437185034222
1.874374874974995,PASSED,-0.2663791676662948,-0.0019530819431473596,0.0029358909028217098,2.65950027574675,0.010232283219149728,-0.015360609461592335
1.8753750750150031,PASSED,-0.26638111928125485,-0.0019501474867477844,0.002933500064078003,2.659510500354682,0.010216930090049921,-0.015348142191950537
1.8763752750550111,PASSED,-0.2663830679625417,-0.0019472148066501408,0.0029321334533539798,2.6595207096135356,0.010201586173362389,-0.015341099684585255
1.8773754750950191,PASSED,-0.2663850137114229,-0.0019442828837759841,0.002931782488025333,2.6595309035298675,0.010186246130292231,-0.01533933866053996
1.878375675135027,PASSED,-0.26638695652815336,-0.0019413507105382679,0.002932433737510251,2.6595410821049175,0.010170904687997556,-0.015342844717431242
1.879375875175035,PASSED,-0.2663888964119865,-0.001938417292168568,0.002934074791159956,2.659551245334681,0.01015555662325013,-0.015351544767424938
1.880376075215043,PASSED,-0.2663908333611873,-0.0019354816461552302,0.002936693494789839,2.6595613932099837,0.010140196808143195,-0.015365328666608506
1.881376275255051,PASSED,-0.26639276737304585,-0.0019325428048004973,0.002940273261361545,2.6595715257165287,0.01012482015242097,-0.015384207092635766
1.882376475295059,PASSED,-0.266394698443892,-0.0019295998155601085,0.002944799893073456,2.6595816428349988,0.010109421666542646,-0.015408005068781521
1.883376675335067,PASSED,-0.26639662656911084,-0.0019266517409381946,0.0029502577744743084,2.6595917445411277,0.010093996466748668,-0.015436662944109234
1.884376875375075,PASSED,-0.2663985517431586,-0.0019236976606333983,0.0029566286583446303,2.659601830805775,0.010078539697987363,-0.015470172639437185
1.885377075415083,PASSED,-0.2664004739595801,-0.0019207366720929223,0.002963895128563704,2.6596119015950332,0.01006304663823847,-0.015508317821863517
1.886377275455091,PASSED,-0.2664023932110268,-0.001917767890793681,0.0029720387463597147,2.659621956870308,0.010047512673685964,-0.015551062372933215
1.887377475495099,PASSED,-0.2664043094892752,-0.0019147904512008401,0.002981040157161148,2.6596319965884256,0.010031933250882355,-0.015598329757395795
1.888377675535107,PASSED,-0.2664062227852462,-0.0019118035077528522,0.0029908789752057146,2.659642020701724,0.01001630393375348,-0.015649975376529856
1.889377875575115,PASSED,-0.2664081330890257,-0.001908806235524829,0.003001534396568238,2.659652029158171,0.010000620419554558,-0.015705873413849884
1.890378075615123,PASSED,-0.2664100403898849,-0.0019057978304192875,0.0030129855781902974,2.6596620219014695,0.009984878495567591,-0.01576595770237711
1.891378275655131,PASSED,-0.2664119446763024,-0.0019027775103970309,0.0030252096516339977,2.6596719988711546,0.009969074030766464,-0.015830136200291434
1.892378475695139,PASSED,-0.266413845935986,-0.001899744516454168,0.0030381834703490217,2.659681960002737,0.00995320307920648,-0.015898161799778997
1.893378675735147,PASSED,-0.26641574415589553,-0.001896698111528618,0.0030518858956838355,2.6596919052278043,0.00993726179047098,-0.015970040025981253
1.894378875775155,PASSED,-0.26641763932226636,-0.0018936375830237596,0.0030662902443083424,2.6597018344741468,0.009921246392729066,-0.016045636219202294
1.895379075815163,PASSED,-0.2664195314206333,-0.0018905622428518622,0.003081373456956486,2.6597117476658845,0.00990515329726582,-0.01612473495927774
1.896379275855171,PASSED,-0.26642142043585476,-0.0018874714264172272,0.0030971117530874804,2.6597216447235925,0.009888979039341267,-0.01620727323473817
1.897379475895179,PASSED,-0.2664233063521383,-0.0018843644954562404,0.0031134770995863027,2.659731525564434,0.009872720247017635,-0.016293138382890992
1.898379675935187,PASSED,-0.26642518915306546,-0.001881240837381421,0.003130445391641244,2.6597413901022975,0.009856373720240704,-0.016382119039626733
1.899379875975195,PASSED,-0.2664270688216178,-0.0018780998642385033,0.0031479916437689424,2.6597512382479214,0.00983993639079652,-0.01647413638055258
1.900380076015203,PASSED,-0.2664289453402035,-0.001874941016408367,0.0031660852877146177,2.65976106990904,0.009823405305202655,-0.0165690517360768
1.901380276055211,PASSED,-0.2664308186906834,-0.001871763760156189,0.003184703561820268,2.659770884990526,0.009806777679659496,-0.016666674747881464
1.902380476095219,PASSED,-0.2664326888543982,-0.0018685675879009083,0.003203818050920811,2.6597806833945166,0.009790050852663972,-0.01676692849395016
1.903380676135227,PASSED,-0.2664345558121961,-0.0018653520218455577,0.0032233980583033952,2.6597904650205764,0.009773222316726322,-0.01686960756678469
1.904380876175235,PASSED,-0.26643641954445996,-0.0018621166104310838,0.0032434203185878175,2.6598002297658243,0.009756289704938574,-0.016974614601722712
1.905381076215243,PASSED,-0.26643828003113496,-0.0018588609288596398,0.0032638557400147357,2.6598099775250916,0.009739250796943535,-0.017081770257250543
1.906381276255251,PASSED,-0.26644013725175736,-0.0018555845833832703,0.003284671967272919,2.659819708191063,0.009722103524831134,-0.01719094001583319
1.907381476295259,PASSED,-0.266441991185482,-0.0018522872067889223,0.0033058463457314394,2.6598294216544263,0.009704845963863165,-0.01730197493606079
1.908381676335267,PASSED,-0.266443841811111,-0.0018489684591896,0.003327348435049339,2.6598391178040153,0.009687476331344558,-0.017414737573635326
1.909381876375275,PASSED,-0.26644568910712235,-0.0018456280321218353,0.003349146156241852,2.6598487965269735,0.009669993015914912,-0.01752903400031922
1.910382076415283,PASSED,-0.2664475330516983,-0.0018422656440382412,0.0033712160351624756,2.659858457708886,0.009652394535915465,-0.017644777332197974
1.911382276455291,PASSED,-0.2664493736227542,-0.0018388810415715094,0.0033935267544444475,2.659868101233942,0.009634679559823677,-0.017761775264848442
1.912382476495299,PASSED,-0.26645121079796724,-0.0018354740015638826,0.003416048843081759,2.6598777269850866,0.009616846935403201,-0.017879857190893467
1.913382676535307,PASSED,-0.26645304455480506,-0.0018320443288335495,0.003438755321834119,2.6598873348441567,0.00959889561938602,-0.017998955234708944
1.914382876575315,PASSED,-0.2664548748705543,-0.0018285918563042051,0.0034616173343508905,2.6598969246920476,0.009580824737446916,-0.01811883307536612
1.915383076615323,PASSED,-0.2664567017223498,-0.0018251164469452795,0.0034846040419753577,2.6599064964088557,0.009562633587496266,-0.018239361200838907
1.916383276655331,PASSED,-0.26645852508720264,-0.0018216179913800353,0.0035076899140902428,2.659916049874032,0.009544321584486011,-0.018360430883198553
1.917383476695339,PASSED,-0.26646034494202875,-0.001818096407796156,0.003530846030405619,2.6599255849665218,0.009525888290121581,-0.018481870018585228
1.918383676735347,PASSED,-0.26646216126367717,-0.001814551644245655,0.003554041897231016,2.659935101564925,0.00950733344757037,-0.01860349090629625
1.919383876775355,PASSED,-0.26646397402895855,-0.0018109836765693532,0.00357725152901555,2.6599445995476336,0.009488656922637348,-0.018725214284172186
1.920384076815363,PASSED,-0.2664657832146727,-0.0018073925069364645,0.0036004483688040685,2.6599540787929916,0.009469858728159523,-0.018846847940258614
1.921384276855371,PASSED,-0.26646758879763627,-0.00180377816661659,0.0036236016205882142,2.6599635391794214,0.0094509390239307,-0.01896827508786931
1.922384476895379,PASSED,-0.2664693907547109,-0.0018001407147836927,0.0036466853077698914,2.659972980585578,0.009431898107695761,-0.01908934366631697
1.923384676935387,PASSED,-0.26647118906282946,-0.001796480235339297,0.0036696755354794454,2.6599824028905044,0.009412736452020955,-0.01920986368046885
1.924384876975395,PASSED,-0.26647298369902384,-0.0017927968406857842,0.0036925407322016563,2.659991805973747,0.009393454621517817,-0.01932980838491489
1.925385077015403,PASSED,-0.2664747746404511,-0.0017890906705045903,0.0037152564805219513,2.6600011897155116,0.009374053330316039,-0.019448946413020578
1.926385277055411,PASSED,-0.26647656186441976,-0.0017853618881595518,0.0037377995880498002,2.660010553996801,0.009354533475264399,-0.019567127477383837
1.927385477095419,PASSED,-0.2664783453484158,-0.0017816106839030686,0.0037601407021057055,2.66001989869954,0.009334896028207864,-0.01968432677596778
1.928385677135427,PASSED,-0.26648012507012786,-0.0017778372738925902,0.0037822562160600634,2.660029223706722,0.009315142111747632,-0.019800309583072558
1.929385877175435,PASSED,-0.26648190100747277,-0.0017740418982872712,0.003804121864825155,2.660038528902524,0.009295273000128008,-0.01991497964399064
1.930386077215443,PASSED,-0.2664836731386195,-0.001770224821413596,0.003825713546242251,2.6600478141724615,0.009275290085460181,-0.02002820468371706
1.931386277255451,PASSED,-0.2664854414420139,-0.0017663863324906331,0.0038470058407767075,2.6600570794034843,0.009255194859460098,-0.020139906877661953
1.932386477295459,PASSED,-0.26648720589640223,-0.001762526743415217,0.003867977898509085,2.6600663244841196,0.009234988958939976,-0.02024989628176347
1.933386677335467,PASSED,-0.26648896648085396,-0.001758646388754103,0.0038886058361843473,2.6600755493045933,0.009214674162132452,-0.0203580638246966
1.934386877375475,PASSED,-0.2664907231747849,-0.001754745626504318,0.00390886652551832,2.6600847537569385,0.009194252319881396,-0.02046436120196194
1.935387077415483,PASSED,-0.2664924759579789,-0.0017508248356539811,0.003928740400216171,2.6600939377351174,0.0091737254085735,-0.02056861137851623
1.936387277455491,PASSED,-0.26649422481060964,-0.0017468844161407239,0.00394820558861775,2.660103101135141,0.009153095561359048,-0.020670671105079495
1.937387477495499,PASSED,-0.2664959697132616,-0.0017429247899978634,0.003967239845688878,2.6601122438551617,0.00913236495702942,-0.020770559812661897
1.9383876775355071,PASSED,-0.26649771064695016,-0.0017389463975167132,0.00398582757145736,2.660121365795598,0.00911153590110238,-0.020868053336623813
1.9393878775755151,PASSED,-0.2664994475931415,-0.0017349496993359062,0.004003945253706852,2.660130466859224,0.009090610831039013,-0.020963081214531432
1.9403880776155231,PASSED,-0.2665011805337718,-0.001730935175617676,0.004021576027912207,2.6601395469512785,0.009069592242955483,-0.021055592662858367
1.9413882776555311,PASSED,-0.2665029094512656,-0.0017269033231338427,0.0040387034544477176,2.66014860597956,0.009048482739452824,-0.021145444062529526
1.9423884776955391,PASSED,-0.26650463432855376,-0.0017228546571602425,0.004055307653035287,2.6601576438545185,0.009027285033068209,-0.021232547932673738
1.9433886777355471,PASSED,-0.26650635514909055,-0.0017187897099415123,0.004071373595859615,2.660166660489343,0.009006001899312555,-0.021316857637643336
1.9443888777755551,PASSED,-0.26650807189687004,-0.0017147090290248572,0.004086885797185734,2.660175655800057,0.008984636211933085,-0.021398240540687657
1.9453890778155631,PASSED,-0.2665097845564421,-0.0017106131781556835,0.0041018275838323745,2.6601846297055913,0.008963190929269954,-0.02147664407809476
1.9463892778555711,PASSED,-0.2665114931129273,-0.001706502735728173,0.004116185656629145,2.6601935821278637,0.00894166906509213,-0.021552010910973456
1.9473894778955791,PASSED,-0.2665131975520315,-0.0017023782935767318,0.004129946481316342,2.66020251299187,0.008920073744112333,-0.021624194359010553
1.9483896779355871,PASSED,-0.2665148978600594,-0.001698240457747636,0.00414309539428185,2.660211422225731,0.008898408129630131,-0.021693227897662554
1.9493898779755952,PASSED,-0.26651659402392747,-0.0016940898463902857,0.004155621999395941,2.6602203097607786,0.008876675446061171,-0.021758987349825034
1.9503900780156032,PASSED,-0.2665182860311762,-0.0016899270890140055,0.004167514294203418,2.6602291755316148,0.008854879018183364,-0.021821388229796356
1.9513902780556112,PASSED,-0.2665199738699817,-0.0016857528273877735,0.004178759847584289,2.66023801947617,0.008833022198334468,-0.02188044092829592
1.9523904780956192,PASSED,-0.2665216575291662,-0.001681567712741591,0.004189351178581644,2.660246841535759,0.008811108382768584,-0.02193606532427509
1.9533906781356272,PASSED,-0.2665233369982082,-0.0016773724061232898,0.004199276911447204,2.660255641655138,0.00878914105642599,-0.021988167021478162
1.9543908781756352,PASSED,-0.2665250122672516,-0.0016731675775182207,0.004208529734150561,2.660264419782552,0.008767123733532188,-0.022036760142016405
1.9553910782156432,PASSED,-0.2665266833271144,-0.001668953905092926,0.004217100886057483,2.6602731758697673,0.008745059934949728,-0.02208182420942092
1.9563912782556512,PASSED,-0.26652835016929605,-0.0016647320742963988,0.004224984070173693,2.660281909872137,0.008722953285766638,-0.022123199165534072
1.9573914782956592,PASSED,-0.2665300127859848,-0.0016605027769346047,0.00423217288954116,2.6602906217486075,0.008700807404643228,-0.022161002428659416
1.9583916783356672,PASSED,-0.2665316711700636,-0.001656266710873385,0.004238661509005116,2.6602993114617752,0.00867862592703401,-0.02219512772959153
1.9593918783756752,PASSED,-0.26653332531511575,-0.0016520245789965853,0.004244445455329746,2.6603079789779027,0.008656412559241246,-0.022225527834881225
1.9603920784156832,PASSED,-0.2665349752154294,-0.0016477770885995166,0.004249520358227618,2.66031662426695,0.00863417100957493,-0.022252230887268153
1.9613922784556912,PASSED,-0.2665366208660016,-0.0016435249502836213,0.00425388362100719,2.6603252473025836,0.008611904974072212,-0.022275238579684116
1.9623924784956992,PASSED,-0.26653826226254157,-0.0016392688775917728,0.004257532072409376,2.660333848062208,0.00858961821172154,-0.022294444864663393
1.9633926785357072,PASSED,-0.26653989940147294,-0.001635009586257522,0.004260464175478701,2.6603424265269706,0.008567314484956704,-0.022309914698286182
1.9643928785757152,PASSED,-0.2665415322799353,-0.0016307477926843653,0.004262679838275313,2.6603509826817726,0.008544997526495552,-0.022321654303062134
1.9653930786157232,PASSED,-0.26654316089578567,-0.001626484214796839,0.004264176587026654,2.6603595165152685,0.008522671096501495,-0.02232961378805453
1.9663932786557312,PASSED,-0.26654478524759806,-0.0016222195698843344,0.004264957129490072,2.6603680280198754,0.008500338974061647,-0.022333794874376017
1.9673934786957392,PASSED,-0.2665464053346634,-0.0016179545739927513,0.004265021732978319,2.6603765171917613,0.008478004894559263,-0.022334269254391886
1.9683936787357472,PASSED,-0.26654802115698795,-0.0016136899420314142,0.004264372113576465,2.6603849840308533,0.00845567261101347,-0.022330959740057783
1.9693938787757552,PASSED,-0.2665496327152917,-0.0016094263865516034,0.004263011057300394,2.660393428540809,0.00843334586207281,-0.02232394174106152
1.9703940788157632,PASSED,-0.2665512400110054,-0.0016051646167587709,0.004260942283187461,2.660401850729015,0.00841102835195141,-0.022313222374958804
1.9713942788557712,PASSED,-0.2665528430462671,-0.0016009053381444126,0.00425816950180537,2.660410250606561,0.008388723783070689,-0.02229879988456257
1.9723944788957792,PASSED,-0.26655444182391846,-0.0015966492526083152,0.004254696225625285,2.660418628188227,0.008366435840137262,-0.02228070496600467
1.9733946789357872,PASSED,-0.26655603634749975,-0.00159239705598898,0.00425053021514171,2.660426983492455,0.008344168164575816,-0.022258989291742533
1.9743948789757952,PASSED,-0.2665576266212443,-0.0015881494381355396,0.004245676278972749,2.6604353165413173,0.008321924368716833,-0.022233666903808656
1.9753950790158032,PASSED,-0.26655921265007293,-0.0015839070839864743,0.004240139395793812,2.6604436273604897,0.008299708049203075,-0.02220475458705851
1.9763952790558112,PASSED,-0.2665607944395865,-0.001579670670216273,0.004233930019806524,2.660451915979211,0.00827752274701809,-0.02217233391693768
1.9773954790958193,PASSED,-0.26656237199605937,-0.0015754408658576727,0.004227053917795844,2.6604601824302456,0.008255371960213927,-0.022136422062314972
1.9783956791358273,PASSED,-0.2665639453264306,-0.0015712183321678049,0.004219520204582677,2.6604684267498544,0.008233259179836886,-0.022097019253523253
1.9793958791758353,PASSED,-0.2665655144382961,-0.0015670037215977063,0.004211337480442635,2.6604766489777276,0.008211187804645859,-0.022054279149363535
1.9803960792158433,PASSED,-0.26656707933989915,-0.001562797676265038,0.004202517234151648,2.6604848491569526,0.008189161192237277,-0.022008167914726096
1.9813962792558513,PASSED,-0.26656864004012054,-0.0015586008291160506,0.004193067092211373,2.660493027333959,0.008167182686219375,-0.021958731420017776
1.9823964792958593,PASSED,-0.26657019654846836,-0.0015544138025964673,0.0041829994711647,2.660501183558468,0.008145255540342658,-0.02190608884785058
1.9833966793358673,PASSED,-0.26657174887506724,-0.0015502372070565137,0.00417232625247938,2.6605093178834207,0.008123382927478204,-0.021850295542190264
1.9843968793758753,PASSED,-0.266573297030647,-0.0015460716423701592,0.004161056975604403,2.660517430364937,0.00810156801552484,-0.02179132289414595
1.9853970794158833,PASSED,-0.26657484102653045,-0.0015419176953111696,0.004149207114579663,2.660525521062251,0.008079813899629697,-0.02172931122914212
1.9863972794558913,PASSED,-0.2665763808746213,-0.0015377759402880225,0.004136786962192055,2.66053359003763,0.008058123547674132,-0.02166437910651195
1.9873974794958993,PASSED,-0.2665779165873912,-0.0015336469393111185,0.004123810320045288,2.660541637356324,0.008036499918357712,-0.021596462789692208
1.9883976795359073,PASSED,-0.2665794481778662,-0.0015295312395005672,0.00411029280422229,2.6605496630864915,0.008014945911331872,-0.021525703183271357
1.9893978795759153,PASSED,-0.26658097565961336,-0.0015254293750867076,0.004096245486950803,2.6605576672991176,0.007993464282275967,-0.02145224630432496
1.9903980796159233,PASSED,-0.26658249904672604,-0.0015213418655013013,0.004081685651043218,2.6605656500679555,0.00797205776833602,-0.021376025697027578
1.9913982796559313,PASSED,-0.26658401835380974,-0.001517269214950779,0.004066627150174998,2.660573611469438,0.007950729037758921,-0.02129720049714675
1.992398479695939,PASSED,-0.2665855335959668,-0.0015132119131358716,0.004051084924729182,2.6605815515826032,0.007929480623669652,-0.021215889817351466
1.993398679735947,PASSED,-0.26658704478878115,-0.0015091704336160383,0.004035075916569677,2.660589470489011,0.007908315013616458,-0.021132090210422422
1.994398879775955,PASSED,-0.26658855194830233,-0.0015051452342442662,0.00401861500857353,2.6605973682726685,0.007887234633746099,-0.021045906310313833
1.995399079815963,PASSED,-0.26659005509102984,-0.0015011367570478987,0.004001718654897047,2.6606052450199327,0.007866241771478674,-0.020957499572166804
1.996399279855971,PASSED,-0.26659155423389624,-0.001497145426466064,0.003984405199793047,2.6606131008194414,0.007845338662486887,-0.020866848604867823
1.997399479895979,PASSED,-0.266593049394251,-0.0014931716512039202,0.003966688637044281,2.660620935762008,0.007824527459238484,-0.0207741063440949
1.998399679935987,PASSED,-0.266594540589843,-0.0014892158223459768,0.0039485890052093795,2.660628749940543,0.007803810190500084,-0.020679377001270538
1.999399879975995,PASSED,-0.26659602783880376,-0.001485278313542702,0.003930122001985315,2.6606365434499653,0.007783188831316675,-0.020582680638167306
2.000400080016003,PASSED,-0.2665975111596297,-0.0014813594810526654,0.003911306148737194,2.6606443163871023,0.007762665249693554,-0.02048418227975653
2.001400280056011,PASSED,-0.26659899057116476,-0.0014774596637017183,0.003892158152420246,2.6606520688506095,0.007742241214601244,-0.02038393696734484
2.002400480096019,PASSED,-0.26660046609258203,-0.0014735791815382673,0.003872698170804626,2.660659800940862,0.0077219184047599854,-0.020282058423867506
2.003400680136027,PASSED,-0.2666019377433665,-0.001469718337261382,0.003852941680938671,2.660667512759875,0.00770169841553306,-0.020178609762295897
2.004400880176035,PASSED,-0.2666034055432958,-0.001465877414845758,0.003832909572081479,2.660675204411198,0.00768158273073445,-0.02007373482281987
2.005401080216043,PASSED,-0.2666048695124231,-0.0014620566799943635,0.0038126183709366558,2.6606828759998145,0.007661572726928977,-0.01996751646057359
2.006401280256051,PASSED,-0.2666063296710577,-0.0014582563802945335,0.0037920872524258025,2.6606905276320663,0.00764166973147573,-0.019859981448362235
2.007401480296059,PASSED,-0.26660778603974683,-0.0014544767438914657,0.0037713358368290173,2.660698159415537,0.007621874936295039,-0.01975133766890971
2.008401680336067,PASSED,-0.2666092386392572,-0.0014507179811196523,0.0037503807284694356,2.6607057714589555,0.007602189414283788,-0.01964164490614318
2.009401880376075,PASSED,-0.2666106874905561,-0.0014469802834081696,0.003729242366824668,2.660713363872111,0.007582614199402796,-0.019530928197557838
2.010402080416083,PASSED,-0.2666121326147927,-0.0014432638226899539,0.0037079396191431312,2.6607209367657445,0.0075631502003239695,-0.0194193796663393
2.011402280456091,PASSED,-0.2666135740332795,-0.0014395687534835113,0.003686488931308908,2.660728490251449,0.00754379818988492,-0.01930709762085567
2.012402480496099,PASSED,-0.26661501176747343,-0.0014358952109775208,0.0036649115557783585,2.660736024441582,0.00752455890691111,-0.019194073209113788
2.013402680536107,PASSED,-0.2666164458389572,-0.0014322433110110036,0.0036432255736765376,2.660743539449158,0.007505432965893929,-0.019080519555893145
2.014402880576115,PASSED,-0.26661787626942074,-0.0014286131516998155,0.0036214484695293223,2.660751035387751,0.007486420849253367,-0.0189665146970099
2.015403080616123,PASSED,-0.2666193030806426,-0.001425004812774717,0.003599599228811209,2.660758512371406,0.007467522999840392,-0.0188520725569506
2.016403280656131,PASSED,-0.2666207262944709,-0.0014214183542274523,0.003577698092900337,2.660765970514531,0.007448739739453007,-0.018737385607674056
2.017403480696139,PASSED,-0.26662214593280603,-0.0014178538188177464,0.003555760287576385,2.660773409931807,0.007430071267459241,-0.018622529584493307
2.018403680736147,PASSED,-0.26662356201758125,-0.0014143112309702235,0.0035338062208206734,2.6607808307380907,0.00741151772798904,-0.018507546060672803
2.019403880776155,PASSED,-0.2666249745707449,-0.001410790596112473,0.0035118539490373193,2.66078823304832,0.007393079162550649,-0.01839257835687051
2.020404080816163,PASSED,-0.2666263836142427,-0.0014072919028419219,0.003489919484893768,2.6607956169774143,0.007374755485059539,-0.018277743580603415
2.021404280856171,PASSED,-0.2666277891699993,-0.001403815121478911,0.0034680226150889887,2.66080298264019,0.00735654655551627,-0.01816305351837896
2.022404480896179,PASSED,-0.26662919125990103,-0.0014003602043211585,0.003446180186194947,2.660810330151259,0.007338452133383387,-0.018048667875884442
2.023404680936187,PASSED,-0.2666305899057784,-0.0013969270872806166,0.0034244082767729803,2.6608176596249424,0.007320471864262562,-0.017934669950784698
2.024404880976195,PASSED,-0.26663198512938857,-0.0013935156881694746,0.0034027263340547847,2.6608249711751766,0.007302605325190385,-0.017821118486438317
2.025405081016203,PASSED,-0.2666333769523985,-0.0013901259083716404,0.0033811487736871686,2.660832264915436,0.007284852022696658,-0.01770809183191983
2.026405281056211,PASSED,-0.2666347653963683,-0.001386757632879224,0.003359693304902807,2.66083954095862,0.007267211320849845,-0.017595775190074804
2.027405481096219,PASSED,-0.26663615048273454,-0.0013834107295585987,0.003338376664440127,2.6608467994169893,0.007249682531386347,-0.01748413231244723
2.028405681136227,PASSED,-0.2666375322327939,-0.001380085050731738,0.0033172136018080937,2.6608540404020773,0.007232264918078211,-0.017373267305261335
2.029405881176235,PASSED,-0.2666389106676875,-0.0013767804329520156,0.003296220564998828,2.660861264024594,0.007214957586801067,-0.017263373925064912
2.030406081216243,PASSED,-0.26664028580838517,-0.0013734966968888844,0.003275413061886172,2.6608684703943597,0.007197759603089402,-0.01715439023606458
2.0314062812562512,PASSED,-0.26664165767567,-0.001370233648301382,0.0032548056045800765,2.6608756596202126,0.0071806699753239915,-0.01704645278497467
2.0324064812962592,PASSED,-0.26664302629012354,-0.001366991078271285,0.00323441298044183,2.6608828318099365,0.007163687584556008,-0.01693968275665649
2.0334066813362672,PASSED,-0.26664439167211096,-0.0013637687630576273,0.0032142500358018026,2.6608899870701794,0.007146811255640165,-0.016834093021967755
2.0344068813762752,PASSED,-0.2666457538417669,-0.0013605664651906216,0.003194329754474967,2.6608971255063913,0.007130039775004113,-0.01672973904544104
2.0354070814162832,PASSED,-0.2666471128189816,-0.001357383933214008,0.003174666791372722,2.6609042472227302,0.007113371799938953,-0.016626799078306654
2.0364072814562912,PASSED,-0.2666484686233871,-0.001354220902179565,0.003155273863156695,2.6609113523220107,0.007096805939901449,-0.01652523401030254
2.0374074814962992,PASSED,-0.26664982127434433,-0.0013510770946432431,0.0031361633184316773,2.660918440905622,0.007080340762896112,-0.016425139002026638
2.0384076815363072,PASSED,-0.2666511707909304,-0.001347952220391258,0.0031173482076877856,2.660925513073472,0.007063974739021286,-0.016326613790026475
2.0394078815763153,PASSED,-0.26665251719192595,-0.0013448459765902385,0.0030988408632407756,2.6609325689239065,0.007047706265158943,-0.01622971391055266
2.0404080816163233,PASSED,-0.26665386049580364,-0.0013417580498079488,0.003080650728322117,2.660939608553666,0.0070315337215876425,-0.016134430011800482
2.0414082816563313,PASSED,-0.26665520072071613,-0.0013386881141803494,0.0030627922271175213,2.660946632057818,0.007015455409259722,-0.016040900538666445
2.0424084816963393,PASSED,-0.2666565378844856,-0.001335635833382905,0.003045273177662756,2.6609536395296853,0.006999469527064519,-0.015949203299560837
2.0434086817363473,PASSED,-0.2666578720045928,-0.0013326008613726418,0.003028104565330116,2.660960631060818,0.006983574296998699,-0.01585924790999327
2.0444088817763553,PASSED,-0.26665920309816665,-0.001329582841004993,0.0030112975691945027,2.6609676067409076,0.00696776784414768,-0.01577125614503658
2.0454090818163633,PASSED,-0.26666053118197525,-0.001326581406336983,0.0029948594005539926,2.6609745666577678,0.006952048231872606,-0.015685183028434146
2.0464092818563713,PASSED,-0.2666618562724158,-0.001323596182644009,0.0029787998879208235,2.6609815108972636,0.006936413516378239,-0.015601070471656233
2.0474094818963793,PASSED,-0.26666317838550635,-0.0013206267858136512,0.0029631281253158634,2.660988439543273,0.0069208616812374375,-0.015519011586898206
2.0484096819363873,PASSED,-0.2666644975368774,-0.001317672824303048,0.0029478504341283246,2.6609953526776473,0.006905390668039359,-0.01543901427219841
2.0494098819763953,PASSED,-0.2666658137417638,-0.001314733899073414,0.002932975093304089,2.6610022503801583,0.006889998386821656,-0.015361125848040015
2.0504100820164033,PASSED,-0.2666671270149977,-0.0013118096033068066,0.002918509548809897,2.6610091327284784,0.0068746827218325885,-0.015285357749752801
2.0514102820564113,PASSED,-0.2666684373710016,-0.0013088995240960496,0.00290445898538847,2.6610159997981246,0.006859441493292108,-0.01521180906763231
2.0524104820964193,PASSED,-0.26666974482378186,-0.0013060032424685461,0.0028908300555799665,2.6610228516624335,0.006844272496826795,-0.015140454730432781
2.0534106821364273,PASSED,-0.2666710493869229,-0.0013031203332182885,0.0028776287133762545,2.66102968839254,0.0068291735379601304,-0.01507129495748528
2.0544108821764353,PASSED,-0.2666723510735816,-0.0013002503665021485,0.0028648587179827384,2.6610365100573308,0.006814142343415432,-0.015004460936174626
2.0554110822164433,PASSED,-0.26667364989648296,-0.0012973929078308178,0.002852525306896367,2.6610433167234313,0.006799176621986091,-0.014939895091453038
2.0564112822564513,PASSED,-0.2666749458679148,-0.0012945475179053719,0.00284063300447872,2.6610501084551776,0.006784274100662026,-0.014877605479138805
2.0574114822964593,PASSED,-0.2666762389997244,-0.0012917137543971664,0.0028291838440236234,2.6610568853145975,0.006769432453333973,-0.014817675227329023
2.0584116823364673,PASSED,-0.2666775293033153,-0.0012888911718249734,0.0028181817243055946,2.661063647361393,0.006754649332173178,-0.014760085116440662
2.0594118823764753,PASSED,-0.2666788167896436,-0.0012860793214658987,0.0028076294489209844,2.661070394652921,0.00673992239760189,-0.014704834207851684
2.0604120824164833,PASSED,-0.26668010146921606,-0.0012832777526009696,0.0027975284756010833,2.6610771272441864,0.006725249292199661,-0.014651952865147784
2.0614122824564913,PASSED,-0.266681383352088,-0.0012804860132918084,0.0027878798648678215,2.6610838451878283,0.006710627639265477,-0.014601452980208901
2.0624124824964993,PASSED,-0.2666826624478618,-0.0012777036496644792,0.0027786861356370834,2.661090548534108,0.006696055055966159,-0.014553336845391023
2.0634126825365073,PASSED,-0.2666839387656859,-0.0012749302070467546,0.002769946939116284,2.661097237330915,0.006681529177419621,-0.014507573013970355
2.0644128825765153,PASSED,-0.26668521231425435,-0.0012721652312605916,0.002761661684194142,2.6611039116237514,0.006667047609632749,-0.014464230968806176
2.0654130826165233,PASSED,-0.26668648310180654,-0.001269408267878992,0.0027538311798697176,2.6611105714557413,0.0066526079689163955,-0.014423247214718618
2.0664132826565313,PASSED,-0.2666877511361279,-0.0012666588626823318,0.0027464545411873373,2.6611172168676327,0.006638207896063443,-0.014384623278440315
2.0674134826965394,PASSED,-0.2666890164245508,-0.0012639165633517167,0.002739529190233437,2.6611238478977897,0.0066238449954143614,-0.014348418896174706
2.0684136827365474,PASSED,-0.26669027897395564,-0.001261180919097032,0.002733054297652757,2.661130464582217,0.00660951691102898,-0.01431452804485244
2.0694138827765554,PASSED,-0.2666915387907729,-0.0012584514802265413,0.0027270285857160697,2.661137066954558,0.006595221306031137,-0.01428298963316981
2.0704140828165634,PASSED,-0.26669279588098527,-0.0012557278003465775,0.0027214474094623773,2.661143655046112,0.006580955820685798,-0.014253815820119751
2.0714142828565714,PASSED,-0.26669405025013065,-0.001253009436719737,0.002716307771759292,2.661150228885843,0.006566718130578624,-0.014226939631875636
2.0724144828965794,PASSED,-0.26669530190330476,-0.0012502959482231593,0.002711608979789743,2.6611567885004033,0.006552505947867271,-0.014202344764339106
2.0734146829365874,PASSED,-0.26669655084516536,-0.001247586898502336,0.0027073435481791723,2.6611633339141445,0.006538316968484244,-0.014180069128817885
2.0744148829765954,PASSED,-0.26669779707993563,-0.001244881855911944,0.0027035086185341916,2.6611698651491493,0.006524148930507655,-0.014160017208436383
2.0754150830166034,PASSED,-0.2666990406114093,-0.0012421803926050859,0.0027000997657404702,2.6611763822252406,0.00650999960092988,-0.014142204490666267
2.0764152830566114,PASSED,-0.26670028144295477,-0.001239482085719195,0.0026971116326575152,2.6611828851600166,0.006495866754297998,-0.014126608059359036
2.0774154830966194,PASSED,-0.26670151957752064,-0.0012367865182892099,0.002694537961536873,2.6611893739688797,0.006481748215141839,-0.014113159887357845
2.0784156831366274,PASSED,-0.2667027550176415,-0.0012340932795743796,0.0026923725503589934,2.661195848665056,0.0064676418253160435,-0.01410187645141946
2.0794158831766354,PASSED,-0.26670398776544374,-0.0012314019638439827,0.0026906111837557306,2.6612023092596364,0.006453545453940842,-0.014092701324389166
2.0804160832166434,PASSED,-0.26670521782265183,-0.0012287121722754928,0.002689245158312876,2.6612087557616015,0.006439457018182469,-0.014085592047695824
2.0814162832566514,PASSED,-0.2667064451905952,-0.0012260235139799393,0.0026882670537140777,2.6612151881778665,0.006425374471561795,-0.014080516335993972
2.0824164832966594,PASSED,-0.26670766987021544,-0.001223335604329968,0.0026876713808091876,2.66122160651331,0.006411295788907898,-0.014077460199165224
2.0834166833366674,PASSED,-0.26670889186207325,-0.001220648065831406,0.00268744991039744,2.6612280107708233,0.006397219005842469,-0.014076331642938826
2.0844168833766754,PASSED,-0.26671011116635673,-0.0012179605303317602,0.0026875925591444633,2.6612344009513333,0.006383142182389028,-0.014077151327109839
2.0854170834166834,PASSED,-0.2667113277828891,-0.0012152726371127028,0.00268809365899976,2.661240777053858,0.006369063417663883,-0.014079840323835208
2.0864172834566914,PASSED,-0.2667125417111373,-0.0012125840335074317,0.0026889435694520984,2.6612471390755594,0.006354980900439884,-0.01408430182410902
2.0874174834966994,PASSED,-0.2667137529502205,-0.0012098943766379307,0.0026901324028671164,2.6612534870117575,0.006340892794551873,-0.01409064193061315
2.0884176835367074,PASSED,-0.26671496149891905,-0.0012072033321732256,0.0026916525059302843,2.661259820856013,0.006326797355894847,-0.014098636474634394
2.0894178835767154,PASSED,-0.266716167355684,-0.0012045105750982143,0.002693493454398905,2.6612661406001554,0.006312692912064399,-0.014108315400991759
2.0904180836167234,PASSED,-0.26671737051864597,-0.0012018157900958962,0.0026956460342641257,2.661272446234332,0.0062985777726222445,-0.014119688802928534
2.0914182836567314,PASSED,-0.26671857098562574,-0.001199118672255668,0.0026980990442043652,2.661278737747069,0.006284450344836736,-0.014132587107228171
2.0924184836967394,PASSED,-0.2667197687541435,-0.001196418926059665,0.002700844297201996,2.661285015125319,0.006270309109910582,-0.014147000138771548
2.0934186837367474,PASSED,-0.26672096382142935,-0.0011937162659899168,0.0027038705847792087,2.66129127835451,0.006256152541630072,-0.01416294704167066
2.0944188837767554,PASSED,-0.2667221561844338,-0.0011910104183836517,0.0027071656205891526,2.6612975274186126,0.00624197921112852,-0.014180252808137981
2.0954190838167635,PASSED,-0.2667233458398382,-0.001188301119336921,0.0027107213308251643,2.6613037623001725,0.006227787740685309,-0.01419894886659252
2.0964192838567715,PASSED,-0.2667245327840657,-0.0011855881155108043,0.0027145254896445902,2.6613099829803977,0.006213576804922197,-0.014218927027460013
2.0974194838967795,PASSED,-0.26672571701329206,-0.0011828711655892498,0.002718566209494589,2.6613161894391912,0.006199345135360938,-0.014240164583790337
2.0984196839367875,PASSED,-0.26672689852345693,-0.0011801500389810886,0.0027228335406057906,2.6613223816552223,0.0061850915214542515,-0.014262580121951064
2.0994198839767955,PASSED,-0.266728077310275,-0.0011774245159547657,0.002727316016800861,2.6613285596059773,0.006170814814084876,-0.014286125534325842
2.1004200840168035,PASSED,-0.26672925336924747,-0.0011746943893612008,0.0027320003114077313,2.661334723267827,0.006156513928063485,-0.014310726346101432
2.1014202840568115,PASSED,-0.26673042669567376,-0.001171959462979005,0.002736877096054807,2.661340872616081,0.006142187831963993,-0.014336342601752186
2.1024204840968195,PASSED,-0.26673159728466284,-0.0011692195517644616,0.0027419339602024087,2.661347007625056,0.0061278355596068226,-0.014362892194114836
2.1034206841368275,PASSED,-0.2667327651311452,-0.0011664744836711743,0.002747157515343831,2.661353128268131,0.0061134562132357986,-0.014390315822296204
2.1044208841768355,PASSED,-0.26673393022988473,-0.001163724098231148,0.0027525373898148473,2.6613592345178088,0.006099048937085399,-0.01441858303580128
2.1054210842168435,PASSED,-0.26673509257549033,-0.0011609682455999513,0.0027580627921181176,2.6613653263457846,0.006084612958422612,-0.014447575747445242
2.1064212842568515,PASSED,-0.26673625216242813,-0.001158206789395801,0.0027637184788384945,2.6613714037230016,0.006070147563781072,-0.014477273904270272
2.1074214842968595,PASSED,-0.26673740898503334,-0.0011554396051871765,0.0027694946951482683,2.661377466619718,0.006055652087723285,-0.014507610826797237
2.1084216843368675,PASSED,-0.26673856303752236,-0.0011526665793615892,0.002775379912546565,2.661383515005573,0.006041125952022522,-0.01453848561674019
2.1094218843768755,PASSED,-0.26673971431400495,-0.0011498876116920246,0.0027813595075767256,2.6613895488496415,0.006026568623459043,-0.01456989052797181
2.1104220844168835,PASSED,-0.266740862808496,-0.0011471026136451953,0.002787423739664348,2.661395568120503,0.006011979626869757,-0.014601733963494965
2.1114222844568915,PASSED,-0.2667420085149277,-0.0011443115078692207,0.0027935604668483764,2.6614015727863034,0.0059973585742963235,-0.014633931646726701
2.1124224844968995,PASSED,-0.2667431514271617,-0.0011415142301863146,0.0027997558269449844,2.66140756281482,0.005982705127674598,-0.014666456605058843
2.1134226845369075,PASSED,-0.26674429153900087,-0.001138710728083925,0.0028059996193527605,2.6614135381735227,0.0059680189985263435,-0.014699244177051962
2.1144228845769155,PASSED,-0.26674542884420155,-0.0011359009607053118,0.002812279218120323,2.6614194988296314,0.0059532999765440275,-0.014732207185825096
2.1154230846169235,PASSED,-0.2667465633364852,-0.0011330848990764558,0.0028185832360128117,2.661425444750193,0.005938547925833714,-0.014765279726638636
2.1164232846569315,PASSED,-0.26674769500955037,-0.0011302625260445375,0.002824899562521688,2.661431375902126,0.005923762740773448,-0.01479845528268408
2.1174234846969395,PASSED,-0.2667488238570843,-0.0011274338366150146,0.002831216007523647,2.6614372922522946,0.005908944392928325,-0.014831609553415795
2.1184236847369475,PASSED,-0.26674994987277484,-0.0011245988371758667,0.0028375217268973157,2.661443193767565,0.005894092930060913,-0.01486469841007685
2.1194238847769555,PASSED,-0.2667510730503218,-0.0011217575449515946,0.0028438058891885366,2.6614490804148643,0.005879208432743674,-0.014897696588681376
2.1204240848169635,PASSED,-0.2667521933834484,-0.0011189099893469242,0.0028500554149913674,2.6614549521612405,0.00586429104668995,-0.014930512363750328
2.1214242848569715,PASSED,-0.26675331086591286,-0.0011160562114662187,0.0028562595245149175,2.66146080897393,0.005849341005430383,-0.014963060523446987
2.1224244848969795,PASSED,-0.26675442549151923,-0.0011131962620603165,0.00286240932682726,2.6614666508204103,0.005834358573781928,-0.014995345731793133
2.1234246849369875,PASSED,-0.2667555372541288,-0.0011103302039031455,0.0028684907107334504,2.6614724776684504,0.005819344057102464,-0.015027297311244175
2.1244248849769956,PASSED,-0.26675664614767064,-0.001107458110653457,0.002874494942325243,2.6614782894861833,0.005804297863458259,-0.01505879119951191
2.1254250850170036,PASSED,-0.2667577521661526,-0.0011045800660610533,0.00288041102578921,2.661484086242149,0.00578922043579702,-0.015089851969055549
2.1264252850570116,PASSED,-0.2667588553036716,-0.0011016961645375373,0.002886228522000883,2.6614898679053614,0.00577411225174627,-0.01512040543854638
2.1274254850970196,PASSED,-0.2667599555544245,-0.0010988065113991558,0.0028919362159688,2.661495634445348,0.005758973865247391,-0.015150373872434373
2.1284256851370276,PASSED,-0.2667610529127177,-0.0010959112210119665,0.0028975265013362183,2.661501385832222,0.005743805894567582,-0.01517970188472587
2.1294258851770356,PASSED,-0.26676214737297743,-0.0010930104180612015,0.002902987250384303,2.661507122036712,0.005728608970113029,-0.015208406167769795
2.1304260852170436,PASSED,-0.26676323892975956,-0.001090104237249308,0.0029083098528995717,2.6615128430302413,0.00571338381151328,-0.015236326887735019
2.1314262852570516,PASSED,-0.2667643275777589,-0.001087192822330427,0.002913484962868691,2.661518548784944,0.005698131169053505,-0.015263519507800244
2.1324264852970596,PASSED,-0.26676541331181897,-0.0010842763264555392,0.0029185031495671714,2.661524239273744,0.0056828518341284365,-0.01528987853657964
2.1334266853370676,PASSED,-0.2667664961269405,-0.0010813549114681075,0.0029233562126748116,2.661529914470393,0.00566754668271152,-0.01531533333714046
2.1344268853770756,PASSED,-0.2667675760182907,-0.001078428748116604,0.002928034777389361,2.6615355743495046,0.0056522165847116435,-0.015339941108366261
2.1354270854170836,PASSED,-0.26676865298121194,-0.001075498015930761,0.0029325304581452427,2.66154121888662,0.0056368624846556675,-0.015363539354383449
2.1364272854570916,PASSED,-0.26676972701122964,-0.0010725629021289893,0.00293683603085619,2.6615468480582303,0.005621485372860429,-0.015386160089140755
2.1374274854970996,PASSED,-0.2667707981040608,-0.0010696236020472172,0.002940942782383079,2.6615524618418394,0.005606086268638281,-0.015407733644152837
2.1384276855371076,PASSED,-0.26677186625562155,-0.0010666803190751667,0.00294484309849568,2.661558060215994,0.0055906662403790676,-0.015428224669253737
2.1394278855771156,PASSED,-0.26677293146203496,-0.0010637332636456852,0.002948530316804914,2.6615636431603167,0.005575226380994821,-0.015447615860909385
2.1404280856171236,PASSED,-0.2667739937196379,-0.0010607826530762649,0.0029519974044972873,2.661569210655562,0.005559767841637772,-0.015465821687810013
2.1414282856571316,PASSED,-0.26677505302498855,-0.001057828712310184,0.0029552363404699395,2.661574762683638,0.005544291802130352,-0.015482851387159813
2.1424284856971396,PASSED,-0.26677610937487256,-0.0010548716720004472,0.002958242955914677,2.6615802992276456,0.0055287994565863365,-0.01549867498192062
2.1434286857371476,PASSED,-0.26677716276630997,-0.001051911769629376,0.002961008647842157,2.6615858202719176,0.005513292065581518,-0.015513201686750383
2.1444288857771556,PASSED,-0.2667782131965607,-0.0010489492485178972,0.002963529420569599,2.6615913258020347,0.0054977708925504475,-0.015526487260617979
2.1454290858171636,PASSED,-0.266779260663131,-0.0010459843573686909,0.0029657989682971694,2.6615968158048826,0.005482237248264862,-0.015538415635565378
2.1464292858571716,PASSED,-0.26678030516377865,-0.0010430173505861842,0.002967811991979586,2.66160229026866,0.005466692478205071,-0.015549006342608772
2.1474294858971796,PASSED,-0.26678134669651793,-0.0010400484872143117,0.0029695642918010734,2.6616077491829033,0.005451137909397786,-0.015558277117066907
2.1484296859371876,PASSED,-0.26678238525962505,-0.0010370780315268496,0.002971049951236427,2.6616131925385274,0.0054355749411552825,-0.015566095659461442
2.1494298859771956,PASSED,-0.26678342085164214,-0.0010341062520003842,0.0029722659099510806,2.661618620327847,0.005420005009371391,-0.015572489200178459
2.1504300860172036,PASSED,-0.26678445347138197,-0.0010311334206917142,0.00297320824114967,2.6616240325445792,0.005404429490661328,-0.015577538383320325
2.1514302860572116,PASSED,-0.2667854831179315,-0.00102815981432074,0.0029738717908569332,2.6616294291838956,0.005388849857793047,-0.015581029191588842
2.1524304860972197,PASSED,-0.2667865097906559,-0.0010251857128267955,0.002974254629336185,2.661634810242418,0.005373267604904691,-0.015583068686201395
2.1534306861372277,PASSED,-0.26678753348920153,-0.001022211398813995,0.0029743536017768153,2.6616401757182393,0.00535768416474603,-0.015583687806967107
2.1544308861772357,PASSED,-0.26678855421349923,-0.001019237157962001,0.0029741656854718724,2.66164552561095,0.005342101058304732,-0.015582718864184107
2.1554310862172437,PASSED,-0.2667895719637665,-0.0010162632787792105,0.0029736881810027917,2.6616508599216413,0.005326519817889298,-0.01558025478293452
2.1564312862572517,PASSED,-0.26679058674051054,-0.0010132900517372482,0.002972919615935552,2.66165617865292,0.005310941929595316,-0.015576310634679518
2.1574314862972597,PASSED,-0.2667915985445297,-0.0010103177689183844,0.002971858287482742,2.661661481808922,0.005295368940402303,-0.015570774898569313
2.1584316863372677,PASSED,-0.2667926073769153,-0.0010073467242412487,0.0029705022702376724,2.661666769395317,0.005279802402659301,-0.015563712972623088
2.1594318863772757,PASSED,-0.26679361323905343,-0.001004377213343812,0.002968849982235993,2.6616720414193202,0.005264243843032162,-0.015555124063483382
2.1604320864172837,PASSED,-0.2667946161326254,-0.0010014095315730213,0.002966902963160472,2.6616772978897014,0.005248694830992044,-0.01554493735787492
2.1614322864572917,PASSED,-0.2667956160596091,-0.0009984439756384122,0.0029646579155748567,2.6616825388167675,0.005233156904938866,-0.015533251850046942
2.1624324864972992,PASSED,-0.26679661302227897,-0.0009954808429804422,0.002962115819566688,2.6616877642123997,0.0052176316329162805,-0.015519952137611972
2.1634326865373072,PASSED,-0.2667976070232065,-0.0009925204302750686,0.002959277295911646,2.6616929740900237,0.005202120575634529,-0.015505127377844282
2.1644328865773153,PASSED,-0.26679859806525985,-0.0009895630337676388,0.0029561426484419943,2.6616981684646257,0.005186625272182021,-0.015488754168950446
2.1654330866173233,PASSED,-0.26679958615160343,-0.0009866089498960908,0.002952711353618844,2.661703347352743,0.005171147283449475,-0.015470811774943097
2.1664332866573313,PASSED,-0.2668005712856973,-0.00098365847416296,0.0029489853194719804,2.661708510772465,0.005155688165426837,-0.01545132218776787
2.1674334866973393,PASSED,-0.2668015534712957,-0.0009807118990752496,0.0029449682665362406,2.6617136587434187,0.005140249438248139,-0.015430330505983792
2.1684336867373473,PASSED,-0.26680253271244614,-0.0009777695179169082,0.002940656419544628,2.6617187912867704,0.005124832641468259,-0.015407774295810032
2.1694338867773553,PASSED,-0.26680350901348754,-0.0009748316217608661,0.002936055980373924,2.6617239084252162,0.005109439314212236,-0.015383695896165272
2.1704340868173633,PASSED,-0.26680448237904814,-0.00097189849766193,0.0029311695113109102,2.6617290101829676,0.005094070950192856,-0.015358142768191278
2.1714342868573713,PASSED,-0.26680545281404355,-0.0009689704324754195,0.0029259956366434374,2.6617340965857417,0.005078729048898763,-0.015331073644693008
2.1724344868973793,PASSED,-0.2668064203236742,-0.0009660477102874392,0.002920539888871664,2.661739167660751,0.005063415114215988,-0.015302508708163475
2.1734346869373873,PASSED,-0.26680738491342226,-0.0009631306105266711,0.002914806342032426,2.66174422343668,0.00504813059622822,-0.01527252417417065
2.1744348869773953,PASSED,-0.26680834658904906,-0.0009602194107944488,0.0029087953256820907,2.661749263943682,0.005032876955437559,-0.015241051868320048
2.1754350870174033,PASSED,-0.2668093053565915,-0.0009573143857622716,0.002902511503173825,2.6617542892133534,0.005017655642686335,-0.01520815333982739
2.1764352870574113,PASSED,-0.2668102612223584,-0.0009544158050183302,0.0028959602377866037,2.6617592992787142,0.005002468053410923,-0.015173879899135318
2.1774354870974193,PASSED,-0.2668112141929271,-0.0009515239349992544,0.002889143206602074,2.6617642941741937,0.004987315588959357,-0.015138187486518965
2.1784356871374273,PASSED,-0.2668121642751391,-0.0009486390381315295,0.0028820659751399406,2.661769273935607,0.004972199639414619,-0.01510112425021625
2.1794358871774353,PASSED,-0.2668131114760957,-0.000945761371818493,0.0028747332049674735,2.661774238600128,0.004957121536543514,-0.015062755285032455
2.1804360872174433,PASSED,-0.26681405580315376,-0.0009428911893243359,0.0028671486869502306,2.6617791882062716,0.004942082609315019,-0.015023041857468047
2.1814362872574513,PASSED,-0.26681499726392066,-0.0009400287390927069,0.0028593179280813562,2.6617841227938692,0.00492708417699727,-0.014982025957937562
2.1824364872974593,PASSED,-0.26681593586624963,-0.0009371742641832886,0.002851246230309722,2.661789042404038,0.004912127499167401,-0.01493977907782333
2.1834366873374673,PASSED,-0.2668168716182344,-0.0009343280023664059,0.0028429388745977793,2.661793947079158,0.004897213823790235,-0.014896272910060753
2.1844368873774753,PASSED,-0.2668178045282039,-0.0009314901863223641,0.0028344008236711104,2.6617988368628374,0.004882344371563456,-0.014851571771258811
2.1854370874174833,PASSED,-0.26681873460471645,-0.0009286610426101851,0.0028256389711840474,2.6618037117998914,0.004867520330864162,-0.014805686651316487
2.1864372874574913,PASSED,-0.26681966185655437,-0.0009258407920724442,0.0028166582487789,2.661808571936311,0.004852742866287512,-0.014758649860204368
2.1874374874974993,PASSED,-0.26682058629271777,-0.0009230296499790697,0.0028074646564383186,2.6618134173192307,0.004838013103513791,-0.014710504716066504
2.1884376875375073,PASSED,-0.2668215079224186,-0.0009202278248497682,0.0027980654445435623,2.6618182479968846,0.004823332118109921,-0.01466130586240535
2.1894378875775153,PASSED,-0.2668224267550741,-0.0009174355185517366,0.0027884668670235726,2.661823064018592,0.004808700987223481,-0.014611014235796894
2.1904380876175233,PASSED,-0.2668233428003009,-0.0009146529274882795,0.0027786738610792185,2.6618278654347156,0.004794120746118497,-0.014559725684441594
2.1914382876575313,PASSED,-0.26682425606790766,-0.0009118802404361952,0.0027686958460875996,2.661832652296629,0.004779592370126381,-0.014507476197232019
2.1924384876975394,PASSED,-0.266825166567889,-0.000909117639816614,0.0027585371352433796,2.6618374246566745,0.004765116813848611,-0.014454276331463994
2.1934386877375474,PASSED,-0.2668260743104183,-0.0009063653010319506,0.002748206550943454,2.6618421825681335,0.00475069500898498,-0.014400157218407497
2.1944388877775554,PASSED,-0.2668269793058409,-0.0009036233923378911,0.0027377101228035377,2.6618469260851922,0.00473632783796298,-0.01434518022439548
2.1954390878175634,PASSED,-0.2668278815646666,-0.0009008920748967508,0.002727055653364773,2.661851655262897,0.004722016133142981,-0.014289387883734316
2.1964392878575714,PASSED,-0.266828781097563,-0.000898171502692835,0.0027162499042832316,2.661856370157117,0.004707760704619896,-0.014232788949319503
2.1974394878975794,PASSED,-0.26682967791534773,-0.0008954618223360539,0.0027053006584463824,2.661861070824518,0.004693562335843465,-0.014175421994505851
2.1984396879375874,PASSED,-0.2668305720289813,-0.000892763172400608,0.0026942161201122614,2.661865757322509,0.004679421745584341,-0.014117369102203143
2.1994398879775954,PASSED,-0.26683146344955944,-0.0008900756849742914,0.0026830016304528045,2.6618704297092037,0.00466533960671502,-0.014058652047399204
2.2004400880176034,PASSED,-0.2668323521883057,-0.0008873994839075319,0.0026716673576307358,2.6618750880433972,0.004651316600704616,-0.013999241985740688
2.2014402880576114,PASSED,-0.26683323825656347,-0.0008847346850173765,0.0026602199118383983,2.6618797323845054,0.004637353325750924,-0.013939296932326213
2.2024404880976194,PASSED,-0.26683412166578885,-0.0008820813972795292,0.00264866628851989,2.661884362792533,0.004623450327299891,-0.013878799463503576
2.2034406881376274,PASSED,-0.26683500242754227,-0.000879439721280348,0.0026370158062886803,2.661888979328043,0.004609608171803723,-0.013817726184610897
2.2044408881776354,PASSED,-0.2668358805534811,-0.0008768097497142822,0.0026252754059173243,2.661893582052092,0.004595827325803118,-0.01375625921126695
2.2054410882176434,PASSED,-0.26683675605535184,-0.0008741915680768796,0.002613452458392796,2.6618981710262153,0.004582108224823329,-0.013694328825471698
2.2064412882576514,PASSED,-0.266837628944982,-0.0008715852533534666,0.002601556233426344,2.6619027463123697,0.004568451303223469,-0.013631983449451792
2.2074414882976594,PASSED,-0.26683849923427233,-0.0008689908748424101,0.0025895933628096875,2.6619073079728968,0.004554856908874247,-0.013569334949068977
2.2084416883376674,PASSED,-0.2668393669351893,-0.0008664084945262947,0.002577571618319428,2.661911856070481,0.004541325351869242,-0.013506371708962735
2.2094418883776754,PASSED,-0.26684023205975654,-0.0008638381655841685,0.002565500491330986,2.6619163906681087,0.004527856935261472,-0.01344311320697336
2.2104420884176834,PASSED,-0.2668410946200478,-0.0008612799334875501,0.0025533865001431295,2.661920911829029,0.004514451896612387,-0.013379655610491377
2.2114422884576914,PASSED,-0.2668419546281783,-0.0008587338368865366,0.0025412366682604757,2.6619254196167064,0.004501110414980668,-0.013316032312537177
2.2124424884976994,PASSED,-0.26684281209629734,-0.0008561999053631091,0.0025290614268721604,2.66192991409479,0.004487832670006068,-0.01325222008264131
2.2134426885377074,PASSED,-0.26684366703658063,-0.0008536781611892439,0.002516866005193829,2.661934395327059,0.0044746187739033525,-0.013188346782764877
2.2144428885777154,PASSED,-0.26684451946122206,-0.0008511686192033384,0.002504659306380075,2.661938863377397,0.004461468793503352,-0.013124402811490427
2.2154430886177234,PASSED,-0.26684536938242637,-0.0008486712862161263,0.0024924487744333547,2.6619433183097407,0.0044483827785289105,-0.013060423083075905
2.2164432886577314,PASSED,-0.26684621681240145,-0.000846186161540277,0.002480241943459778,2.661947760188042,0.004435360716691119,-0.012996487674269419
2.2174434886977394,PASSED,-0.2668470617633505,-0.0008437132366185404,0.0024680469072544888,2.6619521890762337,0.004422402567567224,-0.012932590090311417
2.2184436887377474,PASSED,-0.26684790424746485,-0.0008412524957788464,0.0024558701279869355,2.661956605038179,0.004409508247549175,-0.012868806636541379
2.2194438887777554,PASSED,-0.2668487442769162,-0.0008388039160479379,0.0024437194661895024,2.661961008137645,0.004396677634789168,-0.012805150175651463
2.2204440888177635,PASSED,-0.2668495818638495,-0.000836367466652135,0.0024316026822117356,2.6619653984382596,0.004383910578461197,-0.01274166042951928
2.2214442888577715,PASSED,-0.2668504170203755,-0.0008339431096101663,0.002419526615139981,2.6619697760034673,0.004371206869870136,-0.012678407365422252
2.2224444888977795,PASSED,-0.26685124975856356,-0.0008315308004933912,0.0024074974511984317,2.6619741408964934,0.004358566266026504,-0.012615401495772336
2.2234446889377875,PASSED,-0.26685208009043476,-0.0008291304872590008,0.0023955237565183563,2.6619784931803228,0.004345988524283837,-0.012552635240596539
2.2244448889777955,PASSED,-0.2668529080279547,-0.0008267421106954584,0.0023836117682250733,2.6619828329176376,0.004333473317431462,-0.012490254593560934
2.2254450890178035,PASSED,-0.2668537335830269,-0.0008243656055986862,0.0023717673158037836,2.6619871601707956,0.004321020281474605,-0.012428223532388823
2.2264452890578115,PASSED,-0.26685455676748565,-0.0008220008994050843,0.002359998778800599,2.661991475001804,0.004308629084175145,-0.012366513144173164
2.2274454890978195,PASSED,-0.26685537759309,-0.0008196479133365558,0.002348310928347132,2.66199577747226,0.0042962992843286986,-0.012305324314627598
2.2284456891378275,PASSED,-0.26685619607151667,-0.0008173065620446737,0.002336711534238856,2.6620000676433415,0.004284030421242924,-0.012244555599872883
2.2294458891778355,PASSED,-0.2668570122143542,-0.000814976754236776,0.002325205323670058,2.662004345575756,0.00427182204650539,-0.012184254162642419
2.2304460892178435,PASSED,-0.26685782603309655,-0.0008126583923029239,0.0023137996739734457,2.6620086113297243,0.004259673641815672,-0.012124505041101083
2.2314462892578515,PASSED,-0.26685863753913686,-0.0008103513719867824,0.002302500744253539,2.6620128649649315,0.004247584641472542,-0.012065330544482333
2.2324464892978595,PASSED,-0.26685944674376205,-0.0008080555845950426,0.002291311823397255,2.6620171065405107,0.004235554495375996,-0.012006689797921875
2.2334466893378675,PASSED,-0.26686025365814664,-0.0008057709151462355,0.002280241199080237,2.6620213361150005,0.004223582597009851,-0.01194870407829397
2.2344468893778755,PASSED,-0.26686105829334755,-0.0008034972423826877,0.0022692938065262524,2.6620255537463313,0.004211668307224915,-0.011891346922698292
2.2354470894178835,PASSED,-0.2668618606602981,-0.0008012344405938366,0.0022584737770675748,2.66202975949178,0.004199810969436492,-0.011834665032238631
2.2364472894578915,PASSED,-0.26686266076980375,-0.0007989823796918507,0.0022477856519314814,2.662033953407956,0.004188009902411632,-0.011778668353272712
2.2374474894978995,PASSED,-0.2668634586325361,-0.0007967409226269116,0.0022372380069442793,2.6620381355507683,0.004176264392488989,-0.011723404302222193
2.2384476895379075,PASSED,-0.2668642542590284,-0.0007945099285932672,0.0022268313847780647,2.6620423059753984,0.004164573693371517,-0.011668895660971934
2.2394478895779155,PASSED,-0.26686504765967106,-0.0007922892534752761,0.002216570940133034,2.6620464647362803,0.004152937050475824,-0.011615141052175502
2.2404480896179235,PASSED,-0.2668658388447069,-0.0007900787463724054,0.002206464544695741,2.6620506118870724,0.004141353678827639,-0.011562192045524994
2.2414482896579315,PASSED,-0.26686662782422665,-0.000787878253056364,0.002196512496938589,2.6620547474806444,0.004129822775464383,-0.011510044241743404
2.2424484896979395,PASSED,-0.2668674146081654,-0.0007856876166384438,0.002186719031908161,2.662058871569037,0.004118343498049474,-0.011458766197018208
2.2434486897379475,PASSED,-0.2668681992062979,-0.0007835066746437042,0.0021770906366273767,2.6620629842034647,0.00410691501134486,-0.011408300376345255
2.2444488897779555,PASSED,-0.26686898162823564,-0.0007813352610932733,0.0021676288262997842,2.662067085434276,0.004095536451314793,-0.01135873313254851
2.2454490898179635,PASSED,-0.26686976188342265,-0.0007791732078937174,0.002158336115059792,2.6620711753109476,0.004084206915887609,-0.011310070290276189
2.2464492898579715,PASSED,-0.2668705399811325,-0.0007770203427099633,0.0021492178962168687,2.662075253882061,0.004072925515646587,-0.011262286874851738
2.2474494898979795,PASSED,-0.2668713159304651,-0.000774876489548414,0.002140276671770637,2.662079321195288,0.0040616913358670955,-0.011215441715918383
2.2484496899379876,PASSED,-0.26687208974034365,-0.000772741471079521,0.0021315130003079783,2.662083377297375,0.0040505034307529155,-0.01116954737968701
2.2494498899779956,PASSED,-0.26687286141951205,-0.0007706151066606959,0.002122932031169891,2.662087422234126,0.004039360855496988,-0.011124593840088244
2.2504500900180036,PASSED,-0.26687363097653233,-0.0007684972125730902,0.002114535458562914,2.6620914560503977,0.00402826266570896,-0.01108058708665383
2.2514502900580116,PASSED,-0.26687439841978233,-0.0007663876040603693,0.0021063238821595006,2.662095478790073,0.004017207871837632,-0.01103759839444352
2.2524504900980196,PASSED,-0.2668751637574536,-0.0007642860938238208,0.0020983011394745815,2.6620994904960655,0.004006195496170395,-0.01099556051576557
2.2534506901380276,PASSED,-0.2668759269975494,-0.0007621924921539658,0.002090468690108556,2.6621034912103014,0.003995224561988665,-0.010954516625705096
2.2544508901780356,PASSED,-0.2668766881478832,-0.0007601066087060762,0.002082826619743633,2.6621074809737073,0.003984294048524025,-0.010914511357263257
2.2554510902180436,PASSED,-0.26687744721607687,-0.000758028251587352,0.002075377451377949,2.662111459826212,0.003973402958631883,-0.010875475582060319
2.2564512902580516,PASSED,-0.26687820420955977,-0.0007559572269245471,0.0020681228037562082,2.6621154278067305,0.003962550287223456,-0.010837468626003086
2.2574514902980596,PASSED,-0.2668789591355675,-0.0007538933409478681,0.002061061425294178,2.662119384953167,0.003951735004972618,-0.010800491334061095
2.2584516903380676,PASSED,-0.2668797120011408,-0.0007518363984484481,0.0020541965488372737,2.6621233313024004,0.003940956090198264,-0.010764530401216887
2.2594518903780756,PASSED,-0.26688046281312544,-0.000749786203606785,0.0020475270368802367,2.662127266890289,0.003930212523929951,-0.01072959017970899
2.2604520904180836,PASSED,-0.2668812115781711,-0.0007477425605450271,0.002041053745009657,2.6621311917516612,0.003919503271639431,-0.010695693697728081
2.2614522904580916,PASSED,-0.26688195830273154,-0.0007457052734376436,0.002034776015632705,2.6621351059203273,0.003908827316527932,-0.010662796054014084
2.2624524904980996,PASSED,-0.2668827029930645,-0.0007436741458640211,0.0020286952789489547,2.6621390094290582,0.003898183619818839,-0.010630963812478057
2.2634526905381076,PASSED,-0.2668834456552316,-0.0007416489818075955,0.002022809908076747,2.6621429023096033,0.003887571151306249,-0.01060013831266436
2.2644528905781156,PASSED,-0.2668841862950989,-0.00073962958628617,0.0020171192636581057,2.6621467845926894,0.003876988907236404,-0.010570314574632379
2.2654530906181236,PASSED,-0.26688492491833743,-0.0007376157641992206,0.002011623969143704,2.6621506563080177,0.003866435852557414,-0.010541548081895148
2.2664532906581316,PASSED,-0.2668856615304237,-0.0007356073214638155,0.0020063219129125057,2.6621545174842685,0.003855910958967835,-0.010513790594701615
2.2674534906981396,PASSED,-0.26688639613664084,-0.0007336040654185704,0.0020012121334667603,2.662158368149114,0.003845413241391315,-0.010487002231064545
2.2684536907381476,PASSED,-0.26688712874207954,-0.0007316058038084788,0.001996294594508047,2.6621622083292116,0.003834941678098697,-0.010461270666987637
2.2694538907781556,PASSED,-0.2668878593516394,-0.0007296123464959971,0.0019915657911307822,2.6621660380502217,0.003824495265507566,-0.010436507207227535
2.2704540908181636,PASSED,-0.26688858797003046,-0.0007276235049277108,0.0019870254197231997,2.662169857336805,0.003814073026986582,-0.010412726063487471
2.2714542908581716,PASSED,-0.26688931460177473,-0.0007256390912299163,0.0019826725498419615,2.6621736662126496,0.0038036739861109694,-0.01038991741702963
2.2724544908981796,PASSED,-0.26689003925120797,-0.0007236589204971653,0.0019785028546904144,2.66217746470045,0.0037932971461565614,-0.010368121645993933
2.2734546909381876,PASSED,-0.26689076192248185,-0.0007216828099344458,0.001974515701405464,2.6621812528219526,0.0037829415717894905,-0.010347209514455592
2.2744548909781956,PASSED,-0.2668914826195661,-0.0007197105782110969,0.001970709071311129,2.6621850305979384,0.00377260631589381,-0.010327286816496313
2.2754550910182036,PASSED,-0.2668922013462506,-0.0007177420468361515,0.0019670795773680176,2.6621887980482506,0.003762290417652422,-0.010308305857982446
2.2764552910582116,PASSED,-0.266892918106148,-0.0007157770398478319,0.0019636252622874614,2.6621925551918038,0.0037519929772258875,-0.010290196805568854
2.2774554910982197,PASSED,-0.26689363290269663,-0.0007138153843997664,0.001960342238583928,2.662196302046598,0.0037417130896293957,-0.010273014790439792
2.2784556911382277,PASSED,-0.26689434573916265,-0.0007118569096141944,0.0019572298168974793,2.66220003862973,0.0037314498381002246,-0.010256742688325268
2.2794558911782357,PASSED,-0.26689505661864366,-0.0007099014481151593,0.001954282620460174,2.6622037649574155,0.003721202366261092,-0.010241291273004598
2.2804560912182437,PASSED,-0.26689576554407146,-0.0007079488365278312,0.0019514975652402274,2.662207481044998,0.0037109698127157278,-0.010226728393603694
2.2814562912582517,PASSED,-0.2668964725182153,-0.000705998913221371,0.0019488738006068686,2.66221118690697,0.0037007513176488226,-0.010213006182439806
2.2824564912982597,PASSED,-0.2668971775436851,-0.0007040515203888937,0.0019464055203909075,2.6622148825569925,0.003690546074498643,-0.010200067795338635
2.2834566913382677,PASSED,-0.2668978806229355,-0.0007021065053974749,0.0019440879721041382,2.662218568007909,0.0036803532753901754,-0.010187953317220298
2.2844568913782757,PASSED,-0.26689858175826864,-0.0007001637169174896,0.0019419221519060734,2.6622222432717626,0.003670172111710533,-0.010176637254590545
2.2854570914182837,PASSED,-0.2668992809518385,-0.000698223008378153,0.0019398994642903728,2.6622259083598236,0.0036600018371302848,-0.010166032797353453
2.2864572914582917,PASSED,-0.2668999782056548,-0.0006962842383337664,0.0019380170977841742,2.662229563282606,0.0036498417088469937,-0.010156191940582539
2.2874574914982997,PASSED,-0.26690067352158636,-0.0006943472673245709,0.001936273616802992,2.6622332080498796,0.00363969097441108,-0.010147096099467432
2.2884576915383077,PASSED,-0.2669013669013658,-0.0006924119609304903,0.0019346615789322637,2.662236842670706,0.00362954894688315,-0.010138648480238679
2.2894578915783157,PASSED,-0.26690205834659336,-0.0006904781899308025,0.0019331772801914444,2.6622404671534543,0.003619414957863447,-0.010130882712678726
2.2904580916183237,PASSED,-0.2669027478587414,-0.000688545827660662,0.001931818930106621,2.6622440815058157,0.003609288315739778,-0.010123815064328192
2.2914582916583317,PASSED,-0.2669034354391585,-0.0006866147523897639,0.0019305794980924748,2.662247685734841,0.0035991684018611284,-0.010117313088197731
2.2924584916983397,PASSED,-0.2669041210890741,-0.0006846848480444173,0.0019294542435158645,2.662251279846952,0.0035890546150854547,-0.01011143590065727
2.2934586917383477,PASSED,-0.26690480480960277,-0.0006827560016817435,0.0019284411087792232,2.662254863847969,0.0035789463387909466,-0.010106169890409012
2.2944588917783557,PASSED,-0.2669054866017493,-0.0006808281052577958,0.0019275333007267126,2.6622584377431413,0.003568843028751074,-0.01010140347284851
2.2954590918183637,PASSED,-0.2669061664664127,-0.000678901056104272,0.0019267263887218825,2.662262001537152,0.003558744134988745,-0.010097220621981857
2.2964592918583717,PASSED,-0.26690684440439155,-0.0006769747560105989,0.0019260158969739835,2.6622655552341703,0.003548649141768915,-0.010093508285062187
2.2974594918983797,PASSED,-0.2669075204163882,-0.0006750491106357744,0.0019253983600582764,2.6622690988378563,0.003538557569969109,-0.010090280809635666
2.2984596919383877,PASSED,-0.2669081945030142,-0.0006731240320435016,0.0019248654137489747,2.6622726323513937,0.003528468940330607,-0.010087528857745503
2.2994598919783957,PASSED,-0.26690886666479463,-0.000671199436522499,0.0019244155925050796,2.6622761557775134,0.0035183828186277663,-0.010085183599570863
2.3004600920184037,PASSED,-0.2669095369021734,-0.0006692752445671566,0.001924042863900793,2.662279669118524,0.003508298803240694,-0.010083236578740192
2.3014602920584117,PASSED,-0.2669102052155181,-0.0006673513829152925,0.001923740843839561,2.6622831723763265,0.003498216487667283,-0.010081701569858166
2.3024604920984197,PASSED,-0.26691087160512494,-0.0006654277827151071,0.0019235064377492027,2.662286665552454,0.0034881355169875867,-0.010080483419588645
2.3034606921384277,PASSED,-0.26691153607122375,-0.0006635043796316497,0.0019233341805962785,2.6622901486480925,0.00347805557536462,-0.01007958042521842
2.3044608921784357,PASSED,-0.2669121986139832,-0.0006615811154812475,0.001923217463606312,2.662293621664103,0.003467976330121765,-0.010079021787944904
2.3054610922184438,PASSED,-0.26691285923351554,-0.0006596579362438619,0.0019231537532384071,2.662297084601053,0.0034578975033841327,-0.010078696704091184
2.3064612922584518,PASSED,-0.266913517929882,-0.0006577347930552594,0.0019231361455118651,2.662300537459242,0.0034478188581532664,-0.010078610915382195
2.3074614922984598,PASSED,-0.26691417470309753,-0.0006558116428222544,0.0019231596246670972,2.6623039802387325,0.003437740154989143,-0.010078764663284313
2.3084616923384678,PASSED,-0.2669148295531361,-0.0006538884467960648,0.001923220293871201,2.6623074129393616,0.0034276611759836055,-0.010079121900372771
2.3094618923784758,PASSED,-0.26691548247993574,-0.0006519651713601556,0.0019233121972679875,2.6623108355607816,0.003417581763127508,-0.010079606826580795
2.3104620924184838,PASSED,-0.2669161334834033,-0.0006500417880857407,0.0019234306591794917,2.6623142481024926,0.003407501786175698,-0.0100802237019622
2.3114622924584918,PASSED,-0.2669167825634199,-0.0006481182737107698,0.0019235701854985487,2.6623176505638413,0.003397421077689571,-0.010081031675570465
2.3124624924984998,PASSED,-0.26691742971984556,-0.0006461946096819667,0.0019237265910060503,2.6623210429440816,0.0033873395664051568,-0.010081831023643318
2.313462692538508,PASSED,-0.26691807495252445,-0.0006442707825528816,0.0019238941544710514,2.6623244252423715,0.003377257197137821,-0.01008272809646331
2.314462892578516,PASSED,-0.26691871826128966,-0.0006423467835799566,0.0019240688518943315,2.662327797457816,0.0033671738900189455,-0.010083693133817127
2.315463092618524,PASSED,-0.2669193596459681,-0.0006404226092741509,0.001924244608413376,2.662331159589486,0.0033570896404427797,-0.010084620537731815
2.316463292658532,PASSED,-0.2669199991063855,-0.0006384982609584523,0.0019244174538888192,2.6623345116364505,0.0033470044744402902,-0.010085529645660668
2.31746349269854,PASSED,-0.26692063664237103,-0.0006365737441108528,0.0019245831100733169,2.662337853597795,0.0033369184005868926,-0.01008643665855523
2.318463692738548,PASSED,-0.2669212722537625,-0.00063464906990631,0.0019247349341893877,2.6623411854726444,0.003326831467233042,-0.010087264484047696
2.319463892778556,PASSED,-0.26692190594041043,-0.0006327242537799057,0.001924870254547551,2.662344507260201,0.003316743787633767,-0.010087956342760551
2.320464092818564,PASSED,-0.26692253770218316,-0.0006307993151046927,0.001924984288989985,2.662347818959747,0.003306655439033194,-0.010088610105781682
2.321464292858572,PASSED,-0.2669231675389713,-0.0006288742789036109,0.0019250708091430033,2.662351120570695,0.003296566550522484,-0.010089074113995032
2.32246449289858,PASSED,-0.26692379545069234,-0.0006269491745500551,0.0019251267164976564,2.6623544120925913,0.0032864773022128787,-0.010089364440011682
2.323464692938588,PASSED,-0.2669244214372948,-0.000625024034769619,0.0019251484897284223,2.662357693525144,0.0032763878373503336,-0.010089531810900618
2.324464892978596,PASSED,-0.2669250454987631,-0.0006230988979419025,0.001925129053041796,2.662360964868254,0.0032662983624877776,-0.010089436896992663
2.325465093018604,PASSED,-0.26692566763512143,-0.0006211738059659266,0.0019250672579318624,2.6623642261220266,0.0032562091175553746,-0.01008911695601038
2.326465293058612,PASSED,-0.26692628784643807,-0.0006192488048258843,0.0019249570614493828,2.662367477286801,0.0032461203215433687,-0.010088582049336572
2.32746549309862,PASSED,-0.2669269061328296,-0.0006173239450233392,0.0019247949632754942,2.662370718363169,0.0032360322424016728,-0.010087743869935235
2.328465693138628,PASSED,-0.26692752249446494,-0.0006153992808935006,0.0019245769075473319,2.6623739493519962,0.0032259451788291564,-0.01008661004090392
2.329465893178636,PASSED,-0.266928136931569,-0.0006134748703649311,0.0019242996092511267,2.6623771702544428,0.0032158594221033203,-0.010085187849123685
2.330466093218644,PASSED,-0.26692874944442696,-0.0006115507755034695,0.0019239583629352363,2.6623803810719813,0.003205775293160164,-0.010083423005845115
2.331466293258652,PASSED,-0.2669293600333877,-0.0006096270621840571,0.0019235499570637931,2.6623835818064236,0.0031956931525344372,-0.010081285705647635
2.33246649329866,PASSED,-0.26692996869886737,-0.0006077037992221612,0.0019230716317839935,2.662386772459932,0.0031856133558788033,-0.010078803955625062
2.333466693338668,PASSED,-0.26693057544135335,-0.000605781059355648,0.0019225186896661274,2.662389953035041,0.0031755362729494335,-0.010075935578533006
2.334466893378676,PASSED,-0.26693118026140716,-0.0006038589189756196,0.001921888173603069,2.662393123534677,0.003165462321480221,-0.010072628729665712
2.335467093418684,PASSED,-0.266931783159668,-0.0006019374570517095,0.00192117775744828,2.6623962839621687,0.003155391905097974,-0.010068941483967772
2.336467293458692,PASSED,-0.26693238413685594,-0.0006000167560768477,0.001920383119804277,2.662399434321274,0.003145325453958071,-0.010064790910527087
2.3374674934987,PASSED,-0.2669329831937751,-0.0005980969016655362,0.0019195019389830015,2.6624025746161872,0.0031352634281866564,-0.01006018234533906
2.338467693538708,PASSED,-0.2669335803313163,-0.0005961779818506328,0.0019185317321835588,2.66240570485156,0.0031252062810112773,-0.01005512372873849
2.339467893578716,PASSED,-0.26693417555046023,-0.0005942600879732189,0.0019174686409008514,2.6624088250325153,0.0031151544905420455,-0.010049568296227742
2.340468093618724,PASSED,-0.26693476885227985,-0.0005923433139326465,0.0019163109736866511,2.6624119351646587,0.0031051085555923517,-0.010043512718671353
2.341468293658732,PASSED,-0.2669353602379434,-0.0005904277558854136,0.001915056096263572,2.662415035254094,0.0030950689726193443,-0.01003696314256507
2.34246849369874,PASSED,-0.26693594970871626,-0.00058851351228424,0.0019137019377804313,2.6624181253074357,0.0030850362581297526,-0.010029882054275747
2.343468693738748,PASSED,-0.2669365372659639,-0.0005866006843162615,0.0019122453214437999,2.662421205331826,0.0030750109566339647,-0.010022247790129073
2.344468893778756,PASSED,-0.2669371229111537,-0.0005846893754046711,0.001910684638354952,2.662424275334935,0.0030649935923387195,-0.010014108631988924
2.345469093818764,PASSED,-0.2669377066458572,-0.0005827796901900546,0.0019090189321242024,2.6624273353249848,0.0030549847186055303,-0.010005383800656789
2.346469293858772,PASSED,-0.2669382884717519,-0.0005808717354961484,0.0019072452017608208,2.662430385310748,0.0030449849047189444,-0.009996100610537923
2.34746949389878,PASSED,-0.26693886839062325,-0.0005789656209349807,0.00190536080077232,2.6624334253015696,0.003034994718089333,-0.009986243975661207
2.348469693938788,PASSED,-0.2669394464043661,-0.0005770614561386643,0.0019033674600123216,2.662436455307363,0.0030250147314929963,-0.009975815010120358
2.349469893978796,PASSED,-0.2669400225149866,-0.000575159352901117,0.001901260422570617,2.6624394753386253,0.0030150455330023055,-0.00996478747773797
2.350470094018804,PASSED,-0.2669405967246032,-0.00057325942495903,0.0018990396217644068,2.6624424854064426,0.003005087719788038,-0.009953163705287406
2.351470294058812,PASSED,-0.26694116903544823,-0.0005713617864039332,0.0018967045106516238,2.6624454855225004,0.0029951418899785594,-0.009940940545605431
2.35247049409882,PASSED,-0.26694173944986904,-0.0005694665526851554,0.001894253190862094,2.66244847569909,0.0029852086550839455,-0.009928097793953055
2.353470694138828,PASSED,-0.2669423079703287,-0.0005675738402909124,0.001891685196496976,2.6624514559490984,0.0029752886108957003,-0.009914675117772866
2.354470894178836,PASSED,-0.2669428745994073,-0.0005656837663570892,0.0018889997587073883,2.662454426286037,0.0029653823809487434,-0.009900599833079164
2.355471094218844,PASSED,-0.26694343933980236,-0.0005637964489486093,0.0018861958416614992,2.662457386724028,0.0029554905908674065,-0.009885916913508786
2.356471294258852,PASSED,-0.2669440021943298,-0.0005619120067514129,0.0018832731008862145,2.662460337277816,0.002945613850252694,-0.009870623082181321
2.35747149429886,PASSED,-0.26694456316592385,-0.000560030558009124,0.001880232503224031,2.6624632779627624,0.0029357527787995962,-0.009854703700376092
2.358471694338868,PASSED,-0.2669451222576381,-0.0005581522224354989,0.001877070953892618,2.662466208794861,0.0029259080213459208,-0.009838126622541497
2.359471894378876,PASSED,-0.2669456794726451,-0.0005562771192182528,0.0018737913928150783,2.6624691297907224,0.0029160801845593705,-0.009820976895888822
2.360472094418884,PASSED,-0.26694623481423685,-0.0005544053674512945,0.0018703920163871254,2.662472040967588,0.0029062698956563745,-0.00980316357440119
2.361472294458892,PASSED,-0.2669467882858245,-0.0005525370866394069,0.0018668733422212965,2.662474942343323,0.002896477793866396,-0.009784727267030084
2.3624724944989,PASSED,-0.2669473398909386,-0.0005506723958226492,0.0018632357997819635,2.6624778339364155,0.002886704488106329,-0.009765691422091197
2.363472694538908,PASSED,-0.26694788963322796,-0.0005488114130934405,0.0018594806821596946,2.662480715765979,0.002876950604444444,-0.009746011821748052
2.364472894578916,PASSED,-0.2669484375164603,-0.0005469542572163645,0.0018556060070202712,2.6624835878517454,0.002867216768825511,-0.009725718150388717
2.365473094618924,PASSED,-0.2669489835445208,-0.0005451010456396478,0.001851615289847837,2.6624864502140664,0.002857503588737378,-0.009704821379962572
2.366473294658932,PASSED,-0.2669495277214119,-0.0005432518945954384,0.0018475082137835918,2.6624893028739067,0.002847811679482021,-0.009683301172286642
2.36747349469894,PASSED,-0.2669500700512526,-0.0005414069208812274,0.0018432840478292975,2.66249214585284,0.0028381416516703424,-0.009661178904606445
2.368473694738948,PASSED,-0.2669506105382769,-0.0005395662387064037,0.0018389475928199202,2.662494979173045,0.0028284941016434605,-0.009638464108398945
2.369473894778956,PASSED,-0.26695114918683366,-0.0005377299622669359,0.0018344956705663522,2.6624978028573048,0.0028188696350265347,-0.00961513495594357
2.370474094818964,PASSED,-0.26695168600138475,-0.0005358982043946954,0.0018299326733565763,2.662500616928996,0.0028092688459846033,-0.009591225099256933
2.371474294858972,PASSED,-0.2669522209865043,-0.0005340710765270894,0.001825257997105724,2.6625034214120724,0.0027996922938905633,-0.00956677009056153
2.37247449489898,PASSED,-0.2669527541468768,-0.0005322486880567892,0.0018204754524298592,2.6625062163310815,0.0027901405799934816,-0.0095416764347617
2.373474694938988,PASSED,-0.2669532854872964,-0.0005304311481163262,0.0018155829324851037,2.6625090017111366,0.002780614277622943,-0.009516052994390034
2.374474894978996,PASSED,-0.26695381501266424,-0.0005286185632235685,0.001810586199605959,2.662511777577916,0.0027711139195398297,-0.00948989480892855
2.375475095019004,PASSED,-0.26695434272798796,-0.000526811038302796,0.0018054840682168972,2.662514543957654,0.002761640072379418,-0.00946314872806716
2.376475295059012,PASSED,-0.266954868638379,-0.0005250086768831447,0.0018002796539409276,2.662517300877127,0.0027521932844286607,-0.00943588076588472
2.37747549509902,PASSED,-0.2669553927490513,-0.0005232115801690703,0.0017949747541632503,2.6625200483636564,0.0027427740776862263,-0.0094080907268007
2.378475695139028,PASSED,-0.2669559150653189,-0.0005214198474343377,0.0017895713884454015,2.6625227864450833,0.00273338297281095,-0.009379780974258907
2.379475895179036,PASSED,-0.2669564355925943,-0.0005196335758786535,0.0017840716671769022,2.6625255151497633,0.002724020479624607,-0.009350967994399122
2.380476095219044,PASSED,-0.2669569543363859,-0.0005178528605564919,0.0017784777588179311,2.6625282345065573,0.002714687099416615,-0.009321655017054438
2.381476295259052,PASSED,-0.2669574713022961,-0.000516077794273687,0.0017727919654629907,2.66253094454482,0.0027053833187221875,-0.009291864479342627
2.38247649529906,PASSED,-0.2669579864960187,-0.0005143084671950031,0.0017670171541643675,2.662533645294385,0.002696109608208265,-0.009261607870309151
2.383476695339068,PASSED,-0.26695849992333676,-0.0005125449672039972,0.001761155215566716,2.662536336785553,0.002686866430567127,-0.009230890821690698
2.384476895379076,PASSED,-0.26695901159011975,-0.0005107873798738675,0.0017552087398384566,2.662539019049077,0.0026776542316042174,-0.00919973772372258
2.385477095419084,PASSED,-0.2669595215023215,-0.0005090357878316785,0.0017491809104226127,2.662541692116155,0.0026684734482219225,-0.009168147154676527
2.386477295459092,PASSED,-0.26696002966597715,-0.0005072902713592287,0.0017430735138012732,2.662544356018405,0.0026593244939814497,-0.00913615896433738
2.3874774954991,PASSED,-0.2669605360872006,-0.0005055509079765874,0.001736889961868057,2.6625470107878706,0.002650207790546341,-0.009103733082289109
2.388477695539108,PASSED,-0.2669610407721819,-0.0005038177720543669,0.0017306332291222323,2.6625496564569824,0.002641123715932792,-0.009070968967721376
2.389477895579116,PASSED,-0.2669615437271843,-0.000502090935458177,0.0017243055075682626,2.6625522930585577,0.0026320726389564507,-0.009037815648754567
2.3904780956191236,PASSED,-0.26696204495854114,-0.0005003704672223387,0.0017179100546848933,2.662554920625785,0.00262305494209019,-0.00900428434459874
2.3914782956591316,PASSED,-0.26696254447265355,-0.0004986564332214734,0.001711449964985574,2.662557539192206,0.0026140709620153034,-0.008970443895077949
2.3924784956991396,PASSED,-0.2669630422759867,-0.0004969488962516391,0.0017049283064000742,2.6625601487917008,0.0026051210214749856,-0.008936271637144118
2.3934786957391476,PASSED,-0.26696353837506764,-0.0004952479165597926,0.0016983472821441314,2.662562749458469,0.002596205443927448,-0.008901781487800374
2.3944788957791556,PASSED,-0.26696403277648145,-0.0004935535507351701,0.001691711519607943,2.662565341227016,0.0025873245218693604,-0.008867015771612093
2.3954790958191636,PASSED,-0.26696452548686855,-0.0004918658522698808,0.001685023095743492,2.662567924132142,0.0025784785437083916,-0.008831953087206324
2.3964792958591716,PASSED,-0.2669650165129214,-0.0004901848721398085,0.001678284819624796,2.662570498208913,0.002569667764508307,-0.008796663275336989
2.3974794958991796,PASSED,-0.2669655058613817,-0.0004885106576272303,0.0016715009745469763,2.6625730634926605,0.0025608924409011176,-0.008761097161757412
2.3984796959391876,PASSED,-0.2669659935390365,-0.0004868432525336134,0.0016646745063300977,2.6625756200189508,0.0025521528067553594,-0.00872532546842541
2.3994798959791956,PASSED,-0.2669664795527157,-0.0004851826981885161,0.001657807570942161,2.662578167823571,0.0025434490603248802,-0.008689360405181833
2.4004800960192036,PASSED,-0.2669669639092883,-0.00048352903213238476,0.001650905046257372,2.6625807069425185,0.002534781414668658,-0.008653169156915481
2.4014802960592116,PASSED,-0.26696744661565946,-0.000481882288384231,0.0016439695494180296,2.6625832374119787,0.0025261500543782216,-0.008616821046117093
2.4024804960992197,PASSED,-0.26696792767876687,-0.0004802424983598032,0.001637003674434299,2.662585759268309,0.0025175551258585717,-0.008580333502004366
2.4034806961392277,PASSED,-0.26696840710557784,-0.0004786096901510628,0.0016300112316111309,2.662588272548017,0.002508996778288593,-0.008543690281960637
2.4044808961792357,PASSED,-0.2669688849030858,-0.00047698388773576017,0.0016229965377636043,2.662590777287755,0.0025004751563724036,-0.00850690967234306
2.4054810962192437,PASSED,-0.266969361078307,-0.0004753651124169787,0.001615961172793335,2.6625932735242896,0.002491990358512308,-0.00847005665193058
2.4064812962592517,PASSED,-0.26696983563827714,-0.00047375338227016506,0.001608909462827294,2.6625957612944937,0.002483542474141464,-0.008433102850119549
2.4074814962992597,PASSED,-0.26697030859004844,-0.00047214871205346207,0.001601844052620144,2.662598240635319,0.002475131586285729,-0.008396077859478622
2.4084816963392677,PASSED,-0.2669707799406858,-0.0004705511125019839,0.0015947698840502404,2.6626007115837926,0.0024667577590055502,-0.008358993560645756
2.4094818963792757,PASSED,-0.26697124969726393,-0.00046896059187948426,0.0015876877814659423,2.6626031741769904,0.0024584210292231358,-0.00832188726359398
2.4104820964192837,PASSED,-0.26697171786686386,-0.0004673771554701952,0.0015806021611711719,2.662605628452018,0.0024501214147909065,-0.008284765877986261
2.4114822964592917,PASSED,-0.26697218445656995,-0.0004658008043128961,0.001573517154717637,2.662608074446004,0.0024418589410480805,-0.00824761231938606
2.4124824964992997,PASSED,-0.2669726494734661,-0.00046423153621787436,0.0015664353885578683,2.662610512196071,0.002433633587610128,-0.008210514183663637
2.4134826965393077,PASSED,-0.26697311292463327,-0.00046266934722679666,0.001559358059424252,2.662612941739329,0.0024254453257724125,-0.008173426940416421
2.4144828965793157,PASSED,-0.26697357481714556,-0.00046111422886404993,0.0015522918982950663,2.6626153631128457,0.0024172941167763407,-0.00813639703317557
2.4154830966193237,PASSED,-0.26697403515806795,-0.00045956616962177123,0.0015452374716011027,2.6626177763536485,0.002409179907776482,-0.008099416977647012
2.4164832966593317,PASSED,-0.266974493954452,-0.00045802515545155834,0.0015381986359541073,2.6626201814986965,0.0024011026257177164,-0.008062525446177683
2.4174834966993397,PASSED,-0.26697495121333376,-0.00045649116893001034,0.001531178445277261,2.662622578584859,0.002393062161782517,-0.008025756261213322
2.4184836967393477,PASSED,-0.2669754069417303,-0.0004549641894652275,0.0015241801444532605,2.662624967648906,0.002385058413622822,-0.007989076092016179
2.4194838967793557,PASSED,-0.26697586114663663,-0.000453444193550447,0.0015172064283319976,2.662627348727503,0.002377091283066486,-0.00795250019921535
2.4204840968193637,PASSED,-0.2669763138350229,-0.0004519311549485103,0.0015102600510064784,2.662629721857176,0.002369160606538681,-0.007916127413531973
2.4214842968593717,PASSED,-0.26697676501383133,-0.000450425044317326,0.0015033443513027295,2.6626320870743068,0.002361266225826609,-0.007879882911098967
2.4224844968993797,PASSED,-0.26697721468997354,-0.00044892582926820936,0.0014964621809926927,2.6626344444151124,0.002353407989677025,-0.007843804975241179
2.4234846969393877,PASSED,-0.2669776628703273,-0.00044743347478367,0.0014896160202370824,2.662636793915644,0.0023455857161223713,-0.0078079192742619395
2.4244848969793957,PASSED,-0.2669781095617344,-0.00044594794365061964,0.0014828078749259473,2.662639135611754,0.0023377991929723644,-0.0077722590671696215
2.4254850970194037,PASSED,-0.2669785547709972,-0.00044446919495492435,0.0014760425762081312,2.6626414695390923,0.002330048213468277,-0.00773679312870002
2.4264852970594117,PASSED,-0.2669789985048764,-0.0004429971854757369,0.0014693207478403234,2.6626437957330906,0.002322332560847898,-0.007701558948164774
2.4274854970994197,PASSED,-0.2669794407700885,-0.0004415318701723595,0.0014626450070687933,2.662646114228946,0.0023146519814717824,-0.007666592994749374
2.4284856971394277,PASSED,-0.26697988157330305,-0.0004400732005672309,0.001456019337168555,2.6626484250616116,0.00230700622870283,-0.007631859285086991
2.4294858971794357,PASSED,-0.2669803209211401,-0.0004386211258561766,0.0014494449603114625,2.6626507282657843,0.002299395050426116,-0.00759739093779873
2.4304860972194438,PASSED,-0.2669807588201681,-0.00043717559335823113,0.0014429241897014682,2.6626530238758863,0.0022918181519545576,-0.00756323682739832
2.4314862972594518,PASSED,-0.26698119527690123,-0.0004357365477964443,0.001436459809843677,2.662655311926054,0.002284275238073454,-0.007529365250240532
2.4324864972994598,PASSED,-0.2669816302977974,-0.0004343039315009533,0.001430053952589331,2.6626575924501332,0.0022767660328084018,-0.007495765274927067
2.4334866973394678,PASSED,-0.2669820638892559,-0.0004328776846076834,0.0014237088537235978,2.6626598654816624,0.002269290212202224,-0.007462524160345503
2.4344868973794758,PASSED,-0.26698249605761504,-0.00043145774577788606,0.0014174254805131635,2.6626621310538594,0.0022618474350785804,-0.007429612432508965
2.4354870974194838,PASSED,-0.2669829268091508,-0.00043004405115427854,0.0014112073856704212,2.6626643891996107,0.002254437383611208,-0.007397010823947769
2.4364872974594918,PASSED,-0.26698335615007407,-0.0004286365343809855,0.0014050563650414582,2.66266663995147,0.002247059723468559,-0.007364759688450284
2.4374874974994998,PASSED,-0.2669837840865291,-0.0004272351284479846,0.0013989723116405758,2.6626688833416354,0.0022397140769190105,-0.007332904456946578
2.438487697539508,PASSED,-0.2669842106245918,-0.0004258397642400849,0.0013929588054057847,2.6626711194019497,0.002232400089251479,-0.0073013764745881475
2.439487897579516,PASSED,-0.2669846357702678,-0.0004244503698588141,0.0013870180985142177,2.6626733481638882,0.002225117402444407,-0.007270227028726959
2.440488097619524,PASSED,-0.26698505952949086,-0.00042306687309247163,0.0013811492115612877,2.662675569658545,0.0022178656119383397,-0.007239499490960868
2.441488297659532,PASSED,-0.26698548190812105,-0.0004216891997502435,0.001375356096005948,2.6626777839166293,0.0022106443315761315,-0.007209134276373532
2.44248849769954,PASSED,-0.26698590291194385,-0.0004203172738859611,0.0013696390431334707,2.662679990968467,0.0022034531946111624,-0.007179138757365994
2.443488697739548,PASSED,-0.26698632254666815,-0.0004189510186609565,0.0013639993462520243,2.662682190843976,0.002196291769918875,-0.007149615315568592
2.444488897779556,PASSED,-0.2669867408179253,-0.00041759035571152476,0.001358438684884884,2.662684383572663,0.0021891596327827142,-0.007120485016555478
2.445489097819564,PASSED,-0.26698715773126747,-0.0004162352051348812,0.001352958504482772,2.662686569183629,0.0021820564038423375,-0.007091724889591021
2.446489297859572,PASSED,-0.26698757329216705,-0.0004148854869555724,0.001347557962526125,2.662688747705552,0.002174981645402081,-0.007063447474033664
2.44748949789958,PASSED,-0.266987987506015,-0.00041354111903457166,0.0013422412266505387,2.662690919166685,0.0021679349104660787,-0.007035593243981478
2.448489697939588,PASSED,-0.26698840037812027,-0.0004122020185552982,0.0013370066476887713,2.6626930835948492,0.002160915790349574,-0.00700813803152047
2.449489897979596,PASSED,-0.2669888119137088,-0.00041086810255480893,0.0013318555690230004,2.6626952410174325,0.00215392384402003,-0.006981151861560033
2.450490098019604,PASSED,-0.2669892221179226,-0.0004095392864810574,0.0013267897435705577,2.6626973914613803,0.0021469586114520292,-0.006954619705627793
2.451490298059612,PASSED,-0.26698963099581924,-0.00040821548559637785,0.001321808312085534,2.6626995349532,0.0021400196703634414,-0.006928488677227639
2.45249049809962,PASSED,-0.2669900385523709,-0.00040689661427189004,0.0013169133327560162,2.6627016715189495,0.002133106570930215,-0.006902839937225182
2.453490698139628,PASSED,-0.2669904447924642,-0.00040558258646674093,0.0013121041200779544,2.6627038011842314,0.002126218832981628,-0.006877669956161501
2.454490898179636,PASSED,-0.2669908497208994,-0.00040427331594375344,0.001307381458260563,2.662705923974208,0.0021193560382295256,-0.006852877949396362
2.455491098219644,PASSED,-0.2669912533423903,-0.00040296871561719405,0.0013027462387585889,2.6627080399135816,0.0021125177306449737,-0.006828594007989157
2.456491298259652,PASSED,-0.2669916556615637,-0.00040166869866178705,0.0012981974331725554,2.6627101490265943,0.0021057034160442416,-0.006804794995894002
2.45749149829966,PASSED,-0.26699205668295944,-0.0004003731781772748,0.0012937358520720942,2.662712251337042,0.002098912676651857,-0.006781368990044481
2.458491698339668,PASSED,-0.26699245641103003,-0.00039908206648017655,0.0012893622604489272,2.662714346868256,0.002092145055317656,-0.006758456230305412
2.459491898379676,PASSED,-0.26699285485014085,-0.0003977952763355845,0.00128507540068755,2.662716435643111,0.002085400056448797,-0.00673602729456125
2.460492098419684,PASSED,-0.26699325200457014,-0.0003965127210837804,0.0012808751525484933,2.662718517684028,0.002078677257802858,-0.006713979546856815
2.461492298459692,PASSED,-0.26699364787850893,-0.0003952343133519618,0.0012767627846653922,2.662720593012974,0.0020719762138374674,-0.006692420244413949
2.4624924984997,PASSED,-0.2669940424760615,-0.0003939599664574029,0.0012727363011545154,2.6627226616514497,0.002065296422838822,-0.006671371501466043
2.463492698539708,PASSED,-0.26699443580124566,-0.0003926895941455628,0.0012687963189638,2.6627247236205136,0.00205863746460267,-0.0066506827259422184
2.464492898579716,PASSED,-0.26699482785799294,-0.0003914231104208112,0.0012649419952768617,2.6627267789407685,0.0020519989039670256,-0.006630479242112312
2.465493098619724,PASSED,-0.26699521865014925,-0.0003901604295565529,0.0012611734435792779,2.662728827632368,0.0020453802530572933,-0.006610765354813035
2.466493298659732,PASSED,-0.26699560818147516,-0.0003889014669327783,0.001257488743904825,2.6627308697150167,0.0020387810831032907,-0.006591439686796099
2.46749349869974,PASSED,-0.26699599645564687,-0.00038764613845562073,0.00125388829932606,2.6627329052079802,0.00203220097350492,-0.006572556206087556
2.468493698739748,PASSED,-0.26699638347625665,-0.00038639436014211445,0.0012503716562930886,2.6627349341300817,0.0020256394576906433,-0.006554155553070155
2.469493898779756,PASSED,-0.2669967692468134,-0.0003851460494389441,0.0012469367344218178,2.6627369564997068,0.002019096102699144,-0.006536154617118782
2.470494098819764,PASSED,-0.2669971537707442,-0.0003839011246010215,0.0012435835735897344,2.662738972334817,0.002012570509658201,-0.006518551990159392
2.471494298859772,PASSED,-0.2669975370513942,-0.0003826595044814475,0.001240311150230282,2.66274098165294,0.0020060622270842215,-0.00650143629652637
2.47249449889978,PASSED,-0.26699791909202836,-0.00038142110927576157,0.0012371179093229729,2.6627429844711834,0.0019995708297718454,-0.006484704656276275
2.473494698939788,PASSED,-0.2669982998958323,-0.0003801858601661263,0.0012340032431768122,2.662744980806239,0.0019930959306866418,-0.006468362037821729
2.474494898979796,PASSED,-0.2669986794659134,-0.00037895367934017755,0.0012309658811300646,2.6627469706743927,0.0019866371156923557,-0.006452450298595043
2.475495099019804,PASSED,-0.2669990578053017,-0.0003777244902250813,0.0012280046044070491,2.6627489540915183,0.0019801939604747235,-0.006436958496989752
2.476495299059812,PASSED,-0.26699943491695155,-0.00037649821766131775,0.0012251178700012284,2.6627509310730972,0.0019737660911997735,-0.006421809793589795
2.47749549909982,PASSED,-0.2669998108037425,-0.00037527478759242285,0.0012223048681574186,2.662752901634219,0.0019673531293387257,-0.00640706323935317
2.478495699139828,PASSED,-0.26700018546848114,-0.0003740541276810999,0.001219563273433236,2.6627548657895868,0.00196095466728976,-0.0063927279220409635
2.479495899179836,PASSED,-0.2670005589139019,-0.00037283616657555156,0.0012168929936251529,2.6627568235535293,0.0019545703454681798,-0.006378717754606701
2.480496099219844,PASSED,-0.26700093114266915,-0.00037162083468599385,0.001214291153512728,2.662758774940006,0.0019481998127094642,-0.006365076094787878
2.481496299259852,PASSED,-0.2670013021573782,-0.00037040806401154457,0.001211757021740304,2.6627607199626167,0.001941842691566634,-0.006351817841524779
2.48249649929986,PASSED,-0.26700167196055713,-0.0003691977878788828,0.0012092888732760001,2.6627626586346063,0.0019354986359652012,-0.006338880774705204
2.483496699339868,PASSED,-0.26700204055466825,-0.0003679899415105412,0.00120688469838533,2.662764590968878,0.001929167321363115,-0.006326270487006918
2.484496899379876,PASSED,-0.26700240794210994,-0.00036678446189427407,0.0012045428948549422,2.6627665169779937,0.0019228483996148436,-0.006314022589114477
2.485497099419884,PASSED,-0.26700277412521845,-0.00036558128750409407,0.0012022620537300499,2.6627684366741984,0.0019165415574104842,-0.006302055281189185
2.486497299459892,PASSED,-0.26700313910626905,-0.00036438035836561955,0.0012000405283042303,2.6627703500694078,0.0019102464777799733,-0.0062904291967249126
2.4874974994999,PASSED,-0.2670035028874787,-0.0003631816169890169,0.0011978752754682241,2.6627722571752397,0.001903962859024047,-0.006279078462061294
2.488497699539908,PASSED,-0.2670038654710071,-0.00036198500737347027,0.0011957658422655111,2.6627741580030126,0.0018976904194092411,-0.006268013716635379
2.489497899579916,PASSED,-0.26700422685895897,-0.0003607904750286476,0.0011937100131941879,2.6627760525637467,0.0018914288472161673,-0.006257277844032554
2.490498099619924,PASSED,-0.2670045870533859,-0.0003595979678714923,0.001191705253129322,2.6627779408681955,0.0018851778906120796,-0.0062467424441244425
2.491498299659932,PASSED,-0.26700494605628833,-0.00035840743604651,0.0011897495395509002,2.6627798229268342,0.0018789372881834866,-0.006236509084905577
2.49249849969994,PASSED,-0.2670053038696171,-0.00035721883061652957,0.0011878426902667569,2.662781698749888,0.0018727067720935768,-0.006226520759912553
2.493498699739948,PASSED,-0.26700566049527613,-0.00035603210554611096,0.0011859799905198152,2.6627835683473267,0.001866486105692199,-0.006216763495687952
2.494498899779956,PASSED,-0.26700601593512374,-0.0003548472169254756,0.0011841610407123545,2.6627854317288895,0.001860275064799019,-0.006207225824840941
2.495499099819964,PASSED,-0.26700637019097523,-0.00035366412179543643,0.0011823845229237534,2.6627872889040822,0.0018540734153746896,-0.006197931823988174
2.496499299859972,PASSED,-0.2670067232646045,-0.0003524827803651858,0.0011806460351351604,2.6627891398822,0.0018478809519178112,-0.006188817878805334
2.49749949989998,PASSED,-0.2670070751577465,-0.00035130315501714877,0.001178944889971712,2.662790984672329,0.0018416974803151292,-0.006179907418599633
2.498499699939988,PASSED,-0.2670074258720991,-0.0003501252088421984,0.0011772803649362138,2.662792823283369,0.0018355228104238422,-0.006171178206411984
2.499499899979996,PASSED,-0.267007775409325,-0.00034894890831295216,0.0011756473054528461,2.662794655724024,0.0018293567497661388,-0.006162648958564034
2.500500100020004,PASSED,-0.2670081237710544,-0.0003477742219681382,0.0011740457043881538,2.6627964820028365,0.001823199151003177,-0.006154231965893999
2.501500300060012,PASSED,-0.2670084709588865,-0.0003466011198921869,0.0011724729903266255,2.6627983021281816,0.0018170498528980214,-0.0061460088646630275
2.50250050010002,PASSED,-0.2670088169743922,-0.0003454295744949996,0.0011709270017610611,2.6628001161082904,0.001810908703976555,-0.006137908959335129
2.503500700140028,PASSED,-0.26700916181911566,-0.00034425956052117995,0.0011694052885254324,2.6628019239512475,0.001804775576880211,-0.0061299391876834045
2.504500900180036,PASSED,-0.2670095054945769,-0.0003430910546153662,0.0011679063173393124,2.6628037256650203,0.0017986503565563946,-0.0061220744145717015
2.505501100220044,PASSED,-0.2670098480022736,-0.0003419240356019972,0.0011664274773887258,2.6628055212574497,0.0017925329180532342,-0.006114347895552705
2.506501300260052,PASSED,-0.2670101893436836,-0.0003407584847939834,0.0011649663617638551,2.662807310736278,0.001786423167571145,-0.006106685539780221
2.50750150030006,PASSED,-0.26701052952026644,-0.00033959438481318785,0.0011635223934833815,2.6628090941091505,0.0017803210250636283,-0.006099113819340922
2.508501700340068,PASSED,-0.26701086853346623,-0.00033843172127618406,0.0011620909660174695,2.662810871383631,0.0017742264009518044,-0.00609163097347898
2.509501900380076,PASSED,-0.2670112063847131,-0.0003372704816235189,0.0011606721104302172,2.662812642567209,0.0017681392318604475,-0.006084194503275611
2.510502100420084,PASSED,-0.2670115430754256,-0.0003361106545998791,0.0011592636324462334,2.6628144076673177,0.0017620594709400544,-0.0060768051984712405
2.511502300460092,PASSED,-0.2670118786070128,-0.0003349522323935555,0.0011578612555751871,2.662816166691335,0.0017559870620140893,-0.006069478077627717
2.5125025005001,PASSED,-0.26701221298087635,-0.000333795208524707,0.0011564656110306247,2.6628179196466064,0.0017499219792599951,-0.006062152538405061
2.513502700540108,PASSED,-0.2670125461984123,-0.00033263957805968044,0.0011550737010238875,2.6628196665404404,0.0017438641959336416,-0.006054870518318885
2.514502900580116,PASSED,-0.2670128782610136,-0.0003314853393249275,0.0011536820905723322,2.662821407380133,0.001737813696485846,-0.006047585400779977
2.515503100620124,PASSED,-0.26701320917007154,-0.00033033249149363704,0.0011522916584358537,2.6628231421729756,0.0017317704918936607,-0.006040284053122031
2.516503300660132,PASSED,-0.26701353892697816,-0.000329181036049925,0.0011508979672295477,2.6628248709262565,0.0017257345765565953,-0.0060330028596942
2.51750350070014,PASSED,-0.2670138675331281,-0.000328030977245401,0.0011494993627202978,2.6628265936472806,0.001719705970154756,-0.006025675429936186
2.518503700740148,PASSED,-0.2670141949899207,-0.0003268823200462884,0.0011480957567075445,2.66282831034338,0.0017136847182125721,-0.006018302950349378
2.519503900780156,PASSED,-0.26701452129876124,-0.00032573507156777656,0.0011466836263814449,2.6628300210219145,0.00170767083937989,-0.006010929420904068
2.520504100820164,PASSED,-0.26701484646106366,-0.0003245892416749817,0.0011452607370704485,2.6628317256902894,0.0017016643821670958,-0.006003475740720768
2.521504300860172,PASSED,-0.2670151704782522,-0.00032344484135096377,0.0011438267153162892,2.662833424355967,0.0016956654271651982,-0.005995941176015481
2.52250450090018,PASSED,-0.2670154933517626,-0.00032230188293078777,0.001142379556749095,2.66283511702647,0.0016896740276019862,-0.005988371821343237
2.523504700940188,PASSED,-0.26701581508304484,-0.0003211603815838751,0.0011409158736883707,2.6628368037093884,0.0016836902415729017,-0.005980728834245434
2.524504900980196,PASSED,-0.26701613567356414,-0.000320020353617339,0.001139436028434634,2.6628384844124002,0.0016777141859850152,-0.005972940090313759
2.525505101020204,PASSED,-0.2670164551248029,-0.0003188818166643867,0.0011379375692974086,2.6628401591432715,0.0016717459500359586,-0.005965099854885332
2.526505301060212,PASSED,-0.26701677343826247,-0.0003177447909143058,0.0011364178706032425,2.6628418279098667,0.0016657856132915243,-0.005957161337467169
2.52750550110022,PASSED,-0.26701709061546464,-0.0003166092975724305,0.0011348769893900356,2.6628434907201592,0.0016598333113074422,-0.005949062415158753
2.528505701140228,PASSED,-0.2670174066579533,-0.0003154753591021098,0.00113331279094105,2.6628451475822326,0.0016538891585159794,-0.005940879708998895
2.529505901180236,PASSED,-0.2670177215672959,-0.0003143430001887743,0.0011317229949318844,2.6628467985043054,0.0016479532790915645,-0.0059325459013586015
2.530506101220244,PASSED,-0.2670180353450852,-0.00031321224706454563,0.001130106543759967,2.662848443494715,0.0016420258065290901,-0.005924090336551608
2.531506301260252,PASSED,-0.2670183479929402,-0.00031208312604204247,0.001128464008331914,2.662850082561946,0.0016361068883594529,-0.0059154700583613435
2.53250650130026,PASSED,-0.267018659512508,-0.0003109556664351443,0.0011267900059422798,2.6628517157146296,0.0016301966812185852,-0.005906698529205556
2.533506701340268,PASSED,-0.2670189699054652,-0.0003098298985751134,0.0011250864294233207,2.662853342961545,0.001624295324408029,-0.005897795664789845
2.534506901380276,PASSED,-0.26701927917351853,-0.0003087058526431793,0.0011233522669412696,2.6628549643116393,0.001618402995917216,-0.0058886837081620355
2.535507101420284,PASSED,-0.26701958731840725,-0.00030758356196027194,0.0011215829602180905,2.6628565797740182,0.0016125198644198428,-0.005879430023513797
2.536507301460292,PASSED,-0.2670198943419031,-0.000306463060324554,0.0011197807527177919,2.6628581893579724,0.0016066461065198274,-0.005869976484349601
2.5375075015003,PASSED,-0.26702020024581236,-0.000305344381649701,0.0011179439562765316,2.662859793072962,0.0016007819013413515,-0.005860357641227057
2.538507701540308,PASSED,-0.2670205050319767,-0.0003042275626889483,0.0011160689637368282,2.662861390928634,0.0015949274311347406,-0.005850545250200293
2.539507901580316,PASSED,-0.26702080870227396,-0.00030311264014373914,0.0011141582661907757,2.66286298293483,0.001589082904455194,-0.005840514299111064
2.540508101620324,PASSED,-0.2670211112586195,-0.0003019996513854951,0.001112209086279541,2.6628645691015866,0.0015832485156794312,-0.005830305093530906
2.541508301660332,PASSED,-0.267021412702967,-0.0003008886357321662,0.0011102200313617024,2.6628661494391364,0.001577424451387445,-0.005819903757622893
2.54250850170034,PASSED,-0.26702171303730926,-0.00029977963298412325,0.001108191225830468,2.662867723957929,0.0015716109474047289,-0.005809237466111901
2.543508701740348,PASSED,-0.26702201226367933,-0.0002986726829468671,0.0011061225782066234,2.662869292668609,0.0015658081963846782,-0.005798426722676626
2.544508901780356,PASSED,-0.2670223103841507,-0.0002975678270325139,0.001104011471784292,2.6628708555820455,0.001560016408192843,-0.005787362504607467
2.545509101820364,PASSED,-0.2670226074008389,-0.00029646510785323696,0.0011018576509387343,2.66287241270932,0.0015542358247028062,-0.005776064146989599
2.546509301860372,PASSED,-0.2670229033159013,-0.0002953645670024451,0.0010996629840273086,2.662873964061746,0.001548466667076184,-0.005764553279710215
2.54750950190038,PASSED,-0.26702319813153824,-0.00029426624768156537,0.0010974235454480736,2.6628755096508456,0.0015427091341550948,-0.005752852682008565
2.548509701940388,PASSED,-0.26702349184999336,-0.0002931701943207554,0.0010951399043846058,2.6628770494883756,0.0015369634697550197,-0.0057408722121191245
2.549509901980396,PASSED,-0.26702378447355424,-0.00029207645046153114,0.0010928131624506577,2.6628785835863296,0.0015312299317979904,-0.00572864845363605
2.550510102020404,PASSED,-0.26702407600455275,-0.0002909850603672304,0.0010904413822007946,2.66288011195692,0.0015255087116464406,-0.005716267950158631
2.551510302060412,PASSED,-0.2670243664453654,-0.00028989606942962014,0.0010880239745499893,2.6628816346126074,0.0015198000603265428,-0.0057035735663910556
2.55251050210042,PASSED,-0.26702465579841395,-0.0002888095228426434,0.0010855616619277954,2.6628831515660774,0.0015141042327276094,-0.005690663620628203
2.553510702140428,PASSED,-0.2670249440661651,-0.0002877254655311718,0.001083054411167545,2.662884662830259,0.0015084214414602176,-0.005677543031900563
2.554510902180436,PASSED,-0.2670252312511314,-0.0002866439435984043,0.0010805002805008767,2.6628861684183205,0.0015027519354155264,-0.005664148053218327
2.555511102220444,PASSED,-0.267025517355871,-0.00028556500279813054,0.0010779011467890412,2.662887668343664,0.0014970959590896971,-0.005650528507570087
2.556511302260452,PASSED,-0.2670258023829876,-0.00028448868833368286,0.0010752566762201664,2.6628891626199414,0.001491453752456238,-0.005636658717384897
2.55751150230046,PASSED,-0.2670260863351312,-0.00028341504696231454,0.0010725645014671417,2.662890651261035,0.0014858255468061681,-0.005622570271859972
2.558511702340468,PASSED,-0.2670263692149972,-0.00028234412399479633,0.0010698286115522785,2.662892134281072,0.0014802115859378347,-0.005608221265982259
2.559511902380476,PASSED,-0.2670266510253269,-0.0002812759650450597,0.0010670458418594896,2.6628936116944173,0.0014746121161462733,-0.005593635475280931
2.560512102420484,PASSED,-0.2670269317689075,-0.0002802106163140173,0.0010642173238309554,2.6628950835156795,0.0014690273708628347,-0.005578818488877137
2.561512302460492,PASSED,-0.26702721144857156,-0.00027914812280171525,0.0010613443046161484,2.662896549759705,0.00146345759130794,-0.005563753598906426
2.5625125025005002,PASSED,-0.2670274900671968,-0.0002780885294476238,0.0010584260537416916,2.6628980104415727,0.0014579030110931305,-0.005548464625411422
2.5635127025405082,PASSED,-0.26702776762770614,-0.0002770318817474285,0.0010554621311642989,2.6628994655766034,0.0014523638659663404,-0.005532932127708747
2.5645129025805162,PASSED,-0.2670280441330672,-0.0002759782238838613,0.0010524550185024649,2.6629009151803507,0.0014468403960146631,-0.005517161834323019
2.5655131026205242,PASSED,-0.2670283195862919,-0.0002749276000054067,0.001049403118422736,2.6629023592685965,0.0014413328202953761,-0.005501184975929716
2.5665133026605322,PASSED,-0.26702859399043616,-0.0002738800539997994,0.0010463079303969385,2.6629037978573624,0.0014358413820733209,-0.0054849403861388975
2.5675135027005402,PASSED,-0.2670288673485994,-0.00027283562903246406,0.001043169658627669,2.662905230962889,0.0014303663017183783,-0.005468507000811461
2.5685137027405482,PASSED,-0.26702913966392383,-0.0002717943677952836,0.001039988956215676,2.6629066586016448,0.0014249077932283899,-0.005451842816106505
2.5695139027805562,PASSED,-0.26702941093959415,-0.0002707563123038953,0.001036766514836734,2.6629080807903236,0.0014194660978181283,-0.005434930473031605
2.5705141028205643,PASSED,-0.26702968117883696,-0.00026972150424743716,0.0010335024175390857,2.662909497545833,0.0014140414182618178,-0.00541784561182977
2.5715143028605723,PASSED,-0.26702995038492,-0.0002686899844191452,0.0010301981021272975,2.6629109088853036,0.0014086339708904681,-0.005400515211029673
2.5725145029005803,PASSED,-0.2670302185611513,-0.00026766179267605125,0.001026854170405081,2.662912314826069,0.001403243968518855,-0.005382993812002014
2.5735147029405883,PASSED,-0.26703048571087873,-0.0002666369686594404,0.0010234705807479687,2.6629137153856832,0.0013978716220255068,-0.0053652482809122114
2.5745149029805963,PASSED,-0.26703075183748914,-0.00026561555083025085,0.0010200493281507467,2.6629151105818907,0.0013925171215908466,-0.0053473352038256
2.5755151030206043,PASSED,-0.2670310169444076,-0.00026459757700422314,0.001016590157945753,2.6629165004326456,0.0013871806697877244,-0.005329196202652945
2.5765153030606123,PASSED,-0.26703128103509627,-0.0002635830838304764,0.001013095184280781,2.662917884956094,0.0013818624699553244,-0.0053108689188983375
2.5775155031006203,PASSED,-0.26703154411305385,-0.00026257210740840414,0.0010095639139331542,2.662919264170576,0.0013765627018406848,-0.005292367578467083
2.5785157031406283,PASSED,-0.2670318061818145,-0.0002615646829071629,0.0010059982261132866,2.6629206380946124,0.0013712815414255565,-0.005273688972902636
2.5795159031806363,PASSED,-0.2670320672449468,-0.0002605608439589572,0.0010023994296005842,2.6629220067469084,0.0013660191805361982,-0.005254808833662052
2.5805161032206443,PASSED,-0.26703232730605303,-0.00025956062382315827,0.0009987672732644983,2.662923370146348,0.0013607757957017459,-0.0052357688349791345
2.5815163032606523,PASSED,-0.26703258636876775,-0.0002585640546727664,0.0009951037351434327,2.6629247283119755,0.0013555515294427058,-0.005216597875080523
2.5825165033006603,PASSED,-0.2670328444367572,-0.0002575711670053352,0.000991410288956402,2.6629260812630133,0.0013503465702118264,-0.005197200134745321
2.5835167033406683,PASSED,-0.2670331015137176,-0.0002565819905934164,0.000987687160560397,2.662927429018831,0.001345161068173437,-0.005177703307485578
2.5845169033806763,PASSED,-0.2670333576033749,-0.00025559655472430325,0.0009839350081482232,2.6629287715989585,0.001339995157690882,-0.005158048599268222
2.5855171034206843,PASSED,-0.26703361270948256,-0.0002546148862390619,0.0009801574699701047,2.6629301090230713,0.0013348490042277242,-0.005138223372417396
2.5865173034606923,PASSED,-0.2670338668358215,-0.0002536370115600219,0.0009763528184199983,2.6629314413109877,0.0013297227417687159,-0.005118288516735541
2.5875175035007003,PASSED,-0.2670341199861979,-0.0002526629562869518,0.0009725235761701947,2.662932768482657,0.0013246164864397273,-0.005098233203824093
2.5885177035407083,PASSED,-0.2670343721644428,-0.0002516927439266914,0.0009686715496539373,2.6629340905581604,0.001319530378390211,-0.005078024613311071
2.5895179035807163,PASSED,-0.26703462337441036,-0.000250726396915643,0.000964797318644665,2.662935407557697,0.0013144645332497007,-0.005057725491976373
2.5905181036207243,PASSED,-0.26703487361997663,-0.0002497639370184003,0.0009609016163080481,2.6629367195015847,0.0013094190570615688,-0.005037309985568928
2.5915183036607323,PASSED,-0.26703512290503867,-0.00024880538445190195,0.0009569865332918456,2.6629380264102527,0.0013043940688563555,-0.005016773684976356
2.5925185037007403,PASSED,-0.26703537123351284,-0.00024785075762732647,0.0009530536854313385,2.6629393283042275,0.0012993896572005448,-0.004996170303033211
2.5935187037407483,PASSED,-0.2670356186093336,-0.0002469000740590377,0.0009491034901936998,2.662940625204131,0.0012944059064900464,-0.004975470982141894
2.5945189037807563,PASSED,-0.2670358650364523,-0.0002459533503598747,0.0009451371718091516,2.6629419171306767,0.0012894429196643822,-0.004954664054679161
2.5955191038207643,PASSED,-0.26703611051883586,-0.0002450106009361234,0.0009411575917127799,2.6629432041046543,0.0012845007630583067,-0.0049338183070064216
2.5965193038607723,PASSED,-0.2670363550604651,-0.00024407183902338956,0.0009371647934144881,2.662944486146937,0.0012795795092224763,-0.0049128775217130985
2.5975195039007803,PASSED,-0.2670365986653338,-0.0002431370773948642,0.000933159518599265,2.6629457632784512,0.0012746792196080877,-0.004891897676172316
2.5985197039407884,PASSED,-0.26703684133744726,-0.000242206326567468,0.000929145033260869,2.6629470355201956,0.0012697999532097703,-0.004870845546413861
2.5995199039807964,PASSED,-0.2670370830808207,-0.00024127959557976672,0.0009251216239949161,2.6629483028932173,0.001264941764956884,-0.004849750057201293
2.6005201040208044,PASSED,-0.26703732389947804,-0.00024035689273324792,0.0009210903282013825,2.662949565418605,0.0012601046825682352,-0.004828637276280476
2.6015203040608124,PASSED,-0.2670375637974507,-0.00023943822495881847,0.0009170527385815197,2.6629508231174945,0.0012552887552805196,-0.004807453962005692
2.6025205041008204,PASSED,-0.2670378027787757,-0.0002385235966611482,0.000913012003729467,2.6629520760110443,0.0012504940040926897,-0.004786282671712632
2.6035207041408284,PASSED,-0.26703804084749494,-0.000237613012372524,0.0009089658118873896,2.662953324120442,0.001245720444477969,-0.004765077576726442
2.6045209041808364,PASSED,-0.26703827800765345,-0.00023670647495498923,0.0009049184879663722,2.662954567466891,0.0012409681016052755,-0.00474385307000529
2.6055211042208444,PASSED,-0.2670385142632979,-0.0002358039842872396,0.000900872120938452,2.6629558060715994,0.0012362369693956529,-0.004722651636033932
2.6065213042608524,PASSED,-0.2670387496184755,-0.00023490554111944514,0.0008968238656984803,2.662957039955788,0.0012315270556824069,-0.004701421764720772
2.6075215043008604,PASSED,-0.26703898407723275,-0.00023401114421921378,0.0008927789232532522,2.6629582691406615,0.0012268383467198012,-0.004680233761195648
2.6085217043408684,PASSED,-0.2670392176436136,-0.00023312078919488172,0.0008887390917179131,2.6629594936474206,0.0012221708278308539,-0.004659042307448543
2.6095219043808764,PASSED,-0.2670394503216584,-0.0002322344726763619,0.0008847014697211138,2.662960713497247,0.0012175244858598964,-0.004637875079963373
2.6105221044208844,PASSED,-0.2670396821154025,-0.00023135218942601845,0.0008806711040916603,2.662961928711288,0.0012128992713228567,-0.004616774175090488
2.6115223044608924,PASSED,-0.26703991302887525,-0.00023047393158275218,0.0008766490027159974,2.6629631393106648,0.0012082951571267815,-0.004595674210064809
2.6125225045009004,PASSED,-0.26704014306609786,-0.00022959969083598318,0.0008726352428043514,2.662964345316459,0.001203712114668179,-0.004574621290960813
2.6135227045409084,PASSED,-0.26704037223108323,-0.00022872945885354354,0.0008686298088631601,2.6629655467497044,0.001199150075745084,-0.0045536506778509804
2.6145229045809164,PASSED,-0.2670406005278334,-0.000227863223332092,0.0008646393298438108,2.662966743631378,0.0011946089818435262,-0.004532722717362431
2.6155231046209244,PASSED,-0.2670408279603393,-0.0002270009724241929,0.0008606586266026032,2.6629679359824014,0.0011900887844409646,-0.004511847192694476
2.6165233046609324,PASSED,-0.26704105453257904,-0.00022614269389458738,0.0008566917982740981,2.6629691238236255,0.00118558940406822,-0.004491069159444683
2.61752350470094,PASSED,-0.26704128024851664,-0.0002252883716987976,0.0008527424608002165,2.66297030717583,0.0011811107597736892,-0.004470361051254451
2.618523704740948,PASSED,-0.26704150511210095,-0.00022443799024321747,0.0008488074521000608,2.662971486059716,0.0011766527810699666,-0.00444972380536821
2.619523904780956,PASSED,-0.26704172912726437,-0.0002235915335096924,0.0008448895878083763,2.662972660495892,0.0011722153656963457,-0.004429209752455817
2.620524104820964,PASSED,-0.2670419522979217,-0.00022274898224147,0.000840992388498436,2.662973830504885,0.0011677984273913951,-0.004408757339947125
2.621524304860972,PASSED,-0.26704217462796886,-0.00022191031697864753,0.0008371138457051225,2.66297499610711,0.0011634018583521232,-0.004388443505488673
2.62252450490098,PASSED,-0.26704239612128206,-0.000221075518386933,0.0008332550890541104,2.662976157322889,0.0011590255526235823,-0.004368213877242704
2.623524704940988,PASSED,-0.2670426167817163,-0.00022024456394922835,0.0008294206701383438,2.662977314172431,0.0011546694076605833,-0.004348099020170003
2.624524904980996,PASSED,-0.2670428366131045,-0.00021941743088276254,0.0008256079973508409,2.662978466675824,0.0011503332863753942,-0.00432813612853527
2.625525105021004,PASSED,-0.2670430556192565,-0.00021859409635939525,0.000821818874044902,2.6629796148530436,0.0011460170772068707,-0.0043082578618490784
2.626525305061012,PASSED,-0.2670432738039578,-0.00021777453496641698,0.0008180564056005256,2.662980758723927,0.0011417206476929675,-0.0042885439486059565
2.62752550510102,PASSED,-0.26704349117096876,-0.00021695872079840662,0.0008143193429502942,2.6629818983081925,0.0011374438647527257,-0.00426894226799905
2.628525705141028,PASSED,-0.26704370772402347,-0.00021614662791126466,0.0008106085832697402,2.662983033625409,0.001133186582930436,-0.004249508191817012
2.629525905181036,PASSED,-0.267043923466829,-0.00021533822828161925,0.00080692699389586,2.6629841646950063,0.0011289486557969507,-0.004230206427931104
2.630526105221044,PASSED,-0.2670441384030641,-0.00021453349314074833,0.0008032739055209462,2.662985291536275,0.0011247299518134157,-0.0042110356872705895
2.631526305261052,PASSED,-0.26704435253637887,-0.00021373239349601779,0.0007996501375369366,2.662986414168344,0.001120530297503857,-0.004192066724417328
2.63252650530106,PASSED,-0.2670445658703934,-0.00021293489901893012,0.0007960573701215225,2.6629875326101886,0.0011163495303009273,-0.004173234188604874
2.633526705341068,PASSED,-0.26704477840869706,-0.0002121409782732918,0.0007924963293161354,2.662988646880626,0.0011121875128809737,-0.004154539574186079
2.634526905381076,PASSED,-0.267044990154848,-0.00021135059998608966,0.0007889662591261693,2.6629897569983108,0.0011080440670909438,-0.004136049933926183
2.635527105421084,PASSED,-0.2670452011123721,-0.00021056373147274415,0.0007854700161584235,2.66299086298172,0.0011039189991053616,-0.004117746686686113
2.636527305461092,PASSED,-0.2670454112847622,-0.00020978033904360367,0.0007820073711284856,2.662991964849164,0.0010998121607650301,-0.004099566109428444
2.6375275055011,PASSED,-0.26704562067547766,-0.00020900038890925843,0.0007785786431564221,2.6629930626187748,0.0010957233772970463,-0.004081595040353916
2.638527705541108,PASSED,-0.26704582928794335,-0.0002082238468179302,0.0007751843901094265,2.6629941563085087,0.001091652446312729,-0.0040638216136262
2.639527905581116,PASSED,-0.26704603712554953,-0.00020745067720761898,0.000771826423779043,2.6629952459361363,0.0010875991970601742,-0.0040462010118404316
2.640528105621124,PASSED,-0.2670462441916508,-0.00020668084426743495,0.000768503951120678,2.6629963315192415,0.0010835634438941257,-0.004028787935520317
2.641528305661132,PASSED,-0.26704645048956577,-0.00020591431192600845,0.0007652179349637112,2.6629974130752205,0.0010795449843352906,-0.004011573974378509
2.64252850570114,PASSED,-0.2670466560225764,-0.000205151043277615,0.0007619691240133152,2.6629984906212756,0.001075543632393002,-0.003994537254228491
2.643528705741148,PASSED,-0.2670468607939276,-0.00020439100092093512,0.0007587578451242337,2.662999564174417,0.0010715591988493395,-0.003977697736618606
2.644528905781156,PASSED,-0.267047064806827,-0.00020363414727412777,0.0007555841812627516,2.6630006337514582,0.0010675914751922173,-0.003961074270791137
2.645529105821164,PASSED,-0.26704726806444407,-0.0002028804441857168,0.0007524490265097568,2.6630016993690164,0.001063640269338448,-0.003944626909087985
2.646529305861172,PASSED,-0.2670474705699102,-0.00020212985319526463,0.0007493522997471337,2.663002761043502,0.0010597053771180063,-0.0039284024280112125
2.64752950590118,PASSED,-0.26704767232631804,-0.00020138233561639771,0.0007462944316134431,2.663003818791127,0.0010557865884622513,-0.003912379474250923
2.648529705941188,PASSED,-0.2670478733367215,-0.0002006378523124609,0.0007432758854857053,2.6630048726279028,0.0010518837152663392,-0.003896535677019848
2.649529905981196,PASSED,-0.267048073604135,-0.0001998963639978303,0.0007402966007271769,2.6630059225696256,0.0010479965343696276,-0.0038809443765062787
2.650530106021204,PASSED,-0.267048273131534,-0.00019915783130327211,0.0007373567571122207,2.6630069686318976,0.0010441248464538545,-0.0038655169419507408
2.651530306061212,PASSED,-0.2670484719218541,-0.0001984222143729629,0.0007344570457738718,2.663008010830104,0.0010402684497033783,-0.003850316622826743
2.65253050610122,PASSED,-0.26704866997799104,-0.00019768947322018144,0.0007315972241198487,2.6630090491794225,0.0010364271178036958,-0.0038353420842532487
2.653530706141228,PASSED,-0.26704886730280103,-0.0001969595684276669,0.0007287765047776321,2.6630100836948274,0.0010326006570532014,-0.003820539861321704
2.654530906181236,PASSED,-0.2670490638991001,-0.0001962324598574241,0.0007259966138862862,2.6630111143910806,0.0010287888621602049,-0.0038059649141129913
2.655531106221244,PASSED,-0.2670492597696644,-0.000195508107165917,0.000723256743254271,2.663012141282733,0.0010249915015170473,-0.0037916244625205964
2.656531306261252,PASSED,-0.26704945491723003,-0.00019478647054092246,0.000720556546154714,2.6630131643841235,0.001021208375946174,-0.0037774596431090633
2.65753150630126,PASSED,-0.2670496493444932,-0.00019406751025433477,0.0007178961135430089,2.66301418370939,0.0010174392944333926,-0.003763496092562767
2.658531706341268,PASSED,-0.26704984305410995,-0.00019335118625277064,0.0007152759269115144,2.6630151992724547,0.0010136840241111575,-0.0037497864753499657
2.659531906381276,PASSED,-0.2670500360486968,-0.0001926374585479043,0.0007126955568362085,2.663016211087031,0.0010099423543747296,-0.0037362585771461795
2.660532106421284,PASSED,-0.26705022833083053,-0.00019192628784149243,0.0007101541394623034,2.6630172191666275,0.0010062141029405186,-0.0037229133389208883
2.661532306461292,PASSED,-0.2670504199030481,-0.00019121763451585295,0.0007076527830909106,2.6630182235245394,0.0010024990387916925,-0.0037098313554296404
2.6625325065013,PASSED,-0.26705061076784753,-0.0001905114594113313,0.0007051899854755167,2.6630192241738637,0.0009987969602833803,-0.003696909943567417
2.663532706541308,PASSED,-0.26705080092768746,-0.00018980772364090973,0.0007027662937189301,2.6630202211274905,0.0009951076843509282,-0.003684186591708622
2.664532906581316,PASSED,-0.26705099038498775,-0.0001891063880321104,0.0007003818188528996,2.663021214398097,0.0009914309749512952,-0.0036717246049158543
2.665533106621324,PASSED,-0.26705117914212967,-0.00018840741449237583,0.0006980346869889874,2.663022203998173,0.0009877666488419992,-0.0036593937788826107
2.666533306661332,PASSED,-0.26705136720145634,-0.00018771076542623582,0.0006957253189073507,2.663023189939994,0.0009841145132214592,-0.0036472968483117667
2.66753350670134,PASSED,-0.2670515545652728,-0.00018701640223248644,0.0006934551103107199,2.6630241722356476,0.0009804743550053477,-0.003635399127978091
2.668533706741348,PASSED,-0.26705174123584685,-0.0001863242877764082,0.0006912206865899411,2.6630251508970186,0.000976845985433871,-0.00362368320047571
2.669533906781356,PASSED,-0.267051927215409,-0.00018563438596045493,0.0006890225688621852,2.663026125935799,0.0009732292132377358,-0.0036121648599084654
2.670534106821364,PASSED,-0.2670521125061531,-0.00018494665954555382,0.0006868623122603511,2.6630270973634906,0.0009696238479088275,-0.003600832308241381
2.671534306861372,PASSED,-0.26705229711023704,-0.00018426107252653514,0.0006847368235242387,2.6630280651913996,0.0009660296892528746,-0.0035897095544271517
2.67253450690138,PASSED,-0.26705248102978263,-0.00018357759002427798,0.0006826462880791268,2.6630290294306525,0.0009624465657149198,-0.0035787328603063004
2.673534706941388,PASSED,-0.26705266426687685,-0.0001828961770968552,0.0006805906869851845,2.6630299900921868,0.0009588742959937832,-0.003567960961690202
2.674534906981396,PASSED,-0.26705284682357183,-0.0001822167986967492,0.000678570208853263,2.6630309471867615,0.0009553126845615741,-0.0035573784125548062
2.675535107021404,PASSED,-0.26705302870188585,-0.0001815394216856789,0.0006765815458816282,2.663031900724952,0.0009517615601987253,-0.0035469549963782713
2.676535307061412,PASSED,-0.2670532099038036,-0.00018086401307634424,0.0006746266516366386,2.6630328507171646,0.0009482207615657043,-0.0035366943907827212
2.67753550710142,PASSED,-0.2670533904312769,-0.00018019053956480348,0.0006727047514768287,2.6630337971736284,0.0009446901035516914,-0.003526633762833102
2.678535707141428,PASSED,-0.26705357028622545,-0.00017951896976710918,0.0006708131618392452,2.663034740104407,0.0009411694206146113,-0.0035167157199112904
2.679535907181436,PASSED,-0.26705374947053756,-0.00017884927300154042,0.0006689525013883946,2.6630356795193957,0.0009376585569102248,-0.003506962360703249
2.680536107221444,PASSED,-0.2670539279860702,-0.0001781814174809178,0.0006671242001120793,2.6630366154283323,0.00093415734958714,-0.0034973706313393108
2.681536307261452,PASSED,-0.26705410583465083,-0.00017751537451279133,0.0006653221468027315,2.663037547840794,0.0009306656390379938,-0.0034879371610174134
2.68253650730146,PASSED,-0.267054283018077,-0.00017685111474375378,0.0006635515171940893,2.6630384767662014,0.0009271832723064586,-0.0034786531118804827
2.683536707341468,PASSED,-0.26705445953811785,-0.0001761886094142545,0.0006618078710360795,2.6630394022138284,0.0009237101070542358,-0.0034695066791175077
2.684536907381476,PASSED,-0.26705463539651436,-0.00017552783164475556,0.0006600910351408737,2.6630403241928,0.0009202459933626724,-0.0034605183665273632
2.685537107421484,PASSED,-0.2670548105949806,-0.00017486875436391889,0.0006584014446338864,2.6630412427121044,0.0009167907972897477,-0.003451647877189636
2.686537307461492,PASSED,-0.2670549851352041,-0.0001742113514338703,0.0006567372536583721,2.663042157780582,0.0009133443725101289,-0.003442942714571591
2.6875375075015002,PASSED,-0.2670551590188469,-0.00017355559806480226,0.0006550974460078413,2.663043069406948,0.0009099065948504159,-0.0034343342898073516
2.6885377075415082,PASSED,-0.26705533224754635,-0.00017290146968330661,0.000653482338487526,2.6630439775997803,0.0009064773361248557,-0.003425875016062008
2.6895379075815162,PASSED,-0.26705550482291573,-0.00017224894264267606,0.0006518901753925577,2.663044882367542,0.0009030564743433287,-0.003417519625170462
2.6905381076215242,PASSED,-0.26705567674654535,-0.00017159799456374294,0.0006503200146268282,2.6630457837185615,0.0008996438809823903,-0.0034093091847836703
2.6915383076615322,PASSED,-0.26705584802000326,-0.00017094860386905356,0.0006487711480644326,2.663046681661065,0.0008962394562639358,-0.0034011684075686754
2.6925385077015402,PASSED,-0.2670560186448362,-0.00017030074895406692,0.0006472440929347515,2.663047576203153,0.000892843081579869,-0.003393178868398881
2.6935387077415482,PASSED,-0.2670561886225703,-0.0001696544100254249,0.0006457354857802237,2.663048467352829,0.0008894546491943227,-0.003385268063644561
2.6945389077815562,PASSED,-0.2670563579547122,-0.0001690095683913548,0.000644245732929991,2.6630493551179892,0.0008860740693292178,-0.0033774543994116416
2.6955391078215643,PASSED,-0.26705652664274976,-0.00016836620516328044,0.000642774891503954,2.6630502395064304,0.000882701235444509,-0.003369753541573536
2.6965393078615723,PASSED,-0.2670566946881528,-0.00016772430283143732,0.0006413206254025579,2.6630511205258625,0.0008793360634579564,-0.00336211761653863
2.6975395079015803,PASSED,-0.26705686209237456,-0.00016708384566062337,0.0006398815344215638,2.663051998183895,0.0008759784596947262,-0.003354594527691254
2.6985397079415883,PASSED,-0.2670570288568519,-0.0001664448173914393,0.0006384594256923544,2.6630528724880635,0.0008726283468576084,-0.0033471250434022374
2.6995399079815963,PASSED,-0.2670571949830066,-0.00016580720332516345,0.000637050493331509,2.6630537434458192,0.0008692856511059749,-0.0033397428904543345
2.7005401080216043,PASSED,-0.2670573604722463,-0.00016517099011972405,0.00063565501351133,2.663054611064543,0.000865950296824629,-0.003332428541940461
2.7015403080616123,PASSED,-0.26705752532596516,-0.00016453616433773497,0.0006342729609742335,2.6630554753515363,0.0008626222073159104,-0.00332519681990406
2.7025405081016203,PASSED,-0.26705768954554504,-0.00016390271415237212,0.0006329016682886091,2.663056336314048,0.0008593013373948645,-0.003317985321807107
2.7035407081416283,PASSED,-0.2670578531323559,-0.00016327062869113908,0.0006315413231959792,2.6630571939592547,0.0008559876189338211,-0.003310873887200917
2.7045409081816363,PASSED,-0.26705801608775753,-0.00016263989773738705,0.0006301907074561109,2.6630580482942863,0.0008526809928860874,-0.003303794154755343
2.7055411082216443,PASSED,-0.26705817841309953,-0.0001620105114560644,0.0006288499972336803,2.6630588993262165,0.0008493814243237234,-0.0032967515007697496
2.7065413082616523,PASSED,-0.26705834010972296,-0.00016138246193236848,0.0006275158746707653,2.6630597470620754,0.000846088861914647,-0.003289769681280848
2.7075415083016603,PASSED,-0.2670585011789607,-0.00016075574158374434,0.0006261899979264023,2.6630605915088448,0.0008428032544901125,-0.0032828325867036907
2.7085417083416683,PASSED,-0.26705866162213865,-0.00016013034365721082,0.0006248698789382955,2.6630614326734805,0.0008395245921174663,-0.0032758822299413883
2.7095419083816763,PASSED,-0.2670588214405764,-0.00015950626241928795,0.0006235554772458992,2.6630622705628944,0.0008362528289187439,-0.003269017177909845
2.7105421084216843,PASSED,-0.26705898063558847,-0.00015888349304492646,0.0006222453057718501,2.66306310518398,0.0008329879343082795,-0.003262146232167429
2.7115423084616923,PASSED,-0.26705913920848456,-0.00015826203143091215,0.0006209391528426482,2.663063936543598,0.0008297298978239401,-0.003255296652454016
2.7125425085017003,PASSED,-0.2670592971605709,-0.00015764187415898148,0.0006196360179893745,2.6630647646485985,0.000826478702718145,-0.0032484607413556183
2.7135427085417083,PASSED,-0.267059454493151,-0.00015702301910376447,0.0006183344133687735,2.6630655895058135,0.0008232343303097713,-0.0032416468530524125
2.7145429085817163,PASSED,-0.26705961120752625,-0.000156405464866501,0.0006170341198598919,2.6630664111220623,0.0008199967706406895,-0.0032348348797680286
2.7155431086217243,PASSED,-0.2670597673049972,-0.00015578921056616401,0.0006157344206550444,2.6630672295041626,0.0008167660314785595,-0.003228008683704647
2.7165433086617323,PASSED,-0.2670599227868637,-0.00015517425599002928,0.0006144346797878259,2.6630680446589285,0.0008135421053990365,-0.0032212043434019393
2.7175435087017403,PASSED,-0.2670600776544265,-0.00015456060259806667,0.0006131325334124728,2.6630688565931777,0.0008103249947267812,-0.003214381558157575
2.7185437087417483,PASSED,-0.26706023190898737,-0.00015394825187147818,0.000611829522039179,2.6630696653137327,0.0008071147141397142,-0.0032075466063398
2.7195439087817563,PASSED,-0.2670603855518501,-0.00015333720588864785,0.000610523623357807,2.6630704708274275,0.0008039112725041856,-0.0032007049883212044
2.7205441088217643,PASSED,-0.26706053858432144,-0.00015272746824117494,0.0006092136635496595,2.6630712731411132,0.0008007146898762699,-0.0031938343876452887
2.7215443088617723,PASSED,-0.26706069100771157,-0.00015211904269791715,0.0006079001297299032,2.663072072261656,0.0007975249850465582,-0.0031869517910895306
2.7225445089017803,PASSED,-0.267060842823335,-0.00015151193375097295,0.0006065814917537416,2.6630728681959432,0.0007943421741711911,-0.0031800502648854103
2.7235447089417884,PASSED,-0.26706099403251116,-0.00015090614698930934,0.0006052569416035441,2.663073660950897,0.0007911663049922568,-0.0031730817883002063
2.7245449089817964,PASSED,-0.26706114463656516,-0.00015030168829535825,0.0006039265288494838,2.6630744505334594,0.0007879973953779153,-0.0031661281650354296
2.7255451090218044,PASSED,-0.2670612946368285,-0.000149698564202796,0.0006025891350374208,2.6630752369506085,0.0007848354683079969,-0.0031591263398404626
2.7265453090618124,PASSED,-0.2670614440346396,-0.00014909678222894428,0.0006012438663946027,2.663076020209362,0.000781680588178866,-0.0031520493219911756
2.7275455091018204,PASSED,-0.2670615928313447,-0.0001484963503986006,0.0005998904729764276,2.6630768003167757,0.0007785327872821608,-0.0031449686131812793
2.7285457091418284,PASSED,-0.26706174102829805,-0.00014789727716764506,0.0005985284029416246,2.6630775772799473,0.0007753920946426728,-0.003137841990359042
2.7295459091818364,PASSED,-0.26706188862686286,-0.0001472995714639726,0.0005971572374930672,2.6630783511060234,0.0007722585799247347,-0.003130629869657323
2.7305461092218444,PASSED,-0.2670620356284119,-0.0001467032433033285,0.0005957754427447748,2.6630791218022023,0.0007691322937870563,-0.00312339031635919
2.7315463092618524,PASSED,-0.2670621820343277,-0.0001461083029981185,0.0005943835468534786,2.663079889375725,0.000766013262180598,-0.003116125799857713
2.7325465093018604,PASSED,-0.2670623278460036,-0.0001455147612233163,0.000592980593434636,2.6630806538338985,0.0007629015704776772,-0.0031087356382960957
2.7335467093418684,PASSED,-0.26706247306484376,-0.00014492262910358,0.0005915664706040587,2.6630814151840836,0.0007597972807993305,-0.003101325705047208
2.7345469093818764,PASSED,-0.2670626176922639,-0.00014433191871331564,0.0005901396700378973,2.6630821734336987,0.0007567004236128881,-0.003093878174039203
2.7355471094218844,PASSED,-0.26706276172969196,-0.00014374264239452576,0.00058870075129121,2.663082928590232,0.0007536110894503341,-0.0030863048215638927
2.7365473094618924,PASSED,-0.2670629051785682,-0.00014315481244366626,0.0005872494172383116,2.6630836806612295,0.0007505293463908706,-0.003078701884729773
2.7375475095019004,PASSED,-0.26706304804034564,-0.0001425684421338927,0.0005857842381303609,2.6630844296543112,0.0007474552449560546,-0.0030710344682069136
2.7385477095419084,PASSED,-0.26706319031649095,-0.0001419835453330794,0.0005843051759352365,2.663085175577163,0.0007443888677850245,-0.0030632723062454428
2.7395479095819164,PASSED,-0.26706333200848414,-0.00014140013530909945,0.0005828132560097473,2.663085918437542,0.0007413302872597464,-0.00305545267129993
2.7405481096219244,PASSED,-0.2670634731178196,-0.00014081822648192349,0.0005813058746200954,2.663086658243284,0.0007382795762709913,-0.0030475498670585414
2.7415483096619324,PASSED,-0.2670636136460058,-0.00014023783395917367,0.0005797836215029373,2.663087395002296,0.0007352368128564772,-0.003039572446151242
2.7425485097019404,PASSED,-0.26706375359456613,-0.00013965897191532654,0.0005782476587432204,2.6630881287225625,0.000732202069846003,-0.0030315233866896408
2.7435487097419484,PASSED,-0.26706389296503896,-0.00013908165549205836,0.0005766955996181571,2.663088859412146,0.0007291754293738226,-0.0030233851958408053
2.7445489097819564,PASSED,-0.2670640317589777,-0.00013850590059485843,0.000575127762254496,2.6630895870791935,0.0007261569800481504,-0.003015158745559817
2.7455491098219644,PASSED,-0.26706416997795157,-0.00013793172271069553,0.000573544632101833,2.6630903117319247,0.0007231467865150104,-0.0030068833915268462
2.7465493098619724,PASSED,-0.26706430762354527,-0.0001373591370139826,0.0005719464064536545,2.6630910333786537,0.0007201449477924523,-0.0029984756099121226
2.7475495099019804,PASSED,-0.26706444469735957,-0.0001367881603543408,0.0005703301617672066,2.6630917520277633,0.0007171515399341168,-0.002990029357284245
2.7485497099419884,PASSED,-0.26706458120101123,-0.00013621880869388076,0.0005686993262552437,2.663092467687738,0.0007141666527680605,-0.0029814590385708957
2.7495499099819964,PASSED,-0.26706471713613344,-0.00013565109800831547,0.0005670515917719725,2.6630931803671323,0.0007111903678824875,-0.002972835450241219
2.7505501100220044,PASSED,-0.2670648525043755,-0.00013508504496915764,0.000565387337415058,2.663093890074596,0.0007082227698861039,-0.0029641063604784884
2.7515503100620124,PASSED,-0.26706498730740336,-0.00013452066606923902,0.0005637066082543751,2.6630945968188566,0.0007052639462751605,-0.0029553017779201034
2.7525505101020205,PASSED,-0.2670651215468994,-0.00013395797795696243,0.0005620091149580597,2.663095300608741,0.0007023139941264194,-0.0029463857292884098
2.7535507101420285,PASSED,-0.2670652552245628,-0.00013339699751716932,0.0005602946563498191,2.663096001453148,0.0006993729838703998,-0.0029374266071735215
2.7545509101820365,PASSED,-0.26706538834210913,-0.00013283774060885554,0.0005585650762897565,2.6630966993610743,0.0006964410060428971,-0.0029283453077221214
2.7555511102220445,PASSED,-0.26706552090127084,-0.00013228022447507067,0.0005568168387816314,2.6630973943416043,0.000693518171629559,-0.0029191604837485036
2.7565513102620525,PASSED,-0.26706565290379686,-0.00013172446594283076,0.0005550529945454311,2.6630980864039038,0.0006906045386185298,-0.0029099480292163055
2.7575515103020605,PASSED,-0.2670657843514528,-0.0001311704809799876,0.0005532729417083438,2.663098775557226,0.000687700192139264,-0.002900612112632147
2.7585517103420685,PASSED,-0.26706591524602075,-0.0001306182865772387,0.0005514753767759002,2.6630994618109174,0.0006848052515141949,-0.002891159633360517
2.7595519103820765,PASSED,-0.26706604558929936,-0.00013006789899241655,0.0005496623901863518,2.663100145174402,0.0006819197750228741,-0.0028816877299611045
2.7605521104220845,PASSED,-0.2670661753831035,-0.00012951933425641094,0.0005478329665517633,2.6631008256571964,0.0006790438467373504,-0.0028720886558989698
2.7615523104620925,PASSED,-0.26706630462926456,-0.000128972609283892,0.0005459863098304097,2.663101503268903,0.0006761775774647794,-0.002862389683685611
2.7625525105021005,PASSED,-0.26706643332962976,-0.00012842773955178184,0.0005441253469632424,2.6631021780192006,0.0006733210236739572,-0.0028526631955798033
2.7635527105421085,PASSED,-0.2670665614860623,-0.00012788474069259925,0.0005422478673288653,2.6631028499178595,0.0006704742743136526,-0.002842806803454359
2.7645529105821165,PASSED,-0.26706668910044123,-0.00012734362894980543,0.0005403543264371309,2.663103518974729,0.0006676374282740718,-0.0028328721969984243
2.7655531106221245,PASSED,-0.26706681617466105,-0.00012680441944527392,0.0005384462899277524,2.6631041851997406,0.0006648105467173376,-0.0028228877965581663
2.7665533106621325,PASSED,-0.26706694271063175,-0.00012626712749343893,0.0005365223931064592,2.663104848602908,0.0006619937180519797,-0.002812789244557728
2.7675535107021405,PASSED,-0.2670670687102782,-0.0001257317681185852,0.0005345840293519604,2.663105509194322,0.0006591870266732552,-0.0028026261348355393
2.7685537107421485,PASSED,-0.26706719417554015,-0.00012519835553672707,0.0005326316168622449,2.6631061669841456,0.0006563905270024746,-0.0027924153614105936
2.7695539107821565,PASSED,-0.2670673191083721,-0.00012466690491969484,0.0005306632838122511,2.663106821982633,0.0006536043250922311,-0.0027820596094653882
2.7705541108221645,PASSED,-0.26706744351074246,-0.00012413742976547667,0.0005286830678221004,2.6631074742000957,0.0006508284785706068,-0.0027717044630636897
2.7715543108621725,PASSED,-0.2670675673846338,-0.00012360994385243238,0.0005266878098590563,2.6631081236469334,0.0006480630519303659,-0.0027612414250256603
2.7725545109021805,PASSED,-0.26706769073204223,-0.00012308446124775316,0.0005246791345593432,2.6631087703336065,0.0006453081336343846,-0.0027507028766181234
2.7735547109421885,PASSED,-0.2670678135549771,-0.00012256099426571462,0.000522658880357978,2.6631094142706475,0.000642563779283475,-0.0027401220004373717
2.7745549109821965,PASSED,-0.2670679358554606,-0.00012203955589947583,0.0005206246901593478,2.663110055468661,0.0006398300601714675,-0.0027294505197207387
2.7755551110222045,PASSED,-0.26706805763552766,-0.00012152015869345085,0.0005185788832687471,2.663110693938313,0.0006371070455428266,-0.0027187240345877854
2.7765553110622125,PASSED,-0.2670681788972249,-0.00012100281405366182,0.0005165218108025455,2.663111329690332,0.0006343947847432012,-0.0027079519763169996
2.7775555111022205,PASSED,-0.26706829964261114,-0.00012048753411893798,0.0005144520173380333,2.663111962735507,0.0006316933409535487,-0.0026971049985429238
2.7785557111422285,PASSED,-0.26706841987375607,-0.00011997432961223348,0.0005123728329487951,2.663112593084698,0.0006290027993312744,-0.002686166038095285
2.7795559111822365,PASSED,-0.2670685395927406,-0.0001194632108774158,0.0005102826693969331,2.6631132207488055,0.0006263231797379269,-0.0026752552968489158
2.7805561112222446,PASSED,-0.2670686588016556,-0.00011895418854689596,0.0005081821046017753,2.6631138457387933,0.0006236545373848037,-0.002664233723972631
2.7815563112622526,PASSED,-0.26706877750260233,-0.0001184472723907291,0.0005060721905435911,2.6631144680656758,0.0006209969549451272,-0.0026531482501458673
2.7825565113022606,PASSED,-0.2670688956976912,-0.00011794247116569845,0.0005039539146886792,2.663115087740517,0.0006183504558232191,-0.0026420663697496963
2.7835567113422686,PASSED,-0.26706901338904193,-0.00011743979403072984,0.0005018259484885611,2.6631157047744307,0.000615715084969524,-0.0026309071763252305
2.7845569113822766,PASSED,-0.26706913057878245,-0.00011693924918233034,0.000499690781673461,2.6631163191785703,0.0006130908974283359,-0.002619707784430077
2.7855571114222846,PASSED,-0.2670692472690487,-0.0001164408440621462,0.0004975480125245929,2.663116930964134,0.0006104779274568352,-0.0026084780962145207
2.7865573114622926,PASSED,-0.26706936346198434,-0.00011594458632222012,0.0004953975581937541,2.6631175401423595,0.0006078762135019424,-0.0025972045273451342
2.7875575115023006,PASSED,-0.26706947915973983,-0.0001154504826090696,0.00049324114978837,2.663118146724521,0.0006052857921517245,-0.0025858992321330177
2.7885577115423086,PASSED,-0.2670695943644721,-0.0001149585387325797,0.0004910790276242524,2.663118750721924,0.0006027066913482717,-0.0025745685176660833
2.7895579115823166,PASSED,-0.267069709078344,-0.00011446876055239297,0.0004889109485617248,2.6631193521459102,0.0006001389490905871,-0.0025631914176968765
2.7905581116223246,PASSED,-0.2670698233035238,-0.00011398115358608645,0.0004867376448030402,2.6631199510078423,0.0005975825831368301,-0.002551815644463655
2.7915583116623326,PASSED,-0.2670699370421845,-0.00011349572167525464,0.0004845614215176577,2.663120547319116,0.0005950376224588996,-0.0025403907002415683
2.7925585117023406,PASSED,-0.2670700502965035,-0.00011301246919326922,0.0004823798556305784,2.663121141091145,0.0005925040922407637,-0.0025289565633987714
2.7935587117423486,PASSED,-0.26707016306866177,-0.00011253139966246747,0.00048019598091588497,2.6631217323353606,0.0005899819958221352,-0.0025175229887815813
2.7945589117823566,PASSED,-0.2670702753608436,-0.00011205251577298777,0.0004780091618555591,2.663122321063217,0.0005874713630142038,-0.0025060393540311996
2.7955591118223646,PASSED,-0.2670703871752358,-0.00011157581990188555,0.0004758203439333232,2.6631229072861777,0.0005849722064130456,-0.0024945680992426713
2.7965593118623726,PASSED,-0.26707049851402714,-0.00011110131377496667,0.00047362998224259026,2.663123491015712,0.000582484514043749,-0.0024831085493326995
2.7975595119023806,PASSED,-0.26707060937940796,-0.00011062899873923697,0.00047143840472111244,2.6631240722633107,0.000580008320967439,-0.0024715827609615663
2.7985597119423886,PASSED,-0.2670707197735695,-0.00011015887507415027,0.00046924717199709544,2.663124651040456,0.0005775436188875303,-0.002460114959206816
2.7995599119823966,PASSED,-0.2670708296987032,-0.00010969094308396661,0.0004670552023080291,2.6631252273586385,0.0005750903922556695,-0.002448634413630114
2.8005601120224046,PASSED,-0.2670709391570005,-0.00010922520236249845,0.00046486440090824714,2.6631258012293433,0.0005726486593946209,-0.0024371318259941276
2.8015603120624126,PASSED,-0.2670710481506517,-0.00010876165133625323,0.00046267544313655323,2.663126372664058,0.0005702184156344312,-0.002425651716319983
2.8025605121024206,PASSED,-0.26707115668184594,-0.00010830028864034278,0.00046048753109304794,2.6631269416742556,0.0005677996326109508,-0.0024142038949205385
2.8035607121424286,PASSED,-0.2670712647527703,-0.00010784111215392181,0.0004583024566395578,2.663127508271402,0.0005653923098607041,-0.002402735320464407
2.8045609121824366,PASSED,-0.2670713723656095,-0.00010738411890744482,0.0004561204397019347,2.6631280724669537,0.0005629964461984398,-0.0023912825567974512
2.8055611122224446,PASSED,-0.26707147952254495,-0.00010692930545130458,0.0004539421337657718,2.663128634272341,0.0005606119937871229,-0.0023798989809963975
2.8065613122624526,PASSED,-0.26707158622575455,-0.00010647666798325306,0.0004517676909087097,2.6631291936989885,0.0005582389566638034,-0.0023684625515350464
2.8075615123024606,PASSED,-0.267071692477412,-0.0001060262021528858,0.00044959792333963466,2.6631297507582836,0.000555877305816056,-0.0023571097118889658
2.8085617123424687,PASSED,-0.26707179827968625,-0.00010557790268502515,0.00044743383087465837,2.6631303054616042,0.0005535270080454487,-0.0023457564764196833
2.8095619123824767,PASSED,-0.2670719036347409,-0.00010513176409962998,0.0004452750884088392,2.66313085782029,0.0005511880427487368,-0.0023344378435732663
2.8105621124224847,PASSED,-0.26707200854473373,-0.0001046877803800433,0.0004431228070385895,2.66313140784565,0.0005488603666819477,-0.002323168215599538
2.8115623124624927,PASSED,-0.2670721130118162,-0.00010424594481409799,0.00044097740521647507,2.6631319555489683,0.000546543959902227,-0.002311899155801463
2.8125625125025007,PASSED,-0.2670722170381328,-0.00010380624996952155,0.00043883980414974056,2.663132500941486,0.0005442387801606108,-0.00230070013215934
2.8135627125425087,PASSED,-0.26707232062582054,-0.0001033686886214394,0.0004367090440370764,2.663133044034402,0.0005419447670398892,-0.0022895551130962494
2.8145629125825167,PASSED,-0.2670724237770085,-0.00010293325243386785,0.0004345876165945375,2.6631335848388864,0.0005396619122481862,-0.0022783879107743624
2.8155631126225247,PASSED,-0.26707252649381763,-0.00010249993265176686,0.00043247455910527414,2.6631341233660506,0.0005373901515527501,-0.002267342551877105
2.8165633126625327,PASSED,-0.2670726287783594,-0.00010206871985743276,0.0004303716178199675,2.6631346596269667,0.0005351294216134939,-0.0022563215308420803
2.8175635127025407,PASSED,-0.2670727306327363,-0.0001016396045596532,0.00042827775108596357,2.663135193632656,0.0005328797009926278,-0.0022453200142154004
2.8185637127425487,PASSED,-0.2670728320590405,-0.0001012125767633465,0.0004261944931205418,2.6631357253940893,0.0005306409281445592,-0.0022344080706371353
2.8195639127825567,PASSED,-0.2670729330593541,-0.00010078762570872249,0.0004241220956263313,2.663136254922181,0.0005284130304369983,-0.002223557465510072
2.8205641128225647,PASSED,-0.26707303363574814,-0.00010036474009204391,0.00042206129738007775,2.6631367822277863,0.0005261959637297495,-0.0022127395350748187
2.8215643128625727,PASSED,-0.2670731337902825,-9.994390860943529e-05,0.0004200116060943182,2.663137307321706,0.0005239896729093759,-0.002201991677239348
2.8225645129025807,PASSED,-0.2670732335250053,-9.952511937328431e-05,0.0004179743228554253,2.663137830214676,0.0005217940803031527,-0.0021913265588789288
2.8235647129425887,PASSED,-0.26707333284195234,-9.910835976835814e-05,0.00041594979297331634,2.6631383509173703,0.0005196091296647418,-0.002180700024765591
2.8245649129825967,PASSED,-0.2670734317431469,-9.869361707367887e-05,0.00041393796248324053,2.663138869440396,0.0005174347596645053,-0.0021701499838835433
2.8255651130226047,PASSED,-0.26707353023059943,-9.828087829493311e-05,0.0004119393229207704,2.663139385794294,0.0005152708899867382,-0.002159682807022683
2.8265653130626127,PASSED,-0.26707362830630677,-9.787012962485006e-05,0.0004099549015245736,2.6631398999895284,0.000513117446832716,-0.0021492833853552864
2.8275655131026207,PASSED,-0.267073725972252,-9.746135687551323e-05,0.00040798464787832755,2.6631404120364994,0.0005109743734833991,-0.00213893332529125
2.8285657131426287,PASSED,-0.2670738232304042,-9.705454630656734e-05,0.0004060278496576007,2.66314092194553,0.000508841587509101,-0.0021286877403025994
2.8295659131826367,PASSED,-0.26707392008271785,-9.664968313611589e-05,0.0004040867176473446,2.6631414297268665,0.0005067190000236118,-0.002118520648947063
2.8305661132226447,PASSED,-0.2670740165311326,-9.624675156927598e-05,0.0004021614663016128,2.663141935390674,0.0005046065428010885,-0.002108414938240832
2.8315663132626527,PASSED,-0.26707411257757296,-9.584573725769554e-05,0.00040024954176633257,2.6631424389470446,0.0005025041440697922,-0.0020983879266665752
2.8325665133026607,PASSED,-0.26707420822394806,-9.544662455623997e-05,0.00039835480791507156,2.6631429404059883,0.000500411709674992,-0.002088465373555895
2.8335667133426687,PASSED,-0.2670743034721511,-9.504939655085002e-05,0.0003964768037065441,2.663143439777426,0.0004983291479509307,-0.00207862595773149
2.8345669133826767,PASSED,-0.26707439832405927,-9.46540376672883e-05,0.00039461360346520466,2.6631439370712044,0.0004962564004158035,-0.002068828586724466
2.8355671134226847,PASSED,-0.2670744927815334,-9.426053202623596e-05,0.0003927669994437691,2.6631444322970736,0.0004941933600110442,-0.002059181616782554
2.8365673134626928,PASSED,-0.26707458684641777,-9.386886183713634e-05,0.0003909389822035073,2.663144925464703,0.0004921399327028023,-0.002049591102548149
2.8375675135027008,PASSED,-0.2670746805205398,-9.347901059718832e-05,0.0003891260784443822,2.6631454165836774,0.0004900960617697034,-0.002040057486799405
2.8385677135427088,PASSED,-0.26707477380570993,-9.309096171079529e-05,0.0003873307583587706,2.663145905663483,0.0004880616279925551,-0.0020306846373808257
2.8395679135827168,PASSED,-0.26707486670372116,-9.270469660699396e-05,0.00038555466742968864,2.6631463927135233,0.0004860365402162531,-0.0020213565355827866
2.8405681136227248,PASSED,-0.26707495921634916,-9.232019851010222e-05,0.00038379371653312434,2.663146877743107,0.00048402073101721214,-0.002012110974679807
2.8415683136627328,PASSED,-0.2670750513453519,-9.193745005197995e-05,0.000382051619181718,2.6631473607614446,0.00048201407960920097,-0.002003011696898773
2.8425685137027408,PASSED,-0.2670751430924696,-9.155643212148789e-05,0.00038032880469895226,2.6631478417776684,0.00048001650889211215,-0.0019939433972154803
2.8435687137427488,PASSED,-0.26707523445942444,-9.117712758827221e-05,0.000378621685560168,2.663148320800798,0.0004780279208109099,-0.001985017870526739
2.844568913782757,PASSED,-0.26707532544792034,-9.079951836027903e-05,0.0003769342562818478,2.6631487978397717,0.00047604821262951655,-0.0019761683886377166
2.8455691138227643,PASSED,-0.2670754160596433,-9.042358545216756e-05,0.00037526534266454654,2.6631492729034267,0.0004740773007525011,-0.001967407535933999
2.8465693138627723,PASSED,-0.26707550629626076,-9.004931092793686e-05,0.0003736139786081545,2.663149746000507,0.0004721150852142547,-0.001958754206454616
2.8475695139027803,PASSED,-0.26707559615942184,-8.967667651963357e-05,0.0003719813614333899,2.6631502171396564,0.0004701614605848747,-0.0019502049113302613
2.8485697139427884,PASSED,-0.2670756856507572,-8.930566330857186e-05,0.00037036777748057707,2.66315068632942,0.0004682163315738717,-0.0019417450774515184
2.8495699139827964,PASSED,-0.2670757747718787,-8.8936252669464e-05,0.0003687725468593739,2.6631511535782524,0.0004662796152666341,-0.0019333637937616853
2.8505701140228044,PASSED,-0.26707586352437984,-8.856842629250425e-05,0.0003671955970266727,2.6631516188945072,0.0004643512025629698,-0.0019251119769326762
2.8515703140628124,PASSED,-0.2670759519098355,-8.820216561012214e-05,0.00036563740595242807,2.6631520822864387,0.0004624309876867106,-0.0019169501424769306
2.8525705141028204,PASSED,-0.2670760399298017,-8.783745134716673e-05,0.0003640988342907278,2.6631525437622074,0.0004605188910473241,-0.0019088609706595224
2.8535707141428284,PASSED,-0.267076127585816,-8.747426532514419e-05,0.00036257748051043526,2.663153003329872,0.00045861480567410445,-0.0019009016415931239
2.8545709141828364,PASSED,-0.2670762148793972,-8.711258912489092e-05,0.00036107534674849004,2.6631534609973952,0.00045671862787093927,-0.001893028577546535
2.8555711142228444,PASSED,-0.2670763018120456,-8.675240363783924e-05,0.00035959224725380515,2.663153916772639,0.0004548302656330597,-0.0018852513447683062
2.8565713142628524,PASSED,-0.26707638838524295,-8.639369058586039e-05,0.0003581269217955664,2.6631543706633765,0.0004529496326548958,-0.001877554067094333
2.8575715143028604,PASSED,-0.26707647460045225,-8.603643156163071e-05,0.0003566804258524076,2.663154822677276,0.0004510766171483703,-0.001869989799479546
2.8585717143428684,PASSED,-0.26707656045911843,-8.568060813554591e-05,0.00035525209290638177,2.6631552728219128,0.0004492111210777923,-0.0018625002513102768
2.8595719143828764,PASSED,-0.26707664596266784,-8.532620176822159e-05,0.0003538425502696329,2.663155721104761,0.0004473530591115764,-0.0018551031094863025
2.8605721144228844,PASSED,-0.2670767311125086,-8.497319438027067e-05,0.00035245061307177984,2.6631561675332107,0.0004455023420816171,-0.001847792976941304
2.8615723144628924,PASSED,-0.2670768159100308,-8.46215683261784e-05,0.0003510763481059406,2.6631566121145385,0.00044365884552168987,-0.0018406322819178177
2.8625725145029004,PASSED,-0.26707690035660653,-8.427130523914988e-05,0.0003497209129768993,2.6631570548559464,0.00044182250415087884,-0.0018334807634065402
2.8635727145429084,PASSED,-0.2670769844535898,-8.392238710901506e-05,0.00034838294157343554,2.6631574957645308,0.00043999322763104424,-0.0018264736907866535
2.8645729145829164,PASSED,-0.26707706820231714,-8.357479685412757e-05,0.00034706179709686086,2.6631579348472925,0.00043817088490073736,-0.0018195887566537254
2.8655731146229244,PASSED,-0.2670771516041075,-8.322851681804315e-05,0.0003457588620761431,2.663158372111157,0.00043635543117721734,-0.0018126970347642063
2.8665733146629324,PASSED,-0.2670772346602624,-8.288352948719576e-05,0.0003444729766948907,2.663158807562937,0.00043454675507033683,-0.0018059954882914315
2.8675735147029404,PASSED,-0.2670773173720662,-8.253981797398195e-05,0.00034320387089308696,2.6631592412093736,0.0004327447532433837,-0.0017993393860609506
2.8685737147429484,PASSED,-0.26707739974078626,-8.219736544018769e-05,0.0003419516423950614,2.6631596730571054,0.000430949361990968,-0.001792759163318903
2.8695739147829564,PASSED,-0.2670774817676731,-8.185615507408413e-05,0.00034071618190921466,2.663160103112691,0.0004291604828545961,-0.0017862924517405613
2.8705741148229644,PASSED,-0.26707756345396094,-8.15161706001454e-05,0.00033949666862508727,2.663160531382601,0.00042737802726967324,-0.0017798976737109888
2.8715743148629724,PASSED,-0.2670776448008675,-8.117739586413798e-05,0.00033829344759565724,2.6631609578732185,0.000425601913968713,-0.0017735903857930778
2.8725745149029804,PASSED,-0.2670777258095945,-8.083981477266897e-05,0.00033710618738457763,2.6631613825908422,0.0004238320575947577,-0.001767367032730078
2.8735747149429884,PASSED,-0.26707780648132773,-8.050341152200271e-05,0.0003359346261873751,2.6631618055416912,0.0004220683798230036,-0.0017612182644368057
2.8745749149829964,PASSED,-0.26707788681723765,-8.016817110322768e-05,0.00033477761383349437,2.6631622267318984,0.00042031079338414795,-0.0017551652218015814
2.8755751150230044,PASSED,-0.2670779668184793,-7.983407824061232e-05,0.0003336363618032605,2.663162646167521,0.000418559223837988,-0.0017491724290655374
2.8765753150630125,PASSED,-0.26707804648619277,-7.950111776070685e-05,0.00033250989197362125,2.6631630638545363,0.0004168135961914824,-0.0017432644581323396
2.8775755151030205,PASSED,-0.2670781258215034,-7.916927551345945e-05,0.0003313971507632467,2.6631634797988446,0.0004150738269958022,-0.001737439020712222
2.8785757151430285,PASSED,-0.26707820482552236,-7.88385372138152e-05,0.0003302990655649016,2.6631638940062685,0.00041333984160907056,-0.0017316829640779178
2.8795759151830365,PASSED,-0.26707828349934637,-7.850888870375412e-05,0.00032921480639186846,2.6631643064825608,0.00041161157528725434,-0.0017259885603084293
2.8805761152230445,PASSED,-0.2670783618440588,-7.818031650676104e-05,0.0003281437907272035,2.6631647172333985,0.0004098889507504843,-0.0017203818544110666
2.8815763152630525,PASSED,-0.26707843986072916,-7.785280731501382e-05,0.00032708612576056925,2.6631651262643894,0.00040817189448976403,-0.0017148391982597783
2.8825765153030605,PASSED,-0.2670785175504142,-7.752634833756744e-05,0.00032604087857025625,2.6631655335810724,0.00040646034702868756,-0.001709352969620929
2.8835767153430685,PASSED,-0.26707859491415753,-7.72009267810133e-05,0.00032500867521005025,2.6631659391889193,0.0004047542377987259,-0.0017039467368554033
2.8845769153830765,PASSED,-0.26707867195299073,-7.687653042078602e-05,0.00032398815023877193,2.6631663430933363,0.0004030534997435962,-0.0016985989339793326
2.8855771154230845,PASSED,-0.2670787486679329,-7.655314725590438e-05,0.0003229798413102043,2.6631667452996712,0.0004013580823336816,-0.0016932963938714252
2.8865773154630925,PASSED,-0.2670788250599918,-7.623076605720322e-05,0.0003219821036284549,2.6631671458132034,0.0003996679130677847,-0.0016880845139137742
2.8875775155031005,PASSED,-0.2670789011301634,-7.590937525917406e-05,0.00032099659429631126,2.6631675446391543,0.00039798292949722876,-0.001682916274984103
2.8885777155431085,PASSED,-0.267078976879433,-7.558896389178886e-05,0.0003200212161111082,2.6631679417826897,0.0003963030900971463,-0.0016777881501480584
2.8895779155831165,PASSED,-0.267079052308775,-7.526952212853615e-05,0.0003190554613471266,2.6631683372489183,0.00039462833257346405,-0.0016727371060383505
2.8905781156231245,PASSED,-0.2670791274191536,-7.495103938954267e-05,0.0003181009240910286,2.6631687310428926,0.00039295859177799434,-0.0016677432550906083
2.8915783156631325,PASSED,-0.26707920221152326,-7.463350606061518e-05,0.00031715493215179,2.663169123169621,0.00039129384185001084,-0.0016627543765786762
2.8925785157031405,PASSED,-0.26707927668682857,-7.431691269200177e-05,0.00031621899292115936,2.6631695136340525,0.0003896340194295896,-0.0016578677829829508
2.8935787157431485,PASSED,-0.2670793508460053,-7.400125052241809e-05,0.00031529095402537007,2.663169902441092,0.0003879790651602428,-0.0016530119269226873
2.8945789157831565,PASSED,-0.2670794246899803,-7.368651105036943e-05,0.00031437181739749466,2.663170289595599,0.0003863289575214339,-0.0016481714467330593
2.8955791158231645,PASSED,-0.26707949821967203,-7.337268569330903e-05,0.0003134610501690171,2.6631706751023883,0.00038468364431308366,-0.0016434077160950528
2.8965793158631725,PASSED,-0.2670795714359909,-7.305976686688277e-05,0.0003125573439310707,2.6631710589662356,0.0003830430785268271,-0.001638671166364287
2.8975795159031805,PASSED,-0.2670796443398399,-7.27477473496739e-05,0.00031166096606073207,2.6631714411918717,0.00038140722885057906,-0.0016339686828372012
2.8985797159431885,PASSED,-0.2670797169321146,-7.243661984319097e-05,0.0003107718667643935,2.66317182178399,0.00037977605388843415,-0.0016293124816833143
2.8995799159831965,PASSED,-0.2670797892137037,-7.21263773510993e-05,0.0003098895756431926,2.6631722007472556,0.0003781495265362319,-0.0016246705992147752
2.9005801160232045,PASSED,-0.26707986118548954,-7.181701433101746e-05,0.0003090119830409407,2.6631725780862885,0.00037652760187426346,-0.001620094037137636
2.9015803160632125,PASSED,-0.2670799328483483,-7.150852475718895e-05,0.00030814130102022166,2.663172953805683,0.0003749102500549382,-0.0016155236741170558
2.9025805161032205,PASSED,-0.2670800042031506,-7.120090250658992e-05,0.00030727621698488914,2.6631733279100054,0.0003732974602337217,-0.0016109672526160358
2.9035807161432285,PASSED,-0.2670800752507615,-7.089414283137874e-05,0.00030641531402869014,2.6631737004037874,0.0003716891848037224,-0.001606480881588157
2.9045809161832365,PASSED,-0.2670801459920414,-7.058824142831711e-05,0.0003055587957502553,2.6631740712915444,0.0003700854058205088,-0.0016019777176306343
2.9055811162232446,PASSED,-0.26708021642784585,-7.028319310062924e-05,0.00030470801564630304,2.6631744405777598,0.00036848610886637507,-0.0015975097784690433
2.9065813162632526,PASSED,-0.26708028655902644,-6.997899404915096e-05,0.0003038597420329379,2.6631748082668945,0.00036689125400926457,-0.0015930849095381647
2.9075815163032606,PASSED,-0.26708035638643085,-6.96756414287842e-05,0.0003030145392559662,2.6631751743633956,0.0003653008368645872,-0.00158863863477007
2.9085817163432686,PASSED,-0.26708042591090325,-6.937313113410088e-05,0.0003021741316348778,2.663175538871689,0.0003637148449348712,-0.00158422745967996
2.9095819163832766,PASSED,-0.26708049513328497,-6.907146033487347e-05,0.0003013352442891181,2.6631759017961834,0.00036213324567603865,-0.0015798471249343089
2.9105821164232846,PASSED,-0.2670805640544142,-6.877062676929794e-05,0.0003004991130997876,2.6631762631412763,0.0003605560384808729,-0.0015754472419866963
2.9115823164632926,PASSED,-0.26708063267512727,-6.847062827484117e-05,0.0002996647486947624,2.663176622911347,0.0003589832087196729,-0.0015710847740088496
2.9125825165033006,PASSED,-0.26708070099625797,-6.817146258786312e-05,0.00029883297916689244,2.6631769811107717,0.00035741474467470484,-0.001566716892274156
2.9135827165433086,PASSED,-0.2670807690186388,-6.787312862831708e-05,0.00029800127979883606,2.6631773377439107,0.0003558506406458589,-0.0015623621198937437
2.9145829165833166,PASSED,-0.26708083674310085,-6.757562533870657e-05,0.00029717129615162524,2.663177692815124,0.0003542908925762541,-0.0015580053694121865
2.9155831166233246,PASSED,-0.2670809041704741,-6.727895133983756e-05,0.0002963424673472809,2.663178046328759,0.00035273548822179553,-0.00155367034448945
2.9165833166633326,PASSED,-0.26708097130158803,-6.698310656145025e-05,0.0002955129857473346,2.66317839828917,0.0003511844381811543,-0.0015493031714091346
2.9175835167033406,PASSED,-0.2670810381372716,-6.668809067128005e-05,0.0002946844931187791,2.663178748700699,0.00034963773270033175,-0.0015449736870981761
2.9185837167433486,PASSED,-0.2670811046783539,-6.639390395694604e-05,0.00029385486181083013,2.6631790975676948,0.00034809536813209136,-0.0015406251556686226
2.9195839167833566,PASSED,-0.2670811709256643,-6.610054685121036e-05,0.0002930252683522502,2.663179444894501,0.0003465573532773899,-0.0015362746540566617
2.9205841168233646,PASSED,-0.26708123688003266,-6.580801967272747e-05,0.00029219511857000573,2.663179790685471,0.00034502369211147964,-0.001531918840479284
2.9215843168633726,PASSED,-0.26708130254228984,-6.55163240410642e-05,0.0002913626403921149,2.663180134944963,0.0003434943958077256,-0.00152754794593726
2.9225845169033806,PASSED,-0.26708136791326786,-6.522546118023944e-05,0.0002905296744465394,2.6631804776773307,0.0003419694507931677,-0.001523209726971704
2.9235847169433886,PASSED,-0.26708143299380016,-6.4935432253925e-05,0.0002896950942263585,2.6631808188869526,0.00034044888745935435,-0.001518799071707685
2.9245849169833966,PASSED,-0.2670814977847219,-6.464623962377971e-05,0.0002888576540912437,2.6631811585782046,0.00033893271813289155,-0.0015144161629662306
2.9255851170234046,PASSED,-0.26708156228687047,-6.435788543807695e-05,0.0002880185401104453,2.6631814967554743,0.0003374209246805502,-0.0015100449785914152
2.9265853170634126,PASSED,-0.26708162650108513,-6.407037148211392e-05,0.0002871775665314285,2.6631818334231623,0.0003359135419636307,-0.0015056078758048555
2.9275855171034206,PASSED,-0.26708169042820795,-6.378370083543474e-05,0.00028633270011101087,2.6631821685856836,0.000334410592240485,-0.0015011776213729859
2.9285857171434286,PASSED,-0.26708175406908363,-6.34978767950884e-05,0.0002854849338365709,2.6631825022474667,0.00033291206773022615,-0.0014967557695161103
2.9295859171834366,PASSED,-0.26708181742456005,-6.32129018234428e-05,0.000284634996851614,2.663182834412957,0.00033141799526047297,-0.001492283603244478
2.9305861172234446,PASSED,-0.2670818804954881,-6.292877922871724e-05,0.00028378099330817635,2.6631831650866156,0.00032992840269462304,-0.0014877985409202175
2.9315863172634526,PASSED,-0.26708194328272206,-6.26455128209354e-05,0.0002829233507642921,2.6631834942729165,0.00032844328376917725,-0.001483332515129592
2.9325865173034606,PASSED,-0.26708200578711994,-6.236310627873325e-05,0.0002820620031607351,2.6631838219763653,0.00032696268098014747,-0.0014787829716299255
2.9335867173434687,PASSED,-0.26708206800954365,-6.20815636242427e-05,0.00028119642204375823,2.663184148201477,0.0003254866153571745,-0.0014742540572016476
2.9345869173834767,PASSED,-0.26708212995085895,-6.180088875230298e-05,0.0002803271718703558,2.66318447295279,0.0003240150809591296,-0.0014697212919403957
2.9355871174234847,PASSED,-0.2670821916119359,-6.152108605490625e-05,0.00027945304774764187,2.663184796234867,0.0003225481273972633,-0.001465108408483626
2.9365873174634927,PASSED,-0.2670822529936489,-6.124215989490745e-05,0.0002785749014995921,2.663185118052289,0.00032108577494432874,-0.0014605151492351658
2.9375875175035007,PASSED,-0.26708231409687694,-6.096411504429325e-05,0.00027769148335726214,2.663185438409667,0.0003196280331231861,-0.0014558929357476559
2.9385877175435087,PASSED,-0.2670823749225035,-6.068695608067691e-05,0.00027680395045571896,2.663185757311631,0.00031817493894126687,-0.0014512283460336014
2.9395879175835167,PASSED,-0.26708243547141686,-6.041068780323896e-05,0.0002759111620927785,2.663186074762841,0.0003167265205505172,-0.0014465450872270668
2.9405881176235247,PASSED,-0.2670824957445105,-6.0135315389399126e-05,0.00027501324833786736,2.6631863907679767,0.0003152827899157742,-0.0014418543330869734
2.9415883176635327,PASSED,-0.26708255574268275,-5.986084394593465e-05,0.0002741102402155495,2.663186705331751,0.00031384378461832236,-0.0014371059403616335
2.9425885177035407,PASSED,-0.2670826154668371,-5.9587278544812565e-05,0.00027320217505975885,2.663187018458901,0.0003124095376043036,-0.0014323410631234459
2.9435887177435487,PASSED,-0.26708267491788235,-5.9314624581759543e-05,0.0002722884883818684,2.663187330154187,0.0003109800564727092,-0.0014275745105751046
2.9445889177835567,PASSED,-0.26708273409673255,-5.904288747345301e-05,0.0002713695215896437,2.663187640422407,0.0003095553903539029,-0.0014227271909604197
2.9455891178235647,PASSED,-0.2670827930043074,-5.877207261459258e-05,0.0002704450837076291,2.6631879492683774,0.0003081355606907556,-0.0014178979779385012
2.9465893178635727,PASSED,-0.26708285164153184,-5.8502185677074854e-05,0.00026951484005779806,2.6631882566969494,0.00030672058474654715,-0.0014130279217217214
2.9475895179035807,PASSED,-0.26708291000933654,-5.823323206560254e-05,0.0002685794590820038,2.6631885627129996,0.00030531050766357756,-0.0014081098571347528
2.9485897179435887,PASSED,-0.26708296810865767,-5.7965217276410105e-05,0.0002676383425993926,2.6631888673214426,0.0003039053645481732,-0.0014031652875841523
2.9495899179835967,PASSED,-0.2670830259404371,-5.7698147393033416e-05,0.0002666909105615527,2.663189170527209,0.0003025051576497076,-0.0013982346390532488
2.9505901180236047,PASSED,-0.26708308350562254,-5.7432028185302286e-05,0.0002657380725108598,2.6631894723352705,0.0003011099360881196,-0.0013932128432778141
2.9515903180636127,PASSED,-0.267083140805167,-5.716686444690325e-05,0.00026478084899115293,2.6631897727506235,0.0002997197397085609,-0.0013881854037460263
2.9525905181036207,PASSED,-0.26708319784002954,-5.690266274458488e-05,0.0002638156045365172,2.6631900717782973,0.00029833457555950726,-0.0013831499792587387
2.9535907181436287,PASSED,-0.2670832546111748,-5.663942903983178e-05,0.00026284577156413457,2.6631903694233463,0.00029695447876354074,-0.0013780613404383959
2.9545909181836367,PASSED,-0.2670833111195732,-5.6377167879503646e-05,0.00026187141950414415,2.6631906656908586,0.0002955794942700668,-0.0013729332621643087
2.9555911182236447,PASSED,-0.26708336736620064,-5.6115885783735505e-05,0.0002608892132774747,2.6631909605859505,0.00029420963822220336,-0.0013678045716629295
2.9565913182636527,PASSED,-0.2670834233520389,-5.585558855785415e-05,0.00025990256761726976,2.6631912541137712,0.00029284494104108545,-0.001362625587421321
2.9575915183036607,PASSED,-0.2670834790780753,-5.559628102275613e-05,0.00025891084675185694,2.663191546279493,0.0002914854364191102,-0.0013574239783445457
2.9585917183436687,PASSED,-0.2670835345453027,-5.5337969203469795e-05,0.00025791246764265475,2.663191837088326,0.0002901311556976486,-0.0013521852168729088
2.9595919183836767,PASSED,-0.26708358975471963,-5.508065882965417e-05,0.0002569089779309436,2.6631921265455025,0.0002887821208803542,-0.0013469345509088083
2.9605921184236847,PASSED,-0.26708364470732976,-5.482435481827656e-05,0.00025590070034205213,2.663192414656286,0.00028743836122830334,-0.001341643052812164
2.9615923184636928,PASSED,-0.2670836994041425,-5.456906272506817e-05,0.00025488635511928767,2.663192701425965,0.0002860999064299226,-0.00133632929542643
2.9625925185037008,PASSED,-0.26708375384617244,-5.4314788111755695e-05,0.0002538667854412589,2.6631929868598614,0.0002847667893062422,-0.0013309756758495969
2.9635927185437088,PASSED,-0.26708380803443926,-5.4061535651469106e-05,0.0002528429101834643,2.663193270963321,0.00028343903022955586,-0.0013256146772441574
2.9645929185837168,PASSED,-0.267083861969968,-5.3809310659295766e-05,0.00025181304683326164,2.6631935537417135,0.000282116650486544,-0.0013202231201903379
2.9655931186237248,PASSED,-0.26708391565378853,-5.355811832257957e-05,0.00025077852997149345,2.6631938352004476,0.00028079969994531566,-0.0013147688219202669
2.9665933186637328,PASSED,-0.26708396908693566,-5.330796300441187e-05,0.00024973984363184295,2.663194115344938,0.0002794881725861682,-0.0013093663839656064
2.9675935187037408,PASSED,-0.2670840222704492,-5.3058849982102734e-05,0.00024869514142731295,2.6631943941806426,0.0002781821084346978,-0.0013038626631402016
2.9685937187437488,PASSED,-0.2670840752053733,-5.281078350011716e-05,0.00024764737569107746,2.6631946717130335,0.00027688154553245827,-0.001298363061639048
2.969593918783757,PASSED,-0.267084127892757,-5.256376788521556e-05,0.00024659444104195246,2.6631949479476127,0.00027558648459111477,-0.0012928595278131907
2.970594118823765,PASSED,-0.26708418033365333,-5.23178079284737e-05,0.0002455369672084717,2.6631952228898967,0.0002742969477608838,-0.001287321698509417
2.971594318863773,PASSED,-0.26708423252911995,-5.207290775928938e-05,0.0002444756371682328,2.663195496545434,0.0002730129807561012,-0.001281730542298006
2.972594518903781,PASSED,-0.26708428448021837,-5.1829070846358797e-05,0.00024341109677215712,2.6631957689197874,0.0002717345865148539,-0.0012761700405467691
2.973594718943789,PASSED,-0.26708433618801414,-5.1586301411254324e-05,0.00024234166065934378,2.663196040018545,0.000270461780265293,-0.0012705637222370234
2.974594918983797,PASSED,-0.26708438765357645,-5.134460340630065e-05,0.00024126890114989702,2.6631963098473115,0.0002691945979649773,-0.0012649280190349418
2.975595119023805,PASSED,-0.2670844388779784,-5.1103979997662124e-05,0.00024019308029760568,2.6631965784117146,0.00026793305285130784,-0.0012592898434257082
2.976595319063813,PASSED,-0.26708448986229616,-5.086443432327663e-05,0.00023911407044409274,2.6631968457173905,0.00026667714446168556,-0.001253654087086748
2.977595519103821,PASSED,-0.2670845406076093,-5.062596995375458e-05,0.0002380312355740181,2.6631971117700073,0.0002654269177595736,-0.0012479417787953436
2.978595719143829,PASSED,-0.2670845911150004,-5.038858974809251e-05,0.00023694618572076313,2.6631973765752353,0.00026418237627127186,-0.001242274627972668
2.979595919183837,PASSED,-0.26708464138555493,-5.0152296285108566e-05,0.0002358583144927231,2.6631976401387663,0.00026294351823440257,-0.0012365803094670368
2.980596119223845,PASSED,-0.26708469142036106,-4.991709240103404e-05,0.00023476759712906802,2.663197902466308,0.0002617103871914513,-0.0012308315319408247
2.981596319263853,PASSED,-0.2670847412205094,-4.9682980342010576e-05,0.00023367503361972728,2.6631981635635746,0.00026048297722259747,-0.0012251289267958048
2.982596519303861,PASSED,-0.26708479078709274,-4.944996198063456e-05,0.00023258057988020925,2.6631984234362944,0.0002592612873698086,-0.001219397136784208
2.983596719343869,PASSED,-0.267084840121206,-4.921803957630521e-05,0.00023148362062878214,2.6631986820902123,0.0002580453616260205,-0.0012136114817907107
2.984596919383877,PASSED,-0.2670848892239459,-4.898721503726501e-05,0.0002303851513144755,2.663198939531073,0.00025683518643162834,-0.0012078843361265198
2.985597119423885,PASSED,-0.2670849380964108,-4.875748942901454e-05,0.00022928591287446268,2.663199195764641,0.00025563076641112333,-0.0012021104767573933
2.986597319463893,PASSED,-0.26708498673970055,-4.852886425319356e-05,0.00022818468445199008,2.6631994507966774,0.0002544321225133682,-0.0011963328450870193
2.987597519503901,PASSED,-0.267085035154916,-4.830134066028661e-05,0.00022708286521026376,2.663199704632955,0.00025323925013965535,-0.0011905653927967279
2.988597719543909,PASSED,-0.26708508334315906,-4.807491942381945e-05,0.00022598015063842914,2.663199957279252,0.0002520521573129462,-0.001184777782650733
2.989597919583917,PASSED,-0.26708513130553235,-4.784960103258765e-05,0.00022487721829405572,2.66320020874135,0.0002508708525202476,-0.001178989466063885
2.990598119623925,PASSED,-0.26708517904313905,-4.7625386046539766e-05,0.0002237734978837582,2.663200459025027,0.00024969531994458284,-0.0011732279820652614
2.991598319663933,PASSED,-0.2670852265570826,-4.7402274853245474e-05,0.00022266965690130532,2.6632007081360736,0.00024852558115390856,-0.0011674126630802867
2.992598519703941,PASSED,-0.26708527384846636,-4.7180266688486194e-05,0.0002215671699979292,2.663200956080274,0.00024736163514182014,-0.0011616349114271806
2.993598719743949,PASSED,-0.26708532091839365,-4.6959361651957536e-05,0.00022046361421581133,2.663201202863412,0.0002462034599359617,-0.0011558687354793192
2.994598919783957,PASSED,-0.2670853677679674,-4.673955961652091e-05,0.00021936098291717236,2.6632014484912694,0.0002450510672931922,-0.0011500752476295778
2.995599119823965,PASSED,-0.26708541439828953,-4.652085904067601e-05,0.00021826030446338188,2.6632016929696225,0.0002439044555366484,-0.0011443027624867133
2.996599319863973,PASSED,-0.2670854608104616,-4.63032593391662e-05,0.00021715929954076093,2.66320193630425,0.00024276361541494305,-0.001138531694517781
2.997599519903981,PASSED,-0.26708550700558376,-4.60867595642277e-05,0.0002160600918703132,2.6632021785009115,0.0002416285296747164,-0.0011327884373658764
2.998599719943989,PASSED,-0.26708555298475456,-4.587135732052174e-05,0.00021496367826306982,2.663202419565377,0.00024049921429979514,-0.0011269999999581842
2.999599919983997,PASSED,-0.2670855987490715,-4.565705166797116e-05,0.00021386696874224886,2.6632026595033933,0.0002393756454250013,-0.0011212814580176134
3.000600120024005,PASSED,-0.26708564429962983,-4.544384074707532e-05,0.00021277355566490244,2.6632028983207054,0.00023825780348356662,-0.0011155489303794099
3.001600320064013,PASSED,-0.2670856896375228,-4.523172163597219e-05,0.00021168281472861014,2.6632031360230455,0.00023714570007246868,-0.0011098063982436037
3.002600520104021,PASSED,-0.2670857347638416,-4.5020692579732435e-05,0.0002105932172471867,2.663203372616131,0.0002360393061927495,-0.001104118867369601
3.003600720144029,PASSED,-0.2670857796796746,-4.481075092047403e-05,0.0002095072872658791,2.663203608105672,0.00023493860701232877,-0.0010984193891214924
3.004600920184037,PASSED,-0.2670858243861077,-4.460189318842071e-05,0.00020842469524493554,2.663203842497359,0.00023384360260879939,-0.0010927277464679276
3.005601120224045,PASSED,-0.2670858688842234,-4.439411681354626e-05,0.0002073441612941279,2.663204075796866,0.00023275425639642772,-0.0010870918563075053
3.006601320264053,PASSED,-0.2670859131751015,-4.4187418680789896e-05,0.0002062674470645257,2.6632043080098606,0.0002316705702244899,-0.0010814157156913522
3.007601520304061,PASSED,-0.2670859572598181,-4.398179468527309e-05,0.00020519502781831238,2.6632045391419776,0.00023059251550067,-0.001075814062572257
3.008601720344069,PASSED,-0.26708600113944553,-4.377724094454018e-05,0.00020412621600930322,2.663204769198842,0.00022952006424904018,-0.0010702093776681458
3.009601920384077,PASSED,-0.26708604481505244,-4.357375427360854e-05,0.00020306030754653476,2.6632049981860564,0.0002284532159908948,-0.001064607511796834
3.010602120424085,PASSED,-0.26708608828770347,-4.337133035010335e-05,0.0002019996674776394,2.663205226109201,0.0002273919366985501,-0.0010590604793766101
3.011602320464093,PASSED,-0.26708613155845873,-4.3169963887503044e-05,0.00020094432601542458,2.663205452973837,0.00022633619901775542,-0.0010535224817400486
3.012602520504101,PASSED,-0.2670861746283741,-4.2969651040200945e-05,0.00019989186149321325,2.663205678785496,0.0002252859865581849,-0.0010480057781241897
3.013602720544109,PASSED,-0.2670862174985004,-4.2770387119411145e-05,0.00019884529365418093,2.6632059035496902,0.0002242412752405378,-0.001042515010662331
3.014602920584117,PASSED,-0.2670862601698839,-4.25721664674532e-05,0.00019780422416044703,2.6632061272719048,0.00022320203493665457,-0.0010370571660304761
3.015603120624125,PASSED,-0.2670863026435654,-4.237498411706865e-05,0.0001967677678672811,2.6632063499575938,0.0002221682312713281,-0.0010316346648571455
3.016603320664133,PASSED,-0.2670863449205808,-4.217883519847911e-05,0.00019573635240437257,2.66320657161219,0.00022113984976023754,-0.001026212741912763
3.017603520704141,PASSED,-0.2670863870019602,-4.198371347167971e-05,0.00019471197639609315,2.6632067922410947,0.00022011685890450827,-0.0010208429316069265
3.018603720744149,PASSED,-0.2670864288887281,-4.178961329942677e-05,0.00019369230282416752,2.663207011849679,0.00021909921620059524,-0.0010155092187837814
3.019603920784157,PASSED,-0.26708647058190316,-4.159652907972236e-05,0.00019267883095789966,2.663207230443283,0.00021808690068719728,-0.0010101863764740713
3.020604120824165,PASSED,-0.267086512082498,-4.140445431513254e-05,0.00019167205367777679,2.663207448027216,0.00021707988336451238,-0.0010049046201587926
3.021604320864173,PASSED,-0.26708655339151915,-4.1213382851467414e-05,0.00019067107032336107,2.6632076646067526,0.00021607811697694847,-0.0009996742325006729
3.022604520904181,PASSED,-0.26708659450996647,-4.102330803103509e-05,0.00018967732050496065,2.6632078801871377,0.00021508158109964607,-0.0009944436405035513
3.023604720944189,PASSED,-0.2670866354388336,-4.083422367059745e-05,0.00018868905372610765,2.66320809477358,0.0002140902429031071,-0.0009892679005625528
3.024604920984197,PASSED,-0.26708667617910725,-4.064612275867829e-05,0.00018770881738119008,2.663208308371253,0.00021310405160219405,-0.0009841402344800524
3.025605121024205,PASSED,-0.26708671673176754,-4.0458998160505765e-05,0.00018673511870008247,2.6632085209852927,0.00021212297919543386,-0.000979027188280286
3.026605321064213,PASSED,-0.2670867570977873,-4.027284312296073e-05,0.00018576831677499998,2.663208732620803,0.00021114700028016715,-0.0009739467332576612
3.027605521104221,PASSED,-0.2670867972781324,-4.008765046921544e-05,0.00018480887839214844,2.663208943282846,0.00021017605862200928,-0.0009689382747579701
3.028605721144229,PASSED,-0.26708683727376153,-3.990341267265305e-05,0.0001838570753425533,2.6632091529764477,0.00020921011968569615,-0.0009639393773498613
3.029605921184237,PASSED,-0.2670868770856259,-3.97201223097591e-05,0.00018291255459488233,2.663209361706597,0.00020824916035084244,-0.0009589726398562709
3.030606121224245,PASSED,-0.26708691671466905,-3.953777195772996e-05,0.00018197555031863736,2.66320956947824,0.0002072931229934932,-0.000954080502344515
3.031606321264253,PASSED,-0.26708695616182715,-3.9356353843559997e-05,0.0001810464900708501,2.6632097762962816,0.0002063419631349925,-0.0009492127626048862
3.032606521304261,PASSED,-0.2670869954280286,-3.917586016502554e-05,0.00018012513751019401,2.663209982165592,0.00020539566252424888,-0.0009443591761694337
3.033606721344269,PASSED,-0.26708703451419374,-3.899628288852816e-05,0.00017921203582218302,2.663210187090998,0.00020445417037875482,-0.0009395807917104927
3.034606921384277,PASSED,-0.26708707342123517,-3.881761434405405e-05,0.00017830621690872588,2.6632103910772806,0.00020351742515762683,-0.000934854840739693
3.035607121424285,PASSED,-0.26708711215005737,-3.863984628842031e-05,0.0001774092814504103,2.6632105941291817,0.0002025854076546004,-0.0009301259445509563
3.036607321464293,PASSED,-0.2670871507015568,-3.846297032011405e-05,0.00017652042621015208,2.663210796251405,0.00020165808314701132,-0.0009254568829478518
3.037607521504301,PASSED,-0.26708718907662155,-3.8286978609522125e-05,0.00017563923351309846,2.6632109974486027,0.00020073537373746376,-0.0009208777606140407
3.038607721544309,PASSED,-0.2670872272761316,-3.811186269946417e-05,0.00017476702775453122,2.663211197725394,0.0001998172635699258,-0.0009162651054872835
3.039607921584317,PASSED,-0.2670872653009585,-3.793761396611082e-05,0.00017390320375255776,2.6632113970863402,0.00019890370435919256,-0.0009117552808971404
3.040608121624325,PASSED,-0.26708730315196544,-3.776422442975776e-05,0.0001730470914200646,2.663211595535973,0.00019799464196553824,-0.0009072671354924501
3.041608321664333,PASSED,-0.2670873408300071,-3.759168547216587e-05,0.00017220020170644193,2.663211793078771,0.000197090042362025,-0.0009028212488604718
3.042608521704341,PASSED,-0.2670873783359298,-3.741998808926038e-05,0.00017136217037152398,2.663211989719173,0.0001961898588796779,-0.0008984249713381411
3.043608721744349,PASSED,-0.2670874156705711,-3.724912415982166e-05,0.00017053176881683536,2.663212185461567,0.00019529403911482685,-0.0008940829605263233
3.044608921784357,PASSED,-0.26708745283476015,-3.707908552960974e-05,0.00016970987114197752,2.6632123803102994,0.00019440254178951282,-0.0008897735685058612
3.045609121824365,PASSED,-0.26708748982931746,-3.6909862703477505e-05,0.00016889812945907024,2.663212574269679,0.00019351533874868154,-0.0008854893557149022
3.046609321864373,PASSED,-0.2670875266550549,-3.6741447270868806e-05,0.0001680936347084521,2.663212767343954,0.00019263235544761428,-0.0008813125979688514
3.047609521904381,PASSED,-0.26708756331277567,-3.657383109962021e-05,0.0001672978622753521,2.663212959537341,0.0001917535592016722,-0.0008771186779242012
3.048609721944389,PASSED,-0.26708759980327434,-3.6407005148567925e-05,0.00016651134357023882,2.6632131508540042,0.00019087892072556752,-0.0008729850082250224
3.049609921984397,PASSED,-0.2670876361273369,-3.6240960471810916e-05,0.00016573356554819347,2.6632133412980608,0.00019000836284657944,-0.000868939792830118
3.050610122024405,PASSED,-0.26708767228574043,-3.607568881428892e-05,0.00016496371883785386,2.663213530873593,0.00018914186644540675,-0.000864867473401055
3.051610322064413,PASSED,-0.26708770827925377,-3.591118176229378e-05,0.00016420260743332395,2.6632137195846215,0.00018827937778859692,-0.0008609027790823389
3.052610522104421,PASSED,-0.2670877441086368,-3.5747430165437865e-05,0.00016345092313763693,2.6632139074351393,0.00018742084747989062,-0.0008569486617889206
3.053610722144429,PASSED,-0.2670877797746408,-3.5584425480587215e-05,0.00016270719265932805,2.6632140944290787,0.00018656623394003446,-0.0008530567919009999
3.054610922184437,PASSED,-0.2670878152780088,-3.542215968651598e-05,0.00016197152834584343,2.663214280570339,0.00018571549475163572,-0.0008491941193972577
3.055611122224445,PASSED,-0.26708785061947493,-3.526062366827419e-05,0.0001612456781724114,2.6632144658627688,0.00018486858527259399,-0.0008453863854714033
3.056611322264453,PASSED,-0.267087885799765,-3.509980920854241e-05,0.00016052698077135945,2.663214650310171,0.00018402544991106255,-0.0008416346789048036
3.057611522304461,PASSED,-0.2670879208195962,-3.4939707694098824e-05,0.00015981787022506096,2.6632148339163093,0.00018318605948291607,-0.0008378942609742194
3.058611722344469,PASSED,-0.2670879556796775,-3.478031104248205e-05,0.00015911583921125708,2.6632150166848954,0.0001823503616412628,-0.0008342335621060015
3.059611922384477,PASSED,-0.2670879903807094,-3.4621610871580804e-05,0.00015842305869457948,2.6632151986196058,0.00018151831241882424,-0.0008305929959935991
3.060612122424485,PASSED,-0.26708802492338424,-3.446359851485838e-05,0.00015773855540765762,2.6632153797240714,0.00018068988015023708,-0.0008269917836495111
3.061612322464493,PASSED,-0.26708805930838586,-3.43062660277946e-05,0.00015706177483453747,2.6632155600018748,0.000179865003871344,-0.0008234659423888141
3.062612522504501,PASSED,-0.2670880935363902,-3.414960550398189e-05,0.00015639302313148894,2.6632157394565614,0.00017904364832771173,-0.0008199486111278994
3.063612722544509,PASSED,-0.26708812760806505,-3.3993608792928014e-05,0.0001557325030021272,2.6632159180916277,0.0001782257749358539,-0.0008164899123444481
3.064612922584517,PASSED,-0.2670881615240702,-3.383826768655862e-05,0.00015508017528090474,2.6632160959105406,0.00017741134637849838,-0.0008130543206962162
3.065613122624525,PASSED,-0.26708819528505745,-3.368357448001431e-05,0.0001544352273865786,2.663216272916711,0.00017660030516457732,-0.0008096991427376371
3.066613322664533,PASSED,-0.26708822889167094,-3.352952188181044e-05,0.00015379751208206675,2.6632164491135177,0.00017579262042778467,-0.0008063417994959888
3.067613522704541,PASSED,-0.267088262344547,-3.337610149863257e-05,0.0001531689639084018,2.6632166245043,0.00017498826568135018,-0.0008030300443934538
3.068613722744549,PASSED,-0.26708829564431447,-3.322330586744268e-05,0.00015254674271089386,2.663216799092353,0.00017418717687779653,-0.0007997946429937537
3.069613922784557,PASSED,-0.2670883287915944,-3.307112796159531e-05,0.00015193201460502465,2.6632169728809294,0.00017338931565484447,-0.0007965722762576014
3.070614122824565,PASSED,-0.2670883617870007,-3.291956023652745e-05,0.00015132486537641938,2.6632171458732508,0.00017259466910316093,-0.0007933627353008453
3.071614322864573,PASSED,-0.26708839463114004,-3.27685953969449e-05,0.00015072482238663573,2.663217318072495,0.0001718031793044597,-0.0007902411743014613
3.0726145229045807,PASSED,-0.2670884273246116,-3.261822618186381e-05,0.00015013214354405428,2.6632174894818106,0.00017101481227599753,-0.0007871175979026344
3.0736147229445887,PASSED,-0.2670884598680077,-3.246844593677529e-05,0.00014954564611816793,2.663217660104295,0.00017022952996376535,-0.0007840587884518947
3.0746149229845967,PASSED,-0.26708849226191383,-3.231924764235832e-05,0.0001489667266161667,2.6632178299430214,0.00016944729787610438,-0.000781014287133702
3.0756151230246047,PASSED,-0.26708852450690873,-3.217062470945473e-05,0.0001483937370952178,2.663217999001024,0.00016866809040193352,-0.0007780029321956258
3.0766153230646127,PASSED,-0.2670885566035642,-3.2022570219290235e-05,0.00014782832554401625,2.6632181672813005,0.00016789185708518005,-0.0007750535731253347
3.0776155231046207,PASSED,-0.26708858855244577,-3.1875078103553324e-05,0.00014726797586550217,2.6632183347868135,0.00016711856618374185,-0.0007721157869800889
3.0786157231446287,PASSED,-0.26708862035411246,-3.172814188722444e-05,0.0001467150433044721,2.663218501520498,0.00016634820364694986,-0.0007691937033332591
3.0796159231846367,PASSED,-0.2670886520091171,-3.158175512615979e-05,0.00014616790623809525,2.6632186674852503,0.00016558071744355492,-0.0007663478701027304
3.0806161232246447,PASSED,-0.2670886835180063,-3.143591231649005e-05,0.00014562607862418124,2.6632188326839357,0.00016481607155852674,-0.0007635112283118278
3.0816163232646527,PASSED,-0.267088714881321,-3.129060734618702e-05,0.00014509089808892558,2.663218997119392,0.00016405426007148324,-0.0007606783261979208
3.0826165233046607,PASSED,-0.26708874609959615,-3.114583430875041e-05,0.00014456113033507493,2.663219160794419,0.00016329523085952818,-0.000757929802459818
3.0836167233446687,PASSED,-0.267088777173361,-3.1001587833180065e-05,0.0001440367057271938,2.6632193237117967,0.0001625389590687016,-0.0007551664497377297
3.0846169233846767,PASSED,-0.26708880810313934,-3.0857862527788165e-05,0.00014351770516837198,2.66321948587427,0.00016178542846890208,-0.000752440033174012
3.0856171234246847,PASSED,-0.26708883888944973,-3.0714652947812915e-05,0.00014300416317983584,2.663219647284556,0.00016103459472102834,-0.0007497628910068645
3.0866173234646928,PASSED,-0.2670888695328054,-3.05719540887718e-05,0.0001424953229486302,2.6632198079453486,0.00016028644105255108,-0.0007470808534575341
3.0876175235047008,PASSED,-0.26708890003371466,-3.0429761115783015e-05,0.00014199140634889543,2.66321996785931,0.0001595409410483158,-0.0007444461047537777
3.0886177235447088,PASSED,-0.26708893039268095,-3.0288069101960064e-05,0.00014149241880565214,2.6632201270290783,0.00015879806102716008,-0.0007418359654237048
3.0896179235847168,PASSED,-0.2670889606102029,-3.0146873379974623e-05,0.00014099792410529776,2.6632202854572693,0.00015805778751140322,-0.0007392318826456451
3.0906181236247248,PASSED,-0.26708899068677466,-3.0006169661680877e-05,0.00014050758108604801,2.6632204431464763,0.00015732009979083504,-0.0007366582791831775
3.0916183236647328,PASSED,-0.26708902062288603,-2.986595350483298e-05,0.00014002187402245954,2.6632206000992626,0.00015658495602684474,-0.0007341340871950734
3.0926185237047408,PASSED,-0.2670890504190226,-2.9726220858794174e-05,0.00013953982738304206,2.6632207563181796,0.00015585235330808347,-0.0007315818064720879
3.0936187237447488,PASSED,-0.2670890800756658,-2.9586967634685222e-05,0.00013906215525955675,2.663220911805745,0.00015512226640067818,-0.0007290903080273956
3.094618923784757,PASSED,-0.26708910959329335,-2.944819014639275e-05,0.000138587710314415,2.663221066564468,0.00015439466902316665,-0.0007266020905009494
3.095619123824765,PASSED,-0.26708913897237907,-2.9309884806199395e-05,0.00013811709344598396,2.663221220596832,0.00015366955131731103,-0.000724128116092019
3.096619323864773,PASSED,-0.26708916821339335,-2.9172048001889625e-05,0.0001376499448856298,2.663221373905302,0.00015294688845927587,-0.0007216860193305504
3.097619523904781,PASSED,-0.26708919731680314,-2.903467647914409e-05,0.00013718590798546634,2.663221526492325,0.00015222666022260905,-0.0007192563815576674
3.098619723944789,PASSED,-0.2670892262830721,-2.8897766930323896e-05,0.00013672530937668047,2.6632216783603364,0.00015150886406413148,-0.0007168226764241993
3.099619923984797,PASSED,-0.26708925511266085,-2.8761316566904087e-05,0.0001362670661152294,2.663221829511744,0.0001507934640563343,-0.0007144515620458265
3.100620124024805,PASSED,-0.26708928380602726,-2.8625322881063284e-05,0.00013581143232451763,2.6632219799489554,0.0001500804636552048,-0.000712032960518614
3.101620324064813,PASSED,-0.26708931236362626,-2.8489782494296394e-05,0.0001353596897284687,2.6632221296743515,0.00014936984505175944,-0.0007096756987298467
3.102620524104821,PASSED,-0.2670893407859103,-2.835469321307994e-05,0.00013490900887511042,2.663222278690307,0.0001486615835489442,-0.0007073187055388707
3.103620724144829,PASSED,-0.2670893690733294,-2.8220053161904723e-05,0.0001344607460419546,2.6632224269991815,0.00014795568140040096,-0.0007049577772128317
3.104620924184837,PASSED,-0.2670893972263313,-2.80858593414593e-05,0.00013401587004773885,2.6632225746033176,0.00014725211511170687,-0.0007026386296816169
3.105621124224845,PASSED,-0.26708942524536167,-2.7952110263519113e-05,0.00013357121653515366,2.663222721505055,0.00014655088097814003,-0.0007002978028236618
3.106621324264853,PASSED,-0.26708945313086413,-2.781880418838853e-05,0.00013312931419420305,2.663222867706722,0.00014585197733370099,-0.0006979742055159655
3.107621524304861,PASSED,-0.2670894808832807,-2.7685938821065156e-05,0.00013268940274282373,2.6632230132106316,0.00014515537484038695,-0.0006956880185127486
3.108621724344869,PASSED,-0.26708950850305174,-2.7553513137134297e-05,0.00013224987138954765,2.6632231580190946,0.00014446107617463404,-0.0006933724305796948
3.109621924384877,PASSED,-0.2670895359906159,-2.7421525506023913e-05,0.00013181280425760466,2.6632233021344107,0.00014376908444589906,-0.0006910712608385142
3.110622124424885,PASSED,-0.2670895633464107,-2.7289974649137235e-05,0.00013137622530605837,2.6632234455588746,0.00014307937722719282,-0.0006887978572847149
3.111622324464893,PASSED,-0.26708959057087234,-2.715885937748595e-05,0.00013094130254810702,2.6632235882947723,0.0001423919501527246,-0.0006865132192571984
3.112622524504901,PASSED,-0.2670896176644361,-2.7028179005931503e-05,0.0001305064175586694,2.6632237303443866,0.0001417068088498952,-0.000684226691877569
3.113622724544909,PASSED,-0.26708964462753637,-2.6897932596865093e-05,0.000130073070071574,2.663223871709992,0.00014102393846983816,-0.0006819661721766967
3.114622924584917,PASSED,-0.26708967146060664,-2.6768119178060157e-05,0.0001296403179605095,2.663224012393863,0.00014034333680166874,-0.000679691998831213
3.115623124624925,PASSED,-0.26708969816407974,-2.6638738423136264e-05,0.00012920771289948093,2.6632241523982723,0.0001396650144279614,-0.0006774092902914308
3.116623324664933,PASSED,-0.2670897247383883,-2.650979005116617e-05,0.00012877547801716453,2.663224291725483,0.00013898894875696716,-0.0006751699247961116
3.117623524704941,PASSED,-0.26708975118396433,-2.6381273511697923e-05,0.0001283439137689737,2.663224430377762,0.00013831514317775242,-0.0006728960154938145
3.118623724744949,PASSED,-0.2670897775012395,-2.625318849522453e-05,0.00012791241827634305,2.663224568357374,0.00013764361378486276,-0.0006706183111535594
3.119623924784957,PASSED,-0.26708980369064583,-2.6125535486637337e-05,0.0001274800687944305,2.6632247056665803,0.00013697433957043432,-0.0006683781499450395
3.120624124824965,PASSED,-0.2670898297526148,-2.5998314054077e-05,0.00012704900840427883,2.663224842307648,0.00013630732904369803,-0.0006660987779304706
3.121624324864973,PASSED,-0.2670898556875785,-2.5871524582980973e-05,0.00012661644622385506,2.6632249782828374,0.00013564258638866533,-0.0006638385731008634
3.122624524904981,PASSED,-0.2670898814959688,-2.5745167464113436e-05,0.0001261842339633203,2.6632251135944167,0.00013498010739480793,-0.00066157260769506
3.123624724944989,PASSED,-0.26708990717821834,-2.5619242905228385e-05,0.00012575144216620766,2.66322524824465,0.00013431989446303208,-0.0006593064811630338
3.124624924984997,PASSED,-0.26708993273476006,-2.5493751665045593e-05,0.00012531777219385116,2.6632253822358125,0.00013366196132290356,-0.0006570175794388646
3.125625125025005,PASSED,-0.26708995816602743,-2.536869420384276e-05,0.00012488392054215463,2.6632255155701716,0.00013300629530917788,-0.0006547649699169022
3.126625325065013,PASSED,-0.2670899834724547,-2.524407119327434e-05,0.00012444907058593296,2.6632256482500094,0.00013235290931083049,-0.000652466683967722
3.127625525105021,PASSED,-0.2670900086544767,-2.5119883508328233e-05,0.0001240134278528929,2.6632257802775987,0.00013170180302651518,-0.0006501993512137071
3.128625725145029,PASSED,-0.2670900337125293,-2.4996132242676102e-05,0.00012357649085161884,2.663225911655231,0.00013105298880927962,-0.0006478907945834532
3.129625925185037,PASSED,-0.2670900586470493,-2.4872818154309653e-05,0.00012313915337633813,2.6632260423851957,0.00013040647146704147,-0.0006456017073412542
3.130626125225045,PASSED,-0.2670900834584745,-2.474994229406115e-05,0.0001227003314966131,2.6632261724697814,0.00012976223378345948,-0.0006433283344091706
3.131626325265053,PASSED,-0.2670901081472439,-2.4627506098501777e-05,0.0001222601049345443,2.663226301911297,0.0001291203154467074,-0.000640978338314054
3.132626525305061,PASSED,-0.2670901327137974,-2.4505510531156914e-05,0.00012181920895174467,2.6632264307120463,0.00012848071287578958,-0.0006386853926536583
3.133626725345069,PASSED,-0.2670901571585766,-2.438395706672506e-05,0.00012137630141859605,2.6632265588743462,0.0001278434140788785,-0.0006363743997493758
3.134626925385077,PASSED,-0.26709018148202407,-2.426284694438357e-05,0.00012093266962341909,2.6632266864005136,0.0001272084417634257,-0.0006340375925884276
3.135627125425085,PASSED,-0.26709020568458414,-2.4142181787447187e-05,0.0001204868151450216,2.66322681329288,0.00012657581035427975,-0.0006316939535176168
3.136627325465093,PASSED,-0.26709022976670227,-2.4021962879240698e-05,0.00012004030358080424,2.6632269395537826,0.00012594551666663276,-0.000629360177066615
3.137627525505101,PASSED,-0.26709025372882556,-2.3902191728392554e-05,0.00011959171569303821,2.6632270651855623,0.0001253175621815774,-0.0006270173570478774
3.138627725545109,PASSED,-0.2670902775714029,-2.3782870531747623e-05,0.00011914085061285816,2.6632271901905713,0.00012469196934481228,-0.0006246431565765895
3.139627925585117,PASSED,-0.26709030129488454,-2.3664000239657353e-05,0.00011868991974187179,2.6632273145711753,0.00012406875213137478,-0.0006222665846781152
3.140628125625125,PASSED,-0.26709032489972245,-2.354558252038472e-05,0.00011823625229313502,2.663227438329742,0.00012344789806329357,-0.0006199123903499021
3.141628325665133,PASSED,-0.2670903483863704,-2.3427619962871558e-05,0.00011778009432651031,2.6632275614686476,0.00012282942245263838,-0.0006175177575253981
3.142628525705141,PASSED,-0.2670903717552839,-2.3310113405120735e-05,0.00011732420003369983,2.663227683990284,0.0001222133542316497,-0.0006151018632974603
3.143628725745149,PASSED,-0.2670903950069201,-2.3193064936377926e-05,0.0001168646478822153,2.663227805897047,0.00012159968302357593,-0.0006127174379246905
3.144628925785157,PASSED,-0.2670904181417381,-2.3076476768703107e-05,0.00011640384753655915,2.663227927191342,0.00012098841198337046,-0.0006103067750593169
3.145629125825165,PASSED,-0.267090441160199,-2.2960350158586754e-05,0.00011594178516954693,2.6632280478755876,0.00012037957622151502,-0.0006078550863861884
3.146629325865173,PASSED,-0.26709046406276526,-2.2844687163596665e-05,0.00011547713487044986,2.6632281679522083,0.000119773170573118,-0.0006054393564042372
3.147629525905181,PASSED,-0.26709048684990166,-2.272948999115809e-05,0.000115010530817323,2.663228287423641,0.00011916919509298647,-0.0006029995626163948
3.148629725945189,PASSED,-0.2670905095220747,-2.2614760128045445e-05,0.00011454275130952322,2.6632284062923315,0.00011856767952061136,-0.0006005262455475852
3.149629925985197,PASSED,-0.2670905320797528,-2.25004996572057e-05,0.00011407228385988962,2.6632285245607354,0.0001179686253300699,-0.0005980728205373878
3.150630126025205,PASSED,-0.26709055452340624,-2.238671047194059e-05,0.00011360045286859645,2.6632286422313176,0.0001173720322020454,-0.000595606666349233
3.151630326065213,PASSED,-0.2670905768535072,-2.2273394220953524e-05,0.00011312678306604373,2.663228759306556,0.00011677793109971549,-0.0005930973929837294
3.152630526105221,PASSED,-0.26709059907052973,-2.2160553186736867e-05,0.00011265053498373137,2.6632288757889326,0.00011618631583065648,-0.0005906271864425437
3.153630726145229,PASSED,-0.2670906211749498,-2.204818914697683e-05,0.00011217304294424018,2.6632289916809464,0.00011559719597198449,-0.0005881149734916208
3.154630926185237,PASSED,-0.26709064316724535,-2.193630366512109e-05,0.00011169377446340464,2.6632291069850997,0.00011501059375206662,-0.0005855937175353851
3.155631126225245,PASSED,-0.26709066504789597,-2.1824898820990157e-05,0.0001112122239092844,2.6632292217039097,0.00011442650982283315,-0.0005830774036988686
3.156631326265253,PASSED,-0.2670906868173831,-2.171397652936326e-05,0.00011072900343864179,2.663229335839899,0.00011384495064396118,-0.0005805470289873754
3.157631526305261,PASSED,-0.26709070847619026,-2.160353842075676e-05,0.00011024417871840567,2.663229449395604,0.00011326593545708287,-0.0005779939588056114
3.158631726345269,PASSED,-0.2670907300248024,-2.1493586068758816e-05,0.00010975780085097106,2.6632295623735662,0.00011268946734731547,-0.0005754508770752399
3.159631926385277,PASSED,-0.2670907514637064,-2.1384121738057258e-05,0.0001092686839352823,2.6632296747763387,0.00011211555208760943,-0.0005728915147932569
3.160632126425285,PASSED,-0.267090772793391,-2.127514690449044e-05,0.00010877893332117537,2.663229786606483,0.00011154420800433979,-0.0005703124622538994
3.161632326465293,PASSED,-0.2670907940143463,-2.1166662936209272e-05,0.00010828732492115995,2.663229897866568,0.00011097543545955316,-0.0005677459331417733
3.162632526505301,PASSED,-0.26709081512706434,-2.105867193240717e-05,0.00010779345638938897,2.6632300085591765,0.00011040924911993732,-0.0005651466105985566
3.163632726545309,PASSED,-0.2670908361320386,-2.0951175207445882e-05,0.00010729890400922264,2.663230118686892,0.00010984565190946488,-0.0005625642770550162
3.164632926585317,PASSED,-0.26709085702976415,-2.0844174141991045e-05,0.0001068025064185777,2.663230228252313,0.00010928465449393955,-0.000559952841172186
3.165633126625325,PASSED,-0.26709087782073754,-2.0737670384078793e-05,0.00010630459224136468,2.663230337258041,0.00010872626691755646,-0.0005573440665236792
3.166633326665333,PASSED,-0.26709089850545686,-2.0631665782803667e-05,0.00010580460729762867,2.6632304457066875,0.0001081704901438393,-0.0005547319118461372
3.167633526705341,PASSED,-0.2670909190844214,-2.0526161008218412e-05,0.00010530488611033862,2.6632305536008727,0.00010761733966301857,-0.0005520961934704649
3.168633726745349,PASSED,-0.26709093955813207,-2.0421157366736324e-05,0.00010480281172991838,2.66323066094322,0.00010706681764766734,-0.0005494725632717622
3.169633926785357,PASSED,-0.26709095992709075,-2.031665679404598e-05,0.00010429907999729396,2.663230767736364,0.00010651892841840936,-0.0005468336732487849
3.170634126825365,PASSED,-0.26709098019180083,-2.0212660078081836e-05,0.00010379513994204522,2.663230873982937,0.00010597367792373242,-0.0005441950422957214
3.171634326865373,PASSED,-0.26709100035276667,-2.0109168039449292e-05,0.00010328997109287932,2.6632309796855913,0.0001054310834979323,-0.0005415273481363977
3.172634526905381,PASSED,-0.2670910204104936,-2.0006181945395834e-05,0.00010278350936050822,2.6632310848469714,0.00010489113740519385,-0.0005388919224731365
3.173634726945389,PASSED,-0.2670910403654882,-1.9903703162053732e-05,0.00010227563266316507,2.6632311894697343,0.00010435384197764384,-0.0005362310976012888
3.174634926985397,PASSED,-0.2670910602182578,-1.98017319007061e-05,0.00010176834713728271,2.663231293556543,0.00010381922448676109,-0.0005335417530703803
3.175635127025405,PASSED,-0.2670910799693107,-1.97002693774214e-05,0.00010125864071631002,2.663231397110057,0.00010328726333851053,-0.0005309074117040067
3.176635327065413,PASSED,-0.2670910996191559,-1.9599316571999124e-05,0.00010074891522625214,2.663231500132947,0.00010275796669232143,-0.0005282228025125032
3.177635527105421,PASSED,-0.2670911191683031,-1.949887336179491e-05,0.00010023940685619128,2.6632316026278877,0.00010223136197697535,-0.0005255259905684789
3.178635727145429,PASSED,-0.2670911386172626,-1.9398940830551537e-05,9.972794750149541e-05,2.663231704597553,0.00010170742496789862,-0.0005228776880822353
3.179635927185437,PASSED,-0.26709115796654537,-1.929951987939401e-05,9.921628692821436e-05,2.663231806044619,0.00010118615715172927,-0.000520194568227451
3.180636127225445,PASSED,-0.2670911772166626,-1.9200609908246983e-05,9.870576062623642e-05,2.6632319069717703,0.00010066758934770248,-0.0005174832945596818
3.181636327265453,PASSED,-0.2670911963681261,-1.9102211901515507e-05,9.81928374683007e-05,2.6632320073816906,0.00010015170514546903,-0.0005148181406826257
3.182636527305461,PASSED,-0.2670912154214477,-1.9004326254736636e-05,9.768085298591974e-05,2.6632321072770577,9.963848375263976e-05,-0.0005121568942603483
3.183636727345469,PASSED,-0.26709123437713955,-1.8906952513230828e-05,9.716900051906193e-05,2.66323220666056,9.912796234674781e-05,-0.0005094310803130078
3.184636927385477,PASSED,-0.2670912532357139,-1.8810091106528325e-05,9.665634415813038e-05,2.6632323055348848,9.862013817017711e-05,-0.0005067529074091637
3.185637127425485,PASSED,-0.267091271997683,-1.8713742137303016e-05,9.61440526034274e-05,2.663232403902715,9.811497808219892e-05,-0.0005040982083575503
3.186637327465493,PASSED,-0.26709129066355886,-1.8617904823275436e-05,9.563282164368257e-05,2.6632325017667386,9.761251168895388e-05,-0.0005013785165033586
3.187637527505501,PASSED,-0.2670913092338535,-1.8522579469144177e-05,9.51203757896448e-05,2.663232599129637,9.711273696309079e-05,-0.000498705532102889
3.188637727545509,PASSED,-0.2670913277090787,-1.8427766011779616e-05,9.460884508117115e-05,2.6632326959940924,9.661562852653654e-05,-0.0004960437061884998
3.189637927585517,PASSED,-0.2670913460897455,-1.8333463070797533e-05,9.409900491602811e-05,2.663232792362788,9.612120837050833e-05,-0.0004933377892546713
3.190638127625525,PASSED,-0.26709136437636494,-1.8239670890558266e-05,9.358763045475761e-05,2.6632328882383987,9.562946743433403e-05,-0.0004906763674540571
3.191638327665533,PASSED,-0.2670913825694472,-1.8146389121211156e-05,9.30778619420112e-05,2.663232983623601,9.514039063144089e-05,-0.00048801042651918736
3.192638527705541,PASSED,-0.2670914006695018,-1.8053616041936713e-05,9.256989082939955e-05,2.6632330785210714,9.465399794501761e-05,-0.00048531419302599773
3.193638727745549,PASSED,-0.26709141867703784,-1.796135163250308e-05,9.206075516979383e-05,2.66323317293347,9.417026075722758e-05,-0.0004826858509660682
3.194638927785557,PASSED,-0.26709143659256307,-1.7869594938561016e-05,9.155398645690409e-05,2.6632332668634655,9.368918090639596e-05,-0.00048000918407533244
3.195639127825565,PASSED,-0.2670914544165846,-1.7778344489504378e-05,9.104809078979388e-05,2.6632333603137153,9.32107717584509e-05,-0.00047734245719157156
3.196639327865573,PASSED,-0.2670914721496085,-1.768759961339807e-05,9.054273298398545e-05,2.6632334532868693,9.273500017793286e-05,-0.00047472432940234025
3.197639527905581,PASSED,-0.26709148979213954,-1.759735929522285e-05,9.003870830270867e-05,2.6632335457855794,9.226187430375785e-05,-0.0004720602373568005
3.198639727945589,PASSED,-0.26709150734468146,-1.7507621644157158e-05,8.95369462410091e-05,2.663233637812481,9.179139017387985e-05,-0.0004694333915588022
3.199639927985597,PASSED,-0.2670915248077365,-1.7418385624896776e-05,8.903540127329774e-05,2.6632337293702104,9.132353108285482e-05,-0.0004668095573358228
3.200640128025605,PASSED,-0.2670915421818055,-1.732964991646241e-05,8.853591320840715e-05,2.663233820461396,9.085830083961567e-05,-0.0004641773671747023
3.201640328065613,PASSED,-0.2670915594673878,-1.7241412594382413e-05,8.803826132772549e-05,2.663233911088651,9.03956780736269e-05,-0.00046158636519815725
3.202640528105621,PASSED,-0.26709157666498123,-1.7153672497508388e-05,8.7541320571559e-05,2.663234001254587,8.993565919124759e-05,-0.00045897389383338876
3.203640728145629,PASSED,-0.2670915937750817,-1.706642728032916e-05,8.70478149176718e-05,2.6632340909618057,8.947824489466868e-05,-0.0004563745650759108
3.204640928185637,PASSED,-0.26709161079818355,-1.6979675389739996e-05,8.655460770349692e-05,2.663234180212894,8.90234066544981e-05,-0.0004538140235670386
3.205641128225645,PASSED,-0.2670916277347791,-1.6893415157168987e-05,8.606398248268304e-05,2.6632342690104407,8.857115269280621e-05,-0.00045121392044180416
3.206641328265653,PASSED,-0.2670916445853587,-1.68076439247112e-05,8.557606577452394e-05,2.6632343573570108,8.812146549031267e-05,-0.00044866939052804264
3.207641528305661,PASSED,-0.26709166135041074,-1.672236015328147e-05,8.508890853319899e-05,2.663234445255166,8.767432355467971e-05,-0.0004461236323695468
3.208641728345669,PASSED,-0.26709167803042133,-1.6637561681833955e-05,8.460484672372822e-05,2.6632345327074565,8.722973356988085e-05,-0.00044356755308506507
3.209641928385677,PASSED,-0.26709169462587434,-1.6553245637353237e-05,8.412350965204612e-05,2.6632346197164183,8.678767479653612e-05,-0.0004410529201844919
3.210642128425685,PASSED,-0.26709171113725133,-1.6469409993672534e-05,8.364373303314009e-05,2.663234706284577,8.634812830168391e-05,-0.00043854221129734127
3.211642328465693,PASSED,-0.26709172756503163,-1.6386052692567857e-05,8.316634648570251e-05,2.663234792414444,8.591109082259125e-05,-0.0004360343242895315
3.212642528505701,PASSED,-0.26709174390969187,-1.630317068983136e-05,8.26924402370328e-05,2.663234878108517,8.547654692282905e-05,-0.00043355028341064277
3.213642728545709,PASSED,-0.26709176017170627,-1.6220761318018793e-05,8.222065952958409e-05,2.6632349633692867,8.50444843265805e-05,-0.0004310708048071313
3.214642928585717,PASSED,-0.2670917763515462,-1.6138822286103646e-05,8.175128017218638e-05,2.663235048199219,8.461487970220568e-05,-0.00042862717075329714
3.215643128625725,PASSED,-0.2670917924496805,-1.6057350765213877e-05,8.128501470149387e-05,2.6632351326007777,8.418773213763409e-05,-0.00042616116045045223
3.216643328665733,PASSED,-0.26709180846657515,-1.5976343592020217e-05,8.082194552177317e-05,2.6632352165764033,8.376302264588193e-05,-0.00042374171261998266
3.217643528705741,PASSED,-0.2670918244026933,-1.5895798271838835e-05,8.036090328778875e-05,2.6632353001285236,8.334072525846412e-05,-0.0004213345039497046
3.218643728745749,PASSED,-0.26709184025849514,-1.581571161529703e-05,7.990382537781535e-05,2.663235383259551,8.292083538809748e-05,-0.000418926781311267
3.2196439287857572,PASSED,-0.26709185603443786,-1.573608055781969e-05,7.944921221035716e-05,2.6632354659718818,8.250333793107015e-05,-0.00041654457417136424
3.2206441288257652,PASSED,-0.2670918717309755,-1.5656902170617302e-05,7.899783719707404e-05,2.6632355482679015,8.208821571567482e-05,-0.00041417397621131957
3.2216443288657732,PASSED,-0.2670918873485591,-1.5578173271334823e-05,7.854960733942038e-05,2.663235630149969,8.167544087714623e-05,-0.000411842080073446
3.2226445289057812,PASSED,-0.2670919028876364,-1.5499890287856236e-05,7.81052342380339e-05,2.663235711620433,8.126500656187862e-05,-0.0004094958053970544
3.2236447289457892,PASSED,-0.267091918348652,-1.5422050301950914e-05,7.766315368351401e-05,2.663235792681627,8.085690449718676e-05,-0.000407172904221745
3.2246449289857972,PASSED,-0.26709193373204704,-1.5344650027084867e-05,7.722502232106877e-05,2.6632358733358603,8.045109645897912e-05,-0.000404898127531569
3.2256451290258052,PASSED,-0.26709194903825945,-1.5267685633629886e-05,7.679064087759118e-05,2.663235953585434,8.004757928398354e-05,-0.00040259653997157946
3.2266453290658133,PASSED,-0.26709196426772364,-1.5191154217209585e-05,7.635860011544187e-05,2.6632360334326215,7.964633369742106e-05,-0.0004003449509564214
3.2276455291058213,PASSED,-0.2670919794208706,-1.5115052077070507e-05,7.5931166821503e-05,2.663236112879683,7.924733040701124e-05,-0.00039810885004542033
3.2286457291458293,PASSED,-0.2670919944981277,-1.5039375211072027e-05,7.550733211646453e-05,2.6632361919288576,7.885056142889082e-05,-0.00039587573017039915
3.2296459291858373,PASSED,-0.2670920094999189,-1.4964120785324845e-05,7.508582150099417e-05,2.6632362705823756,7.845601838991337e-05,-0.00039365457818215445
3.2306461292258453,PASSED,-0.2670920244266645,-1.4889284977527867e-05,7.46691319943008e-05,2.663236348842429,7.806364939487877e-05,-0.00039151193960288274
3.2316463292658533,PASSED,-0.26709203927878117,-1.4814863679150804e-05,7.425607596556994e-05,2.663236426711211,7.767346254012868e-05,-0.00038930346484823344
3.2326465293058613,PASSED,-0.26709205405668185,-1.474085370204652e-05,7.384591119676037e-05,2.663236504190886,7.728544751520114e-05,-0.00038715606498039985
3.2336467293458693,PASSED,-0.26709206876077574,-1.466725103476216e-05,7.344050467609573e-05,2.663236581283595,7.689954284614695e-05,-0.0003850704051033634
3.2346469293858773,PASSED,-0.2670920833914685,-1.4594052010773683e-05,7.303803686339657e-05,2.6632366579914675,7.651576168691418e-05,-0.0003829216619856998
3.2356471294258853,PASSED,-0.2670920979491618,-1.4521252842850581e-05,7.26399219629074e-05,2.66323673431661,7.613409476117029e-05,-0.00038083043491601734
3.2366473294658933,PASSED,-0.26709211243425357,-1.4448849785601751e-05,7.224514743944617e-05,2.6632368102611097,7.575448761489718e-05,-0.00037879162051117506
3.2376475295059013,PASSED,-0.2670921268471379,-1.4376838851616485e-05,7.185479168247664e-05,2.6632368858270308,7.5376932229741e-05,-0.0003767312282528389
3.2386477295459093,PASSED,-0.2670921411882051,-1.4305216313412128e-05,7.1467702552278e-05,2.663236961016417,7.500142265042148e-05,-0.0003746951466973132
3.2396479295859173,PASSED,-0.2670921554578417,-1.4233978350194372e-05,7.108480366140623e-05,2.663237035831298,7.462792809947809e-05,-0.0003726941537741198
3.2406481296259253,PASSED,-0.26709216965643,-1.4163120725784568e-05,7.070617157540007e-05,2.66323711027368,7.425642777128414e-05,-0.00037070444447385775
3.2416483296659333,PASSED,-0.26709218378434885,-1.4092640032797377e-05,7.033037392838504e-05,2.663237184345547,7.388690317773536e-05,-0.0003687380262653953
3.2426485297059413,PASSED,-0.2670921978419729,-1.4022532113586602e-05,6.995961606570111e-05,2.6632372580488615,7.35193285718283e-05,-0.00036679899233483317
3.2436487297459493,PASSED,-0.26709221182967297,-1.3952792669535612e-05,6.959266270784911e-05,2.6632373313855706,7.31536923922054e-05,-0.000364860971148278
3.2446489297859573,PASSED,-0.2670922257478159,-1.3883418577974593e-05,6.922837746313447e-05,2.6632374043576,7.27899753999832e-05,-0.00036295433960482014
3.2456491298259653,PASSED,-0.2670922395967648,-1.3814405700413223e-05,6.886921096019328e-05,2.663237476966848,7.242813858330769e-05,-0.00036109180138932406
3.2466493298659733,PASSED,-0.2670922533768787,-1.3745749381489918e-05,6.851439089871237e-05,2.6632375492151956,7.206817259692155e-05,-0.00035921544305066356
3.2476495299059813,PASSED,-0.2670922670885128,-1.3677446560424025e-05,6.816177451068112e-05,2.663237621104515,7.171008177517608e-05,-0.0003573410742086671
3.2486497299459893,PASSED,-0.2670922807320183,-1.3609493215370094e-05,6.78143920827638e-05,2.663237692636636,7.1353798664615e-05,-0.00035557780146270256
3.2496499299859973,PASSED,-0.2670922943077425,-1.354188476885871e-05,6.747114946379605e-05,2.6632377638133864,7.099932434896619e-05,-0.00035373865843953166
3.2506501300260053,PASSED,-0.26709230781602894,-1.3474618232434315e-05,6.713012773145977e-05,2.663237834636564,7.064666286252953e-05,-0.0003519433717680936
3.2516503300660133,PASSED,-0.26709232125721716,-1.340768942876984e-05,6.679458761981926e-05,2.6632379051079527,7.029575957966965e-05,-0.0003502098902544134
3.2526505301060213,PASSED,-0.2670923346316429,-1.3341093951911995e-05,6.646273634986228e-05,2.663237975229308,6.994659497910922e-05,-0.0003484677407644421
3.2536507301460293,PASSED,-0.267092347939638,-1.3274828725524657e-05,6.613355307898844e-05,2.6632380450023736,6.959917703338872e-05,-0.0003467180823578733
3.2546509301860373,PASSED,-0.2670923611815305,-1.3208889826390334e-05,6.580912983787837e-05,2.6632381144288697,6.925346963748984e-05,-0.0003450336049262144
3.2556511302260454,PASSED,-0.2670923743576447,-1.314327291763273e-05,6.548876137075242e-05,2.6632381835104915,6.890943297919137e-05,-0.00034337202721331373
3.2566513302660534,PASSED,-0.267092387468301,-1.3077974638343289e-05,6.517129123523587e-05,2.6632382522489255,6.85670854748834e-05,-0.000341664489037723
3.2576515303060614,PASSED,-0.2670924005138161,-1.301299126141723e-05,6.485810071993971e-05,2.663238320645826,6.822638679890205e-05,-0.0003400548006104365
3.2586517303460694,PASSED,-0.267092413494503,-1.2948319128102093e-05,6.454815504526984e-05,2.663238388702839,6.788730594143524e-05,-0.00033843156203773204
3.2596519303860774,PASSED,-0.26709242641067116,-1.288395449171916e-05,6.424229060804177e-05,2.6632384564215825,6.754984811006236e-05,-0.00033680867759630883
3.2606521304260854,PASSED,-0.26709243926262594,-1.2819893166856564e-05,6.39406810322994e-05,2.6632385238036624,6.72139883597064e-05,-0.00033522713219572486
3.2616523304660934,PASSED,-0.2670924520506696,-1.275613271294527e-05,6.364030249729048e-05,2.6632385908506584,6.687968729396659e-05,-0.0003336836881025187
3.2626525305061014,PASSED,-0.26709246477510057,-1.269266884192894e-05,6.334625002902475e-05,2.663238657564137,6.654694746255954e-05,-0.00033211059361006517
3.2636527305461094,PASSED,-0.2670924774362136,-1.2629497494125132e-05,6.305474632033162e-05,2.663238723945647,6.62157577269118e-05,-0.0003305758303395218
3.2646529305861174,PASSED,-0.2670924900343003,-1.256661651544359e-05,6.27651335890156e-05,2.6632387899967114,6.588606801841052e-05,-0.00032909896060910143
3.2656531306261254,PASSED,-0.2670925025696485,-1.2504021691544939e-05,6.248128410507622e-05,2.6632388557188444,6.555788489637099e-05,-0.0003275725629931374
3.2666533306661334,PASSED,-0.2670925150425428,-1.2441709175104786e-05,6.22000046635391e-05,2.663238921113535,6.523119546588419e-05,-0.00032610067548257164
3.2676535307061414,PASSED,-0.26709252745326434,-1.2379676701387896e-05,6.192078641912428e-05,2.663238986182259,6.490595842492126e-05,-0.0003246612846165157
3.2686537307461494,PASSED,-0.267092539802091,-1.2317920389183217e-05,6.164666272838188e-05,2.6632390509264714,6.458216883881592e-05,-0.00032320845376454575
3.2696539307861574,PASSED,-0.2670925520892975,-1.2256436763449552e-05,6.137493440385229e-05,2.663239115347614,6.425982226373023e-05,-0.00032177198929980537
3.2706541308261654,PASSED,-0.2670925643151551,-1.219522322772713e-05,6.110593660146946e-05,2.6632391794471086,6.393888240969807e-05,-0.0003203850971870689
3.2716543308661734,PASSED,-0.2670925764799321,-1.2134276533363189e-05,6.0840532872254785e-05,2.663239243226362,6.361933751318472e-05,-0.0003189847627308649
3.2726545309061814,PASSED,-0.26709258858389373,-1.2073593074958348e-05,6.057874209322993e-05,2.663239306686765,6.330118396886229e-05,-0.00031759939871680513
3.2736547309461894,PASSED,-0.26709260062730206,-1.2013170350062332e-05,6.031871343120634e-05,2.6632393698296903,6.298439104714144e-05,-0.00031625527039019395
3.2746549309861974,PASSED,-0.26709261261041617,-1.1953005302469356e-05,6.006260370082453e-05,2.663239432656496,6.266894367371421e-05,-0.00031490877545189717
3.2756551310262054,PASSED,-0.2670926245334923,-1.1893094940454796e-05,5.980886755704833e-05,2.6632394951685288,6.235484491479364e-05,-0.0003135587478996761
3.2766553310662134,PASSED,-0.2670926363967837,-1.183343649343321e-05,5.955816666460952e-05,2.663239557367114,6.204206087077005e-05,-0.00031226757477284875
3.2776555311062214,PASSED,-0.26709264820054107,-1.177402734645132e-05,5.930980052674127e-05,2.6632396192535652,6.173057383122667e-05,-0.00031096668272376075
3.2786557311462294,PASSED,-0.26709265994501213,-1.1714864465324416e-05,5.906493486034829e-05,2.663239680829184,6.142039458951795e-05,-0.0003096542810320185
3.2796559311862374,PASSED,-0.26709267163044204,-1.165594545934668e-05,5.882172005599412e-05,2.663239742095252,6.111148650172772e-05,-0.00030841062562905167
3.2806561312262454,PASSED,-0.26709268325707325,-1.1597267799120582e-05,5.858162033950211e-05,2.663239803053043,6.080383641958154e-05,-0.0003071430531575911
3.2816563312662534,PASSED,-0.2670926948251458,-1.1538828590283079e-05,5.8344267836171586e-05,2.6632398637038177,6.0497452928306575e-05,-0.00030587711668654234
3.2826565313062614,PASSED,-0.2670927063348971,-1.1480625726517918e-05,5.810859438448791e-05,2.6632399240488134,6.019229258626189e-05,-0.00030468249228344575
3.2836567313462695,PASSED,-0.26709271778656246,-1.1422657045942924e-05,5.78754047019978e-05,2.6632399840892704,5.988836362988748e-05,-0.0003034265991017157
3.2846569313862775,PASSED,-0.2670927291803743,-1.13649195203861e-05,5.764560612670719e-05,2.663240043826407,5.958566182070908e-05,-0.0003022186158961861
3.2856571314262855,PASSED,-0.26709274051656334,-1.1307411569224273e-05,5.7416181185240944e-05,2.6632401032614292,5.928414321331313e-05,-0.0003010519350624489
3.2866573314662935,PASSED,-0.2670927517953578,-1.125013097864467e-05,5.7190196842510864e-05,2.663240162395535,5.898381837035062e-05,-0.00029984011489588675
3.2876575315063015,PASSED,-0.26709276301698376,-1.1193075031186482e-05,5.69664478686409e-05,2.6632402212299118,5.868469228288398e-05,-0.00029865006918047447
3.2886577315463095,PASSED,-0.26709277418166527,-1.1136242277142777e-05,5.674362482708004e-05,2.663240279765731,5.838671598507991e-05,-0.00029752711688646005
3.2896579315863175,PASSED,-0.2670927852896245,-1.107963099375796e-05,5.6523055756641045e-05,2.6632403380041607,5.8089899949650004e-05,-0.00029634198112554836
3.2906581316263255,PASSED,-0.2670927963410816,-1.1023238497895914e-05,5.630545593231551e-05,2.6632403959463513,5.7794246164034804e-05,-0.0002951949886083026
3.2916583316663335,PASSED,-0.2670928073362547,-1.0967063262287477e-05,5.6088422059187495e-05,2.66324045359345,5.7499721304388254e-05,-0.0002940781070053773
3.2926585317063415,PASSED,-0.26709281827536047,-1.091110409744876e-05,5.587299335840305e-05,2.6632405109465926,5.720632944088777e-05,-0.0002929343678305586
3.2936587317463495,PASSED,-0.2670928291586137,-1.0855358840810695e-05,5.566009882450369e-05,2.6632405680069016,5.6914060975674526e-05,-0.00029182453013505005
3.2946589317863575,PASSED,-0.26709283998622746,-1.0799825382128158e-05,5.544903192122707e-05,2.6632406247754967,5.662290174153494e-05,-0.00029071570347594333
3.2956591318263655,PASSED,-0.26709285075841344,-1.0744503219356746e-05,5.523758333819997e-05,2.663240681253489,5.63328538643794e-05,-0.0002896026596086051
3.2966593318663735,PASSED,-0.26709286147538164,-1.0689390510271935e-05,5.5029459582551375e-05,2.663240737441978,5.604390173108908e-05,-0.0002885184490781252
3.2976595319063815,PASSED,-0.26709287213734073,-1.0634485306042535e-05,5.482236732729711e-05,2.663240793342058,5.5756035418429494e-05,-0.00028743155504722497
3.2986597319463895,PASSED,-0.26709288274449805,-1.0579786946133435e-05,5.461568829696552e-05,2.6632408489548154,5.546925683077893e-05,-0.0002863432760527977
3.2996599319863975,PASSED,-0.26709289329705954,-1.052529406468964e-05,5.441101020834913e-05,2.66324090428133,5.518355352446533e-05,-0.00028527665982080406
3.300660132026405,PASSED,-0.26709290379523,-1.0471005142079642e-05,5.420753087776354e-05,2.6632409593226773,5.489892079130016e-05,-0.00028420344872806736
3.301660332066413,PASSED,-0.267092914239213,-1.0416919276792246e-05,5.4004754893815576e-05,2.663241014079921,5.461534989473466e-05,-0.00028314919512380276
3.302660532106421,PASSED,-0.2670929246292111,-1.0363035543956964e-05,5.3803051462927276e-05,2.663241068554127,5.433284289200232e-05,-0.00028207887447136214
3.303660732146429,PASSED,-0.2670929349654257,-1.0309352661552095e-05,5.360276969949685e-05,2.6632411227463475,5.4051385610226355e-05,-0.0002810428866456998
3.304660932186437,PASSED,-0.26709294524805743,-1.0255869935378839e-05,5.3402697155763235e-05,2.6632411766576385,5.377097920974152e-05,-0.0002799820763775995
3.305661132226445,PASSED,-0.26709295547730605,-1.020258657020888e-05,5.3203810512756905e-05,2.663241230289044,5.349161872292917e-05,-0.00027894609376885625
3.306661332266453,PASSED,-0.26709296565337026,-1.014950131820383e-05,5.300621299991028e-05,2.6632412836416086,5.3213297472683314e-05,-0.0002779046878971773
3.307661532306461,PASSED,-0.26709297577644814,-1.0096613899542114e-05,5.2808222436253485e-05,2.663241336716368,5.293601061537237e-05,-0.0002768749702534548
3.308661732346469,PASSED,-0.26709298584673713,-1.004392382153035e-05,5.261131506210335e-05,2.6632413895143605,5.265976106341632e-05,-0.0002758326064244427
3.309661932386477,PASSED,-0.26709299586443386,-9.99142967601441e-06,5.2416032485164834e-05,2.6632414420366146,5.238453826976813e-05,-0.0002748162517973562
3.310662132426485,PASSED,-0.2670930058297346,-9.939131617981904e-06,5.2219408397403856e-05,2.6632414942841574,5.211033690676008e-05,-0.000273791437148518
3.311662332466493,PASSED,-0.26709301574283495,-9.887029106395242e-06,5.202458037949917e-05,2.663241546258017,5.183716850643009e-05,-0.00027275304245097317
3.312662532506501,PASSED,-0.2670930256039301,-9.835121333893658e-06,5.182990058297603e-05,2.6632415979592206,5.1565029914323255e-05,-0.0002717289585440695
3.313662732546509,PASSED,-0.2670930354132148,-9.7834081381599e-06,5.163539250094472e-05,2.663241649388782,5.129389108741943e-05,-0.00027074540581033377
3.314662932586517,PASSED,-0.26709304517088356,-9.731889562831776e-06,5.144069721291221e-05,2.6632417005477245,5.102377812152531e-05,-0.0002696913392832999
3.315663132626525,PASSED,-0.26709305487713053,-9.680564768643478e-06,5.1247525505223774e-05,2.663241751437068,5.07546995898839e-05,-0.0002686699932134848
3.316663332666533,PASSED,-0.2670930645321496,-9.629433569907292e-06,5.105364755682669e-05,2.6632418020578243,5.048661367904083e-05,-0.0002676965225961408
3.317663532706541,PASSED,-0.26709307413613453,-9.578496533097965e-06,5.0859296310994745e-05,2.6632418524110126,5.0219547714141214e-05,-0.00026664559310192416
3.318663732746549,PASSED,-0.267093083689279,-9.527752794765992e-06,5.066669967929091e-05,2.6632419024976466,4.9953511889493515e-05,-0.0002656293123448702
3.319663932786557,PASSED,-0.2670930931917765,-9.477202372440926e-06,5.04729040889176e-05,2.6632419523187436,4.968847859574777e-05,-0.0002646359480129972
3.320664132826565,PASSED,-0.2670931026438205,-9.426845977897368e-06,5.027872151331908e-05,2.663242001875313,4.9424452501919886e-05,-0.0002636195243711398
3.321664332866573,PASSED,-0.26709311204560454,-9.376682677954704e-06,5.008635222889284e-05,2.663242051168376,4.916145915250892e-05,-0.00026257589943750757
3.322664532906581,PASSED,-0.2670931213973223,-9.326713020462992e-06,4.98918610002593e-05,2.663242100198944,4.889947483913426e-05,-0.000261589922666095
3.323664732946589,PASSED,-0.26709313069916735,-9.276937346168116e-06,4.969821649128583e-05,2.6632421489680325,4.863849365520088e-05,-0.00026057535811157195
3.324664932986597,PASSED,-0.26709313995133355,-9.227355315352151e-06,4.9504573699084657e-05,2.6632421974766567,4.837854173517051e-05,-0.00025953629464289867
3.325665133026605,PASSED,-0.2670931491540149,-9.177967427170734e-06,4.931009783630871e-05,2.6632422457258347,4.811960861079206e-05,-0.0002585310108688221
3.326665333066613,PASSED,-0.2670931583074057,-9.128774252508962e-06,4.911522587874879e-05,2.663242293716585,4.7861684974028366e-05,-0.00025751872069360395
3.327665533106621,PASSED,-0.26709316741170047,-9.079775520195524e-06,4.892106993656328e-05,2.6632423414499304,4.7604791614812547e-05,-0.0002564764515639646
3.328665733146629,PASSED,-0.267093176467094,-9.030971498127333e-06,4.872599015594169e-05,2.6632423889268866,4.7348915642494634e-05,-0.0002554756528205401
3.329665933186637,PASSED,-0.2670931854737814,-8.9823632346318e-06,4.852977905525782e-05,2.663242436148482,4.709406294320222e-05,-0.00025443739694032755
3.330666133226645,PASSED,-0.2670931944319583,-8.933950457800045e-06,4.8334775349419524e-05,2.663242483115737,4.684023769550419e-05,-0.0002534171482031611
3.331666333266653,PASSED,-0.2670932033418204,-8.885733515317576e-06,4.8138387237836434e-05,2.6632425298296827,4.658744150556657e-05,-0.00025238221776058923
3.332666533306661,PASSED,-0.2670932122035642,-8.837713473840785e-06,4.794114430276033e-05,2.6632425762913483,4.6335678381945287e-05,-0.0002513503941950834
3.333666733346669,PASSED,-0.26709322101738636,-8.789890587371565e-06,4.7744047913525465e-05,2.663242622501761,4.608493880323763e-05,-0.00025033236838270745
3.334666933386677,PASSED,-0.2670932297834843,-8.742264881316481e-06,4.754681148278807e-05,2.663242668461961,4.583524299864258e-05,-0.00024927142873661405
3.335667133426685,PASSED,-0.2670932385020557,-8.694837196912297e-06,4.734826635178108e-05,2.6632427141729798,4.558658510351801e-05,-0.00024824887271653734
3.336667333466693,PASSED,-0.26709324717329885,-8.647608364955501e-06,4.7149209026804314e-05,2.663242759635859,4.533896019953369e-05,-0.00024720892482950406
3.337667533506701,PASSED,-0.2670932557974125,-8.600578260226238e-06,4.695070186423499e-05,2.663242804851642,4.50923883274608e-05,-0.0002461471702351523
3.338667733546709,PASSED,-0.26709326437459624,-8.55374802075688e-06,4.674993120610721e-05,2.663242849821376,4.484686535607992e-05,-0.000245106838811364
3.339667933586717,PASSED,-0.26709327290504986,-8.507118144667967e-06,4.654983934411939e-05,2.6632428945461033,4.460237786551586e-05,-0.0002440745917325413
3.340668133626725,PASSED,-0.26709328138897404,-8.460688958887914e-06,4.6348750070674676e-05,2.663242939026883,4.4358957925422515e-05,-0.00024298350566721288
3.341668333666733,PASSED,-0.2670932898265698,-8.414461233530821e-06,4.61470422147047e-05,2.6632429832647664,4.411659669383302e-05,-0.0002419463822043484
3.342668533706741,PASSED,-0.2670932982180392,-8.36843589535115e-06,4.5944202156312577e-05,2.6632430272608096,4.3875275896079395e-05,-0.00024090374145314153
3.343668733746749,PASSED,-0.2670933065635844,-8.322613087744009e-06,4.5741877907694954e-05,2.6632430710160744,4.363502929708302e-05,-0.00023980850402519391
3.3446689337867572,PASSED,-0.26709331486340865,-8.27699353251676e-06,4.553800677361515e-05,2.6632431145316273,4.339585807305141e-05,-0.0002387463707025552
3.3456691338267652,PASSED,-0.26709332311771555,-8.231578294172046e-06,4.533339272544575e-05,2.6632431578085347,4.315774182759489e-05,-0.00023769616195917166
3.3466693338667732,PASSED,-0.2670933313267095,-8.186367633302772e-06,4.512883963182665e-05,2.663243200847873,4.292070874842288e-05,-0.00023659102398057496
3.3476695339067812,PASSED,-0.26709333949059544,-8.1413620418778e-06,4.4923425953736404e-05,2.6632432436507076,4.268474611392789e-05,-0.00023554370817127634
3.3486697339467892,PASSED,-0.26709334760957903,-8.096562760225354e-06,4.471651878491848e-05,2.663243286218126,4.244986513668835e-05,-0.00023443915661837693
3.3496699339867972,PASSED,-0.26709335568386666,-8.051970130739845e-06,4.451003661923741e-05,2.663243328551203,4.2216069557138434e-05,-0.00023336652817093124
3.3506701340268052,PASSED,-0.2670933637136652,-8.007584473743978e-06,4.430273724695675e-05,2.663243370651028,4.198335696808014e-05,-0.00023227662964987625
3.3516703340668133,PASSED,-0.26709337169918224,-7.963406742621412e-06,4.4094393706304695e-05,2.6632434125186872,4.175173722692834e-05,-0.00023118181548639972
3.3526705341068213,PASSED,-0.26709337964062607,-7.91943793715401e-06,4.3885079974798374e-05,2.663243454155273,4.1521210876024194e-05,-0.00023008937451598376
3.3536707341468293,PASSED,-0.2670933875382055,-7.87567812545384e-06,4.36762995170879e-05,2.663243495561881,4.129177941320774e-05,-0.0002289928550167526
3.3546709341868373,PASSED,-0.26709339539213006,-7.832127930904775e-06,4.3466124570381415e-05,2.663243536739609,4.106344971247992e-05,-0.0002278875978685366
3.3556711342268453,PASSED,-0.2670934032026099,-7.788788374796546e-06,4.3255177133462823e-05,2.6632435776895584,4.0836223976356416e-05,-0.0002267844949601438
3.3566713342668533,PASSED,-0.26709341096985556,-7.745659779948811e-06,4.304420665724895e-05,2.6632436184128347,4.061010209364828e-05,-0.00022568014120678834
3.3576715343068613,PASSED,-0.2670934186940786,-7.702742776400547e-06,4.2832201475608345e-05,2.6632436589105453,4.0385090941718274e-05,-0.00022456515907881723
3.3586717343468693,PASSED,-0.2670934263754907,-7.660037928438691e-06,4.261994561935343e-05,2.6632436991837984,4.016118924470428e-05,-0.00022345938897078515
3.3596719343868773,PASSED,-0.26709343401430435,-7.617545712337383e-06,4.240706308927781e-05,2.6632437392337143,3.9938410244926656e-05,-0.00022232540698219433
3.3606721344268853,PASSED,-0.2670934416107325,-7.57526688151185e-06,4.2193342649703804e-05,2.663243779061404,3.971674368922581e-05,-0.00022122732151327887
3.3616723344668933,PASSED,-0.2670934491649887,-7.533201881590571e-06,4.19794381023274e-05,2.6632438186679877,3.949619327785043e-05,-0.00022009913795010638
3.3626725345069013,PASSED,-0.267093456677287,-7.4913508494786734e-06,4.176542811827886e-05,2.66324385805459,3.9276777342239834e-05,-0.00021896046738425896
3.3636727345469093,PASSED,-0.2670934641478419,-7.449714710899086e-06,4.154994555379308e-05,2.663243897222332,3.905848032254139e-05,-0.00021785472124122987
3.3646729345869173,PASSED,-0.26709347157686825,-7.4082937790158584e-06,4.133492276951789e-05,2.6632439361723415,3.884130639963111e-05,-0.00021672005735631802
3.3656731346269253,PASSED,-0.26709347896458147,-7.3670884554548435e-06,4.111892408867895e-05,2.6632439749057517,3.8625277762079806e-05,-0.00021556769101462386
3.3666733346669333,PASSED,-0.2670934863111974,-7.326099133425369e-06,4.0902920656671805e-05,2.663244013423689,3.8410371498462804e-05,-0.0002144653120185867
3.3676735347069413,PASSED,-0.26709349361693224,-7.28532618056184e-06,4.068630766810035e-05,2.66324405172729,3.819659576170778e-05,-0.00021331601991265113
3.3686737347469493,PASSED,-0.2670935008820025,-7.2447700010977124e-06,4.0469427328145696e-05,2.6632440898176895,3.7983967970805634e-05,-0.00021216897156180414
3.3696739347869573,PASSED,-0.26709350810662513,-7.204430771624277e-06,4.025243090362928e-05,2.6632441276960233,3.777247055035555e-05,-0.00021104971970893906
3.3706741348269653,PASSED,-0.2670935152910172,-7.1643088761534914e-06,4.0034871848888836e-05,2.6632441653634316,3.7562110072751705e-05,-0.00020990098286710404
3.3716743348669733,PASSED,-0.2670935224353964,-7.124404800222686e-06,3.9816878652083505e-05,2.6632442028210512,3.735289500491866e-05,-0.00020875779114367968
3.3726745349069813,PASSED,-0.2670935295399802,-7.084718334973853e-06,3.9599522979998756e-05,2.6632442400700294,3.7144825811463126e-05,-0.00020761012833010945
3.3736747349469893,PASSED,-0.2670935366049867,-7.0452499556786775e-06,3.9380950171959795e-05,2.663244277111505,3.693789359431627e-05,-0.00020648027635801196
3.3746749349869973,PASSED,-0.26709354363063387,-7.005999739528757e-06,3.9163060135228005e-05,2.6632443139466226,3.6732105296511304e-05,-0.00020532697876959847
3.3756751350270053,PASSED,-0.26709355061714,-6.966967853599926e-06,3.89444364579004e-05,2.6632443505765258,3.65274664352733e-05,-0.00020418011621694705
3.3766753350670133,PASSED,-0.2670935575647235,-6.9281543551162135e-06,3.87262065009205e-05,2.6632443870023597,3.6323968311972134e-05,-0.00020304346135730314
3.3776755351070213,PASSED,-0.2670935644736027,-6.8895593372854995e-06,3.850755871724158e-05,2.663244423225269,3.612161511705183e-05,-0.00020189301729563126
3.3786757351470293,PASSED,-0.26709357134399625,-6.851182948404357e-06,3.828894232374423e-05,2.663244459246399,3.5920409228822285e-05,-0.00020074780218549515
3.3796759351870374,PASSED,-0.2670935781761225,-6.813024851862972e-06,3.807086601981141e-05,2.6632444950668988,3.572035375492199e-05,-0.00019959392171015072
3.3806761352270454,PASSED,-0.26709358497019997,-6.77508522708326e-06,3.785213061964438e-05,2.663244530687908,3.552143420095519e-05,-0.00019846997547123927
3.3816763352670534,PASSED,-0.267093591726447,-6.737364100400677e-06,3.763379072454295e-05,2.663244566110577,3.532366415255744e-05,-0.00019730343034875497
3.3826765353070614,PASSED,-0.2670935984450819,-6.699861050463554e-06,3.741588941217732e-05,2.6632446013360456,3.512704107936845e-05,-0.00019616950174915497
3.3836767353470694,PASSED,-0.2670936051263228,-6.662576026820675e-06,3.719777979668053e-05,2.663244636365461,3.493155563042061e-05,-0.00019502941374696347
3.3846769353870774,PASSED,-0.2670936117703877,-6.625509090953647e-06,3.697970658059211e-05,2.663244671199965,3.473721709609835e-05,-0.00019387794803911896
3.3856771354270854,PASSED,-0.26709361837749435,-6.5886597045430375e-06,3.67625062972888e-05,2.663244705840697,3.454401576748424e-05,-0.00019275024899743855
3.3866773354670934,PASSED,-0.2670936249478602,-6.552027429599015e-06,3.654545404184383e-05,2.6632447402887984,3.435195206990127e-05,-0.00019160599663998863
3.3876775355071014,PASSED,-0.26709363148170245,-6.515612493792112e-06,3.6327923650275736e-05,2.6632447745454106,3.4161036962710155e-05,-0.00019045451422520666
3.3886777355471094,PASSED,-0.26709363797923796,-6.4794142219333075e-06,3.611183733115708e-05,2.663244808611668,3.397124919747056e-05,-0.00018934326591585958
3.3896779355871174,PASSED,-0.2670936444406832,-6.443431898629757e-06,3.5895980618479214e-05,2.663244842488706,3.3782591917051184e-05,-0.00018819995675503938
3.3906781356271254,PASSED,-0.26709365086625425,-6.407665859783801e-06,3.567941099760783e-05,2.6632448761776573,3.3595076596617164e-05,-0.00018705889622000274
3.3916783356671334,PASSED,-0.26709365725616674,-6.372115066009363e-06,3.546504895899204e-05,2.6632449096796535,3.340868699439395e-05,-0.00018594340622535808
3.3926785357071414,PASSED,-0.26709366361063575,-6.336778921921057e-06,3.525020750784776e-05,2.663244942995822,3.3223419261006084e-05,-0.00018481728482953614
3.3936787357471494,PASSED,-0.26709366992987593,-6.301657494947772e-06,3.5035573283577e-05,2.663244976127286,3.303927843773605e-05,-0.00018368984889702557
3.3946789357871574,PASSED,-0.2670936762141012,-6.26674949049127e-06,3.4822958571785004e-05,2.6632450090751703,3.285626114002882e-05,-0.00018256893024736116
3.3956791358271654,PASSED,-0.26709368246352505,-6.2320544757802445e-06,3.460971880385183e-05,2.6632450418405917,3.267435485219298e-05,-0.0001814645262281638
3.3966793358671734,PASSED,-0.2670936886783602,-6.197572249443324e-06,3.439723135896739e-05,2.663245074424669,3.249356803380741e-05,-0.0001803350131571685
3.3976795359071814,PASSED,-0.2670936948588187,-6.163301549448499e-06,3.41863457520625e-05,2.6632451068285077,3.231388676427375e-05,-0.00017924544045131474
3.3986797359471894,PASSED,-0.26709370100511187,-6.129241676067707e-06,3.3975558466611896e-05,2.663245139053223,3.213531397474804e-05,-0.00017812435557531395
3.3996799359871974,PASSED,-0.26709370711745034,-6.095392199970752e-06,3.376542118385129e-05,2.663245171099913,3.1957842689698504e-05,-0.00017703590469900977
3.4006801360272054,PASSED,-0.2670937131960438,-6.0617520045058405e-06,3.355671165228376e-05,2.6632452029696805,3.178146650377411e-05,-0.00017593637340798806
3.4016803360672134,PASSED,-0.26709371924110126,-6.028320261869947e-06,3.334842995829949e-05,2.66324523466362,3.160618800895266e-05,-0.0001748399090970828
3.4026805361072214,PASSED,-0.2670937252528307,-5.9950960512986365e-06,3.314139764665002e-05,2.6632452661828236,3.143199774881948e-05,-0.00017375716082390297
3.4036807361472294,PASSED,-0.26709373123143926,-5.9620787145778346e-06,3.293462943690393e-05,2.663245297528377,3.125888686737889e-05,-0.0001726800285183911
3.4046809361872374,PASSED,-0.2670937371771331,-5.929266991077292e-06,3.272978620963432e-05,2.663245328701359,3.108685521890837e-05,-0.00017159939510526253
3.4056811362272454,PASSED,-0.2670937430901174,-5.896659810666995e-06,3.25254432107381e-05,2.663245359702846,3.091589938397365e-05,-0.0001705267948210293
3.4066813362672534,PASSED,-0.26709374897059635,-5.86425641165661e-06,3.232203621014903e-05,2.663245390533911,3.0746012229072843e-05,-0.00016946072828733318
3.4076815363072614,PASSED,-0.267093754818773,-5.832055613175584e-06,3.211997332827565e-05,2.6632454211956174,3.057718390819163e-05,-0.00016840671594380843
3.4086817363472695,PASSED,-0.26709376063484946,-5.800056137436779e-06,3.191914401249137e-05,2.663245451689021,3.0409408193938428e-05,-0.0001673550464594594
3.4096819363872775,PASSED,-0.26709376641902655,-5.768256996774119e-06,3.171913842943789e-05,2.66324548201518,3.024269109783564e-05,-0.0001662917958650103
3.4106821364272855,PASSED,-0.267093772171504,-5.736657175011288e-06,3.1520277318427224e-05,2.6632455121751386,3.007701516152981e-05,-0.0001652653632663737
3.4116823364672935,PASSED,-0.26709377789248034,-5.705255124448415e-06,3.132323272583811e-05,2.6632455421699386,2.991237212482104e-05,-0.00016422815233703376
3.4126825365073015,PASSED,-0.2670937835821529,-5.6740497494660606e-06,3.112680315336557e-05,2.6632455720006156,2.9748768048079296e-05,-0.00016318802634488727
3.4136827365473095,PASSED,-0.26709378924071775,-5.64303996518332e-06,3.0931771702323767e-05,2.663245601668196,2.9586185601351804e-05,-0.00016217872698256252
3.4146829365873175,PASSED,-0.26709379486836965,-5.6122242128583014e-06,3.0738406073481694e-05,2.663245631173702,2.9424617252226892e-05,-0.0001611614305531411
3.4156831366273255,PASSED,-0.26709380046530207,-5.581601278355545e-06,3.0545953455604304e-05,2.663245660518148,2.926406603239246e-05,-0.0001601444126886247
3.4166833366673335,PASSED,-0.2670938060317072,-5.551169801318482e-06,3.035515942470287e-05,2.6632456897025394,2.910451453059147e-05,-0.0001591562278759028
3.4176835367073415,PASSED,-0.2670938115677757,-5.52092832467819e-06,3.016568811735083e-05,2.663245718727879,2.8945959567493336e-05,-0.00015815411991295468
3.4186837367473495,PASSED,-0.26709381707369706,-5.490875725203752e-06,2.997720704582798e-05,2.6632457475951568,2.878839551588328e-05,-0.00015717067274145967
3.4196839367873575,PASSED,-0.2670938225496592,-5.46101033154958e-06,2.9790851393069097e-05,2.6632457763053603,2.863181136127339e-05,-0.00015619314252217505
3.4206841368273655,PASSED,-0.2670938279958486,-5.431330532758275e-06,2.9605763723461607e-05,2.6632458048594683,2.8476204778889107e-05,-0.0001552155422923543
3.4216843368673735,PASSED,-0.2670938334124503,-5.401835251903469e-06,2.942162560903598e-05,2.66324583325845,2.8321563075211087e-05,-0.00015425914460180323
3.4226845369073815,PASSED,-0.26709383879964804,-5.3725228501206746e-06,2.9239585898634133e-05,2.6632458615032655,2.8167874088512216e-05,-0.00015330888143025016
3.4236847369473895,PASSED,-0.2670938441576237,-5.343391440173598e-06,2.90592926460366e-05,2.663245889594876,2.8015146884447617e-05,-0.00015233941915416906
3.4246849369873975,PASSED,-0.26709384948655784,-5.314439953543846e-06,2.8879615952230087e-05,2.663245917534219,2.786335305169949e-05,-0.0001514301084774371
3.4256851370274055,PASSED,-0.2670938547866295,-5.285666965523318e-06,2.87019027327268e-05,2.663245945322238,2.7712491746556915e-05,-0.00015048210291933
3.4266853370674135,PASSED,-0.2670938600580161,-5.257070297359138e-06,2.85265117851496e-05,2.6632459729598668,2.756257264412888e-05,-0.00014954376876716454
3.4276855371074215,PASSED,-0.26709386530089346,-5.228648602766073e-06,2.8351816465007572e-05,2.6632460004480203,2.7413554092392787e-05,-0.0001486684070487117
3.4286857371474295,PASSED,-0.2670938705154358,-5.200400506907589e-06,2.817894878746866e-05,2.6632460277876153,2.7265444427122844e-05,-0.00014773717075076265
3.4296859371874375,PASSED,-0.26709387570181575,-5.172324341516684e-06,2.8007643126529968e-05,2.6632460549795547,2.7118249529937905e-05,-0.00014683338147438842
3.4306861372274455,PASSED,-0.26709388086020436,-5.144418164142766e-06,2.7838533538842965e-05,2.663246082024738,2.6971938974505326e-05,-0.00014596200473803266
3.4316863372674535,PASSED,-0.26709388599077094,-5.116680497893122e-06,2.767042139017802e-05,2.6632461089240516,2.6826507207046928e-05,-0.00014507827593863794
3.4326865373074615,PASSED,-0.2670938910936832,-5.089109802954139e-06,2.75042106381857e-05,2.6632461356783765,2.66819611075886e-05,-0.00014419131513812607
3.4336867373474695,PASSED,-0.2670938961691071,-5.061704323351977e-06,2.733965891148113e-05,2.6632461622885804,2.6538273914903403e-05,-0.00014335111104990853
3.4346869373874775,PASSED,-0.2670939012172072,-5.034462384810604e-06,2.717679162796681e-05,2.663246188755524,2.639543784497695e-05,-0.0001424927091774852
3.4356871374274855,PASSED,-0.26709390623814605,-5.0073821774555264e-06,2.701581783981884e-05,2.6632462150800675,2.62534690986982e-05,-0.00014161943767959358
3.4366873374674936,PASSED,-0.26709391123208465,-4.980462293495363e-06,2.6855928040393624e-05,2.6632462412630487,2.61123296098544e-05,-0.0001408195229532676
3.4376875375075016,PASSED,-0.2670939161991824,-4.953700829422274e-06,2.6698488094886714e-05,2.6632462673053037,2.597201020892026e-05,-0.00013998598625472797
3.4386877375475096,PASSED,-0.2670939211395968,-4.927095942813413e-06,2.6542485618176735e-05,2.6632462932076604,2.5832530519919454e-05,-0.00013914215749818922
3.4396879375875176,PASSED,-0.2670939260534838,-4.900646281016576e-06,2.6387779249277023e-05,2.6632463189709354,2.569385929956256e-05,-0.00013835726226270632
3.4406881376275256,PASSED,-0.2670939309409977,-4.874350180909713e-06,2.6234980678587324e-05,2.6632463445959376,2.5555980646914636e-05,-0.00013755957957140166
3.4416883376675336,PASSED,-0.26709393580229085,-4.848205234724509e-06,2.6084923189615167e-05,2.663246370083464,2.5418906588388792e-05,-0.0001367503778288012
3.4426885377075416,PASSED,-0.26709394063751407,-4.822210493339361e-06,2.5934620182170087e-05,2.66324639543431,2.5282625954260524e-05,-0.00013596747166124678
3.4436887377475496,PASSED,-0.26709394544681647,-4.79636412977304e-06,2.5787525822424257e-05,2.663246420649252,2.5147105356924863e-05,-0.0001352226811186044
3.4446889377875576,PASSED,-0.2670939502303455,-4.770663940194287e-06,2.5641965416304033e-05,2.663246445729066,2.5012359991988984e-05,-0.00013442715414739724
3.4456891378275656,PASSED,-0.2670939549882466,-4.745108789798154e-06,2.549727371601881e-05,2.6632464706745136,2.487838172185532e-05,-0.0001336790141245084
3.4466893378675736,PASSED,-0.267093959720664,-4.719696834540923e-06,2.5355076284707e-05,2.6632464954863537,2.4745146753918446e-05,-0.00013293893714511106
3.4476895379075816,PASSED,-0.26709396442773986,-4.694425972583041e-06,2.521471907333321e-05,2.663246520165329,2.4612651990297232e-05,-0.00013219864793861632
3.4486897379475896,PASSED,-0.2670939691096147,-4.669295081551963e-06,2.507500566957475e-05,2.663246544712174,2.4480889547242808e-05,-0.00013147163979830123
3.4496899379875976,PASSED,-0.26709397376642746,-4.644302456895477e-06,2.49377039810928e-05,2.6632465691276233,2.4349858720736178e-05,-0.00013073695097884898
3.4506901380276056,PASSED,-0.2670939783983155,-4.619445949487269e-06,2.480237635961724e-05,2.6632465934123912,2.421953555701415e-05,-0.00013004730555080894
3.4516903380676136,PASSED,-0.2670939830054143,-4.594724209987155e-06,2.4667981593778983e-05,2.663246617567192,2.408991875979132e-05,-0.0001293297916708497
3.4526905381076216,PASSED,-0.2670939875878578,-4.570135668740319e-06,2.4535581015540446e-05,2.6632466415927256,2.3961005507197346e-05,-0.00012863555987605997
3.4536907381476296,PASSED,-0.2670939921457782,-4.545678386519818e-06,2.4405083023808132e-05,2.663246665489686,2.383277658458646e-05,-0.0001279578311007677
3.4546909381876376,PASSED,-0.2670939966793062,-4.521351043489306e-06,2.427551636831456e-05,2.6632466892587585,2.3705228215146807e-05,-0.0001272753949989142
3.4556911382276456,PASSED,-0.26709400118857085,-4.497152116692624e-06,2.4147867082261034e-05,2.6632467129006177,2.357835361522272e-05,-0.000126607403207533
3.4566913382676536,PASSED,-0.2670940056736995,-4.473079459625555e-06,2.4022517056942324e-05,2.6632467364159367,2.345214772257613e-05,-0.00012593821893929643
3.4576915383076616,PASSED,-0.26709401013481804,-4.449131968221655e-06,2.3897474301870103e-05,2.6632467598053693,2.332658763031389e-05,-0.00012530800781086497
3.4586917383476696,PASSED,-0.2670940145720507,-4.425308208927466e-06,2.3774615955734063e-05,2.6632467830695696,2.3201676263096866e-05,-0.00012464694015446487
3.4596919383876776,PASSED,-0.2670940189855201,-4.401605909990487e-06,2.3654087591142145e-05,2.663246806209181,2.3077414699488118e-05,-0.00012400464591159977
3.4606921384276856,PASSED,-0.2670940233753475,-4.378024133566111e-06,2.353356897986591e-05,2.6632468292248386,2.2953775450430558e-05,-0.0001233956511548696
3.4616923384676936,PASSED,-0.26709402774165253,-4.354561623486044e-06,2.3415137480201728e-05,2.6632468521171693,2.2830757899378347e-05,-0.00012276548431710435
3.4626925385077016,PASSED,-0.26709403208455323,-4.331215978296273e-06,2.3299316996149502e-05,2.6632468748867946,2.270836518381778e-05,-0.00012214420305620957
3.4636927385477096,PASSED,-0.2670940364041663,-4.3079863126573784e-06,2.3183231400723654e-05,2.66324689753432,2.2586568360150248e-05,-0.00012156523740840799
3.4646929385877177,PASSED,-0.2670940407006069,-4.284871552813942e-06,2.3069112138577167e-05,2.6632469200603546,2.246537396786704e-05,-0.00012094716219974455
3.4656931386277257,PASSED,-0.26709404497398875,-4.261869392327584e-06,2.2957526051545627e-05,2.663246942465494,2.2344783229293828e-05,-0.0001203531228221889
3.4666933386677337,PASSED,-0.2670940492244242,-4.238978593233157e-06,2.284631445634622e-05,2.66324696475033,2.2224771321606763e-05,-0.00011978443093031448
3.4676935387077417,PASSED,-0.2670940534520242,-4.216198560380928e-06,2.273584511615092e-05,2.663246986915436,2.210532548897694e-05,-0.0001192201004294962
3.4686937387477497,PASSED,-0.2670940576568982,-4.193527332592098e-06,2.262814957061515e-05,2.6632470089613918,2.198646380978968e-05,-0.0001186227316924393
3.4696939387877577,PASSED,-0.2670940618391544,-4.170963156384038e-06,2.25215272996914e-05,2.663247030888763,2.1868167298896604e-05,-0.00011807903036017033
3.4706941388277657,PASSED,-0.26709406599889973,-4.148505630549862e-06,2.241485819049945e-05,2.6632470526981127,2.1750419495402367e-05,-0.00011752698558361441
3.4716943388677737,PASSED,-0.2670940701362397,-4.126153082534885e-06,2.2311007897963022e-05,2.6632470743899925,2.163322564423826e-05,-0.00011697176155110217
3.4726945389077817,PASSED,-0.2670940742512787,-4.103903730329011e-06,2.2208248411146892e-05,2.6632470959649472,2.1516574346248884e-05,-0.00011643765561489058
3.4736947389477897,PASSED,-0.2670940783441195,-4.081757072106797e-06,2.2105598096258886e-05,2.6632471174235186,2.1400458599343015e-05,-0.00011590114109984867
3.4746949389877977,PASSED,-0.2670940824148642,-4.0597116445498664e-06,2.200531386404497e-05,2.6632471387662418,2.1284877628842966e-05,-0.00011536752343351572
3.4756951390278057,PASSED,-0.2670940864636133,-4.037766129820137e-06,2.1905648640186648e-05,2.6632471599936456,2.1169823841824103e-05,-0.00011484462940909746
3.4766953390678137,PASSED,-0.26709409049046623,-4.015919528344071e-06,2.1807236699983977e-05,2.6632471811062453,2.1055275208941588e-05,-0.0001143513018647926
3.4776955391078217,PASSED,-0.2670940944955213,-3.9941706421210146e-06,2.1709985905105285e-05,2.66324720210456,2.0941244510254252e-05,-0.00011381696323569983
3.4786957391478297,PASSED,-0.2670940984788756,-3.972518357929935e-06,2.1613816381730522e-05,2.663247222989102,2.0827734978416465e-05,-0.00011330457757251158
3.4796959391878377,PASSED,-0.26709410244062537,-3.9509617204917806e-06,2.15185181424379e-05,2.6632472437603703,2.0714706803011913e-05,-0.00011284390729258108
3.4806961392278457,PASSED,-0.2670941063808656,-3.929499520090562e-06,2.1424655240405716e-05,2.6632472644188647,2.0602175674635385e-05,-0.00011232260909916082
3.4816963392678537,PASSED,-0.26709411029969027,-3.9081306891293645e-06,2.1331614775059178e-05,2.66324728496508,2.0490152715924605e-05,-0.00011182319178518951
3.4826965393078617,PASSED,-0.2670941141971925,-3.886854655609266e-06,2.1238979350124423e-05,2.6632473053995014,2.037859841026172e-05,-0.00011137504824801407
3.4836967393478697,PASSED,-0.26709411807346417,-3.865670036536424e-06,2.1148378887987545e-05,2.663247325722611,2.0267518840988925e-05,-0.00011088258328931653
3.4846969393878777,PASSED,-0.2670941219285965,-3.844576061329017e-06,2.105770608702018e-05,2.66324734593489,2.0156936635026647e-05,-0.0001103819544109142
3.4856971394278857,PASSED,-0.2670941257626796,-3.823571922309265e-06,2.0968427641575116e-05,2.663247366036809,2.0046812637511113e-05,-0.00010995202625194385
3.4866973394678937,PASSED,-0.2670941295758029,-3.8026565404054483e-06,2.0880018078644288e-05,2.663247386028837,1.9937146163559262e-05,-0.00010947610575178985
3.4876975395079017,PASSED,-0.2670941333680547,-3.7818291612922282e-06,2.0792286469604772e-05,2.663247405911435,1.982795314128267e-05,-0.0001090042999597945
3.4886977395479097,PASSED,-0.26709413713952274,-3.7610890930598014e-06,2.0705256074308536e-05,2.6632474256850664,1.9719218457580068e-05,-0.00010855493953114214
3.4896979395879177,PASSED,-0.2670941408902939,-3.7404354930181173e-06,2.061916268660132e-05,2.6632474453501844,1.9610927522130116e-05,-0.00010811493272916105
3.4906981396279257,PASSED,-0.26709414462045417,-3.719867555087838e-06,2.0533788092730796e-05,2.6632474649072417,1.9503092098539457e-05,-0.00010764908416499222
3.4916983396679337,PASSED,-0.26709414833008893,-3.699384603458256e-06,2.044906065414911e-05,2.663247484356683,1.9395701483755574e-05,-0.00010721830186314314
3.4926985397079418,PASSED,-0.2670941520192829,-3.6789861565825313e-06,2.0364704356775982e-05,2.6632475036989547,1.9288751113234417e-05,-0.00010677174962649533
3.4936987397479498,PASSED,-0.26709415568812006,-3.6586711935439423e-06,2.0281802159797467e-05,2.663247522934496,1.9182242328665788e-05,-0.00010633347453005404
3.4946989397879578,PASSED,-0.2670941593366837,-3.638439048803657e-06,2.019903979394344e-05,2.6632475420637447,1.907616756573962e-05,-0.00010590228852358201
3.4956991398279658,PASSED,-0.26709416296505656,-3.6182897638966292e-06,2.011611498241754e-05,2.663247561087135,1.8970524814953875e-05,-0.00010546972562718707
3.4966993398679738,PASSED,-0.2670941665733208,-3.5982221136983573e-06,2.0035340342174962e-05,2.663247580005099,1.8865314589195724e-05,-0.00010503722584546045
3.4976995399079818,PASSED,-0.26709417016155806,-3.5782357138627367e-06,1.995377283125061e-05,2.66324759881806,1.8760523309271994e-05,-0.00010462731597590733
3.4986997399479898,PASSED,-0.2670941737298494,-3.558330356019214e-06,1.9873081185037325e-05,2.6632476175264443,1.865615651740473e-05,-0.00010419310912816986
3.4996999399879978,PASSED,-0.2670941772782753,-3.5385050448075847e-06,1.9793464562690175e-05,2.6632476361306776,1.8552221927720637e-05,-0.00010376224338803591
3.500700140028006,PASSED,-0.267094180806916,-3.518759860908862e-06,1.9712996789411052e-05,2.663247654631175,1.8448693545285723e-05,-0.00010337247513283137
3.501700340068014,PASSED,-0.26709418431585114,-3.4990942768796764e-06,1.9633975522368485e-05,2.6632476730283616,1.8345587374730507e-05,-0.0001029286341701432
3.502700540108022,PASSED,-0.26709418780516,-3.479507275071709e-06,1.9555685998366668e-05,2.6632476913226455,1.8242898943424835e-05,-0.00010252829606268838
3.50370074014803,PASSED,-0.26709419127492134,-3.459999257578919e-06,1.9476238489072293e-05,2.6632477095144433,1.814061442656482e-05,-0.00010212199739157384
3.504700940188038,PASSED,-0.26709419472521395,-3.440569905887338e-06,1.9398093826587385e-05,2.6632477276041673,1.8038746183690458e-05,-0.00010169907319621698
3.505701140228046,PASSED,-0.26709419815611574,-3.421217954339511e-06,1.9321190028653332e-05,2.6632477455922268,1.793729042905092e-05,-0.00010129354226841795
3.506701340268054,PASSED,-0.26709420156770486,-3.4019440553894097e-06,1.9242371564399843e-05,2.663247763479029,1.7836233270821262e-05,-0.00010089956887048492
3.507701540308062,PASSED,-0.26709420496005876,-3.382747926625494e-06,1.9165300230259392e-05,2.663247781264985,1.7735590376076018e-05,-0.00010047177866175386
3.50870174034807,PASSED,-0.2670942083332549,-3.3636286557452494e-06,1.9088584646901313e-05,2.663247798950496,1.763535247213371e-05,-0.00010008198746267529
3.509701940388078,PASSED,-0.2670942116873704,-3.3445864016145426e-06,1.901136711991074e-05,2.6632478165359696,1.753551259717513e-05,-9.967846662251609e-05
3.510702140428086,PASSED,-0.2670942150224822,-3.3256214589540273e-06,1.8933993020918132e-05,2.663247834021806,1.743607697849218e-05,-9.927372005657263e-05
3.511702340468094,PASSED,-0.26709421833866714,-3.3067328859201973e-06,1.8858293042438068e-05,2.6632478514084093,1.733704696683567e-05,-9.886753938980093e-05
3.512702540508102,PASSED,-0.2670942216360018,-3.2879207158787545e-06,1.878142137411273e-05,2.6632478686961822,1.7238417181188703e-05,-9.847128315174488e-05
3.51370274054811,PASSED,-0.2670942249145627,-3.269185286567358e-06,1.8704767936252592e-05,2.663247885885526,1.714018729314001e-05,-9.806895797999543e-05
3.514702940588118,PASSED,-0.26709422817442613,-3.2505259255277837e-06,1.862908977512201e-05,2.6632479029768406,1.7042359227583356e-05,-9.76674706077603e-05
3.515703140628126,PASSED,-0.26709423141566846,-3.2319429982301154e-06,1.855215231269911e-05,2.6632479199705243,1.6944928114598412e-05,-9.727354123640014e-05
3.516703340668134,PASSED,-0.26709423463836596,-3.2134363992971184e-06,1.8476230013195245e-05,2.6632479368669797,1.684789894952753e-05,-9.686624762720564e-05
3.517703540708142,PASSED,-0.26709423784259484,-3.195005749766666e-06,1.840026254195728e-05,2.6632479536666036,1.6751267786561656e-05,-9.647443985831927e-05
3.51870374074815,PASSED,-0.2670942410284311,-3.176651111781819e-06,1.8324221613440905e-05,2.6632479703697958,1.6655034246998757e-05,-9.607293936594921e-05
3.519703940788158,PASSED,-0.2670942441959511,-3.1583731346684783e-06,1.8247147446606746e-05,2.6632479869769585,1.6559207514380237e-05,-9.566259478690375e-05
3.520704140828166,PASSED,-0.267094247345231,-3.1401711247053187e-06,1.8171918307527997e-05,2.663248003488487,1.646377282516978e-05,-9.528275215949814e-05
3.521704340868174,PASSED,-0.26709425047634694,-3.1220450415691004e-06,1.8095526355345203e-05,2.663248019904784,1.6368735852119e-05,-9.487312031163478e-05
3.522704540908182,PASSED,-0.2670942535893753,-3.1039958303659904e-06,1.801833443495336e-05,2.6632480362262463,1.6274105858736206e-05,-9.446790876356606e-05
3.52370474094819,PASSED,-0.26709425668439224,-3.0860225999905357e-06,1.794316100245575e-05,2.663248052453279,1.6179876874122943e-05,-9.40697018463926e-05
3.524704940988198,PASSED,-0.26709425976147433,-3.0681257252144534e-06,1.7866017291833047e-05,2.6632480685862805,1.6086044919236684e-05,-9.367345691283849e-05
3.525705141028206,PASSED,-0.2670942628206981,-3.0503060402288697e-06,1.7788796781417537e-05,2.66324808462565,1.5992611455404577e-05,-9.32734684449524e-05
3.526705341068214,PASSED,-0.2670942658621402,-3.032562519372792e-06,1.771333690585158e-05,2.6632481005717885,1.5899582565189155e-05,-9.286583806240304e-05
3.527705541108222,PASSED,-0.26709426888587723,-3.014895682046606e-06,1.76358376064092e-05,2.663248116425103,1.5806962804551323e-05,-9.245570902145186e-05
3.5287057411482294,PASSED,-0.2670942718919862,-2.997306448800815e-06,1.755816367204512e-05,2.663248132185996,1.571474312899763e-05,-9.206231990852141e-05
3.5297059411882374,PASSED,-0.2670942748805442,-2.979793963947799e-06,1.7482032306996996e-05,2.6632481478548673,1.5622917362519617e-05,-9.166806419100316e-05
3.5307061412282454,PASSED,-0.2670942778516285,-2.962358681728052e-06,1.7404115494913622e-05,2.6632481634321254,1.5531509964805143e-05,-9.123362006345516e-05
3.5317063412682534,PASSED,-0.2670942808053164,-2.9450011837937037e-06,1.7326419560638137e-05,2.6632481789181766,1.544051188079484e-05,-9.084105997486764e-05
3.5327065413082614,PASSED,-0.26709428374168553,-2.927721234589861e-06,1.7248968965978707e-05,2.6632481943134256,1.5349905894496473e-05,-9.04492705140313e-05
3.5337067413482695,PASSED,-0.2670942866608137,-2.9105191062782456e-06,1.7170901208706663e-05,2.663248209618281,1.5259715328437076e-05,-9.001809642297104e-05
3.5347069413882775,PASSED,-0.2670942895627789,-2.8933952688073604e-06,1.7092461645670918e-05,2.6632482248331506,1.5169941306043826e-05,-8.961130637343752e-05
3.5357071414282855,PASSED,-0.26709429244765936,-2.8763496412343934e-06,1.7014404857831416e-05,2.6632482399584467,1.5080568640396427e-05,-8.92135718300408e-05
3.5367073414682935,PASSED,-0.2670942953155335,-2.8593824342287863e-06,1.6935741770790543e-05,2.6632482549945795,1.4991609736413484e-05,-8.878912541821299e-05
3.5377075415083015,PASSED,-0.2670942981664799,-2.8424941264533684e-06,1.6856685111836413e-05,2.6632482699419637,1.490307281454108e-05,-8.836878617519813e-05
3.5387077415483095,PASSED,-0.26709430100057757,-2.8256849926552347e-06,1.6777432922331432e-05,2.663248284801006,1.4814933268307059e-05,-8.798671960656851e-05
3.5397079415883175,PASSED,-0.2670943038179056,-2.8089549107372734e-06,1.669851458171503e-05,2.6632482995721283,1.472721888821793e-05,-8.753282041083591e-05
3.5407081416283255,PASSED,-0.2670943066185434,-2.7923043007345676e-06,1.6618673616699366e-05,2.6632483142557444,1.463993001286536e-05,-8.712624531372354e-05
3.5417083416683335,PASSED,-0.26709430940257056,-2.7757336670424658e-06,1.6538607075703035e-05,2.6632483288522715,1.4553042742392199e-05,-8.672795391278674e-05
3.5427085417083415,PASSED,-0.26709431217006696,-2.759242774509552e-06,1.6459082837721477e-05,2.6632483433621292,1.4466582024316563e-05,-8.628256085086842e-05
3.5437087417483495,PASSED,-0.26709431492111274,-2.7428322342270616e-06,1.6378178579003054e-05,2.6632483577857355,1.4380545944258364e-05,-8.587175952975328e-05
3.5447089417883575,PASSED,-0.26709431765578834,-2.726502416089769e-06,1.629757784281846e-05,2.6632483721235136,1.429492445252907e-05,-8.545464652898935e-05
3.5457091418283655,PASSED,-0.2670943203741743,-2.7102531110110415e-06,1.6217123235999768e-05,2.663248386375889,1.4209735578836585e-05,-8.501169180148137e-05
3.5467093418683735,PASSED,-0.2670943230763516,-2.694084852048084e-06,1.6135682780929936e-05,2.6632484005432824,1.4124967734189997e-05,-8.460527987665902e-05
3.5477095419083815,PASSED,-0.2670943257624014,-2.6779980482621712e-06,1.605421778923452e-05,2.6632484146261173,1.404061542287975e-05,-8.418366559930663e-05
3.5487097419483895,PASSED,-0.267094328432405,-2.6619926051113067e-06,1.5972926725284455e-05,2.663248428624825,1.3956706525917962e-05,-8.372571787011092e-05
3.5497099419883975,PASSED,-0.2670943310864442,-2.6460689557452858e-06,1.589079779317883e-05,2.6632484425398304,1.387322237632475e-05,-8.332310407527932e-05
3.5507101420284055,PASSED,-0.26709433372460084,-2.630227466949496e-06,1.580861613086368e-05,2.6632484563715657,1.3790159543938712e-05,-8.28893179265418e-05
3.5517103420684135,PASSED,-0.2670943363469571,-2.6144681677140407e-06,1.5726421305183162e-05,2.6632484701204615,1.3707539522292676e-05,-8.244049079236933e-05
3.5527105421084215,PASSED,-0.26709433895359536,-2.5987913916649914e-06,1.5643679211626354e-05,2.663248483786947,1.3625346226384885e-05,-8.202849931807156e-05
3.5537107421484295,PASSED,-0.2670943415445983,-2.5831975636277304e-06,1.5560593921017588e-05,2.6632484973714554,1.3543580607959533e-05,-8.159036449687352e-05
3.5547109421884375,PASSED,-0.2670943441200488,-2.5676864930312716e-06,1.547805504675319e-05,2.663248510874427,1.3462267696953998e-05,-8.112794201130796e-05
3.5557111422284455,PASSED,-0.26709434668002996,-2.5522586807745826e-06,1.539431706331324e-05,2.6632485242962898,1.3381376937434427e-05,-8.073263785840969e-05
3.5567113422684535,PASSED,-0.26709434922462494,-2.536914296872913e-06,1.531109512723979e-05,2.663248537637487,1.3300922456046491e-05,-8.026904374095557e-05
3.5577115423084615,PASSED,-0.26709435175391755,-2.521653648305034e-06,1.5227017528305503e-05,2.663248550898453,1.3220918521364759e-05,-7.982719530891846e-05
3.5587117423484695,PASSED,-0.26709435426799133,-2.506476755861722e-06,1.5143475719982466e-05,2.663248564079628,1.3141344952202334e-05,-7.940448506476158e-05
3.5597119423884775,PASSED,-0.2670943567669304,-2.491384023102149e-06,1.50589041192998e-05,2.663248577181452,1.3062210129222915e-05,-7.895504825585497e-05
3.5607121424284855,PASSED,-0.26709435925081876,-2.476375514774872e-06,1.4974911132595169e-05,2.6632485902043648,1.298352457624661e-05,-7.850588945660778e-05
3.5617123424684936,PASSED,-0.2670943617197408,-2.4614512579459873e-06,1.4890487293077195e-05,2.663248603148811,1.2905279678583423e-05,-7.80709031342391e-05
3.5627125425085016,PASSED,-0.267094364173781,-2.4466117293011864e-06,1.4805556212616929e-05,2.6632486160152333,1.2827474286780364e-05,-7.762838424893727e-05
3.5637127425485096,PASSED,-0.267094366613024,-2.4318568709233726e-06,1.472105982127832e-05,2.6632486288040726,1.275011304160814e-05,-7.718315245441892e-05
3.5647129425885176,PASSED,-0.26709436903755457,-2.4171868101200234e-06,1.4636061458062979e-05,2.663248641515777,1.2673202452318089e-05,-7.672888051380502e-05
3.5657131426285256,PASSED,-0.26709437144745773,-2.4026020533301635e-06,1.4550553677724775e-05,2.6632486541507903,1.2596735360264185e-05,-7.629256641397221e-05
3.5667133426685336,PASSED,-0.26709437384281853,-2.3881022295255013e-06,1.4466003889286444e-05,2.6632486667095567,1.252070726770297e-05,-7.585177665937782e-05
3.5677135427085416,PASSED,-0.2670943762237222,-2.3736875652047193e-06,1.4380437941778756e-05,2.6632486791925274,1.2445137752721385e-05,-7.538134052972227e-05
3.5687137427485496,PASSED,-0.267094378590254,-2.3593585007669575e-06,1.4294815435083988e-05,2.663248691600146,1.2370012122123423e-05,-7.495515731012477e-05
3.5697139427885576,PASSED,-0.26709438094249927,-2.345114643202269e-06,1.4209885651090872e-05,2.663248703932861,1.2295325840080473e-05,-7.450703186483442e-05
3.5707141428285656,PASSED,-0.26709438328054363,-2.330956395590804e-06,1.4123822251714887e-05,2.6632487161911236,1.222110278991843e-05,-7.403372902684703e-05
3.5717143428685736,PASSED,-0.2670943856044726,-2.3168838868742786e-06,1.4038299693065945e-05,2.663248728375376,1.2147316924041453e-05,-7.36206237770651e-05
3.5727145429085816,PASSED,-0.2670943879143716,-2.302896728765516e-06,1.3953063719226339e-05,2.663248740486073,1.2073980544350494e-05,-7.314688363355571e-05
3.5737147429485896,PASSED,-0.26709439021032644,-2.288995264515121e-06,1.3867064604507795e-05,2.6632487525236606,1.2001102649587776e-05,-7.269856884882834e-05
3.5747149429885976,PASSED,-0.2670943924924228,-2.2751797141160055e-06,1.378120759552141e-05,2.6632487644885896,1.1928665541720234e-05,-7.22628005466858e-05
3.5757151430286056,PASSED,-0.26709439476074626,-2.261449692081396e-06,1.369589832733481e-05,2.6632487763813057,1.1856674012357933e-05,-7.181068190604647e-05
3.5767153430686136,PASSED,-0.2670943970153825,-2.247805264857397e-06,1.3610113155108495e-05,2.663248788202262,1.178514329118233e-05,-7.134408068863985e-05
3.5777155431086216,PASSED,-0.26709439925641726,-2.2342466464639082e-06,1.3524288552408983e-05,2.6632487999519068,1.1714058649924974e-05,-7.091168163650145e-05
3.5787157431486296,PASSED,-0.267094401483936,-2.2207733755988884e-06,1.3439259073427395e-05,2.663248811630685,1.1643408988025603e-05,-7.04749820746188e-05
3.5797159431886376,PASSED,-0.2670944036980244,-2.2073858452711255e-06,1.3353044497319712e-05,2.66324882323905,1.1573222115004709e-05,-6.99948003184099e-05
3.5807161432286456,PASSED,-0.26709440589876793,-2.1940837868737553e-06,1.3268067664070789e-05,2.663248834777449,1.1503486446596349e-05,-6.956291380166117e-05
3.5817163432686536,PASSED,-0.267094408086252,-2.180866832938659e-06,1.3182878115780168e-05,2.663248846246331,1.1434188134210057e-05,-6.912191144271101e-05
3.5827165433086616,PASSED,-0.26709441026056197,-2.1677354570431485e-06,1.3097041081998233e-05,2.663248857646139,1.1365335876652797e-05,-6.867248830029294e-05
3.5837167433486696,PASSED,-0.267094412421783,-2.154689323036702e-06,1.30121959560781e-05,2.6632488689773237,1.1296940147625674e-05,-6.82112228450083e-05
3.5847169433886776,PASSED,-0.2670944145700002,-2.141727873796933e-06,1.2927618095562705e-05,2.663248880240328,1.1228982061575873e-05,-6.778932818632897e-05
3.5857171434286856,PASSED,-0.2670944167052985,-2.1288512832498362e-06,1.28425721814532e-05,2.663248891435602,1.1161470712622782e-05,-6.732602946426492e-05
3.5867173434686936,PASSED,-0.26709441882776275,-2.116059793848207e-06,1.2757434215079923e-05,2.663248902563586,1.109440660528822e-05,-6.68894925814284e-05
3.5877175435087016,PASSED,-0.2670944209374774,-2.103352389528123e-06,1.2674051056753793e-05,2.663248913624725,1.1027781044311657e-05,-6.644960657331706e-05
3.5887177435487096,PASSED,-0.2670944230345269,-2.0907292946188998e-06,1.2589124144202745e-05,2.663248924619462,1.0961601075346641e-05,-6.600021055948156e-05
3.5897179435887177,PASSED,-0.2670944251189955,-2.0781906045901893e-06,1.250506728504851e-05,2.663248935548235,1.0895857192744915e-05,-6.557299729655709e-05
3.5907181436287257,PASSED,-0.2670944271909671,-2.0657355463651283e-06,1.2421718851735824e-05,2.6632489464114903,1.0830559736917543e-05,-6.511376151458086e-05
3.5917183436687337,PASSED,-0.26709442925052546,-2.0533641146806674e-06,1.2337906906278144e-05,2.6632489572096603,1.076569555578998e-05,-6.469779420288459e-05
3.5927185437087417,PASSED,-0.26709443129775406,-2.041076111394111e-06,1.2254734206741751e-05,2.663248967943189,1.0701269173028615e-05,-6.424544180034978e-05
3.5937187437487497,PASSED,-0.2670944333327361,-2.0288710210211055e-06,1.2171994483847857e-05,2.6632489786125078,1.0637280438447114e-05,-6.381759643560176e-05
3.5947189437887577,PASSED,-0.2670944353555543,-2.0167486115290063e-06,1.2089352830933551e-05,2.663248989218053,1.0573721447130184e-05,-6.338658790448422e-05
3.5957191438287657,PASSED,-0.2670944373662915,-2.004708864264457e-06,1.2006676886960136e-05,2.6632489997602575,1.0510597689943649e-05,-6.294853670790347e-05
3.5967193438687737,PASSED,-0.2670944393650298,-1.9927510539705782e-06,1.1925232565157118e-05,2.663249010239552,1.044790359292276e-05,-6.252447056287801e-05
3.5977195439087817,PASSED,-0.2670944413518511,-1.980874897753505e-06,1.1843438651683067e-05,2.663249020656368,1.0385639774521082e-05,-6.209005029421454e-05
3.5987197439487897,PASSED,-0.2670944433268372,-1.9690804733569224e-06,1.1761748226515715e-05,2.6632490310111288,1.032379681174768e-05,-6.167823775952515e-05
3.5997199439887977,PASSED,-0.267094445290069,-1.957366743307434e-06,1.1681717931470506e-05,2.6632490413042658,1.0262385224473329e-05,-6.123382028423751e-05
3.6007201440288057,PASSED,-0.26709444724162745,-1.9457336313151843e-06,1.1600708032768643e-05,2.6632490515361997,1.0201398595241389e-05,-6.082183519707606e-05
3.6017203440688137,PASSED,-0.267094449181593,-1.934181101438563e-06,1.1520411105855367e-05,2.663249061707354,1.0140824654056347e-05,-6.040867851035279e-05
3.6027205441088217,PASSED,-0.26709445111004554,-1.922707878222429e-06,1.1441764622987233e-05,2.663249071818142,1.0080666477448607e-05,-5.9991175339333034e-05
3.6037207441488297,PASSED,-0.2670944530270647,-1.9113140229633535e-06,1.1361915683134333e-05,2.6632490818689876,1.0020935293275376e-05,-5.9557856729163726e-05
3.6047209441888377,PASSED,-0.2670944549327296,-1.899999642725218e-06,1.1282689941469506e-05,2.663249091860302,9.961613122627886e-06,-5.916504659304314e-05
3.6057211442288457,PASSED,-0.2670944568271189,-1.8887631728622923e-06,1.1205656477230056e-05,2.6632491017925024,9.902700885580438e-06,-5.8743697350381945e-05
3.6067213442688537,PASSED,-0.26709445871031084,-1.8776046570340802e-06,1.1127088728866814e-05,2.663249111665991,9.844195039933811e-06,-5.8347277844125164e-05
3.6077215443088617,PASSED,-0.267094460582383,-1.866523797160655e-06,1.105004063646437e-05,2.6632491214811824,9.786100218607694e-06,-5.792651698078084e-05
3.6087217443488697,PASSED,-0.2670944624434127,-1.8555197074784265e-06,1.0973455712737572e-05,2.6632491312384774,9.728409423188214e-06,-5.753364771194604e-05
3.6097219443888777,PASSED,-0.2670944642934765,-1.844592236758676e-06,1.089681405775876e-05,2.663249140938279,9.671112333709306e-06,-5.713938399021395e-05
3.6107221444288857,PASSED,-0.26709446613265064,-1.8337405981814614e-06,1.0821521590185287e-05,2.663249150580986,9.614218546915855e-06,-5.673005532894278e-05
3.6117223444688937,PASSED,-0.26709446796101083,-1.8229643154493148e-06,1.0746123493454485e-05,2.6632491601669956,9.557720643916926e-06,-5.634313477891767e-05
3.6127225445089017,PASSED,-0.267094469778632,-1.8122627413202984e-06,1.0671874552724354e-05,2.6632491696967038,9.501614450848576e-06,-5.5948231927973666e-05
3.6137227445489097,PASSED,-0.2670944715855888,-1.8016356069111235e-06,1.0597307646808597e-05,2.6632491791704958,9.445892192373834e-06,-5.557160950591949e-05
3.6147229445889177,PASSED,-0.2670944733819551,-1.7910820077418058e-06,1.0524460184323827e-05,2.6632491885887632,9.390560985884309e-06,-5.517093781192823e-05
3.6157231446289257,PASSED,-0.2670944751678043,-1.780601446919381e-06,1.0451294581158475e-05,2.6632491979518917,9.335618284472278e-06,-5.479054381209834e-05
3.6167233446689337,PASSED,-0.26709447694320915,-1.770193406036386e-06,1.0379205084219475e-05,2.66324920726026,9.281043771144612e-06,-5.4430493004711666e-05
3.6177235447089418,PASSED,-0.2670944787082417,-1.7598571297911873e-06,1.0307657019184878e-05,2.663249216514246,9.226847831568512e-06,-5.403957062369085e-05
3.6187237447489498,PASSED,-0.26709448046297374,-1.7495922041049087e-06,1.0236438131007774e-05,2.663249225714228,9.173037936470958e-06,-5.365677808013018e-05
3.6197239447889578,PASSED,-0.26709448220747606,-1.7393979455097706e-06,1.0166138904558375e-05,2.6632492348605763,9.119588015881617e-06,-5.3312015595478604e-05
3.6207241448289658,PASSED,-0.26709448394181895,-1.7292735732728654e-06,1.0096527791803273e-05,2.6632492439536577,9.066498965384878e-06,-5.2940407097576486e-05
3.6217243448689738,PASSED,-0.26709448566607213,-1.7192186220766588e-06,1.0027233465808664e-05,2.6632492529938387,9.013785062107221e-06,-5.256290073104625e-05
3.6227245449089818,PASSED,-0.26709448738030456,-1.7092323102295635e-06,9.959030767953298e-06,2.6632492619814845,8.961433539541169e-06,-5.2210603789389536e-05
3.6237247449489898,PASSED,-0.26709448908458466,-1.6993139859397098e-06,9.891186637787335e-06,2.6632492709169466,8.90942297601823e-06,-5.187720334530333e-05
3.6247249449889978,PASSED,-0.26709449077898006,-1.689463137242038e-06,9.82395673759457e-06,2.6632492798005893,8.857781895235493e-06,-5.148366574102425e-05
3.625725145029006,PASSED,-0.2670944924635579,-1.6796789314295682e-06,9.757705195720254e-06,2.6632492886327537,8.806483409627666e-06,-5.117503218569582e-05
3.626725345069014,PASSED,-0.2670944941383843,-1.6699604510652555e-06,9.692330476707475e-06,2.6632492974137945,8.755523971150434e-06,-5.081570933825547e-05
3.627725545109022,PASSED,-0.2670944958035252,-1.6603077885775478e-06,9.626217161707754e-06,2.6632493061440514,8.704918758291367e-06,-5.046488187294425e-05
3.62872574514903,PASSED,-0.2670944974590454,-1.650719687395079e-06,9.562690529643278e-06,2.663249314823871,8.654653221142015e-06,-5.013264066695633e-05
3.629725945189038,PASSED,-0.26709449910500926,-1.6411950829524886e-06,9.499213717888627e-06,2.6632493234535857,8.604711102084932e-06,-4.981510465050056e-05
3.630726145229046,PASSED,-0.26709450074148045,-1.6317342270541838e-06,9.435284018582006e-06,2.6632493320335318,8.555108665580928e-06,-4.9460657739670764e-05
3.631726345269054,PASSED,-0.2670945023685218,-1.6223357551097546e-06,9.373930561660509e-06,2.663249340564037,8.505837235733203e-06,-4.9145277919763664e-05
3.632726545309062,PASSED,-0.2670945039861954,-1.6129988168718317e-06,9.312276688764421e-06,2.663249349045427,8.456879363732773e-06,-4.8832934720876474e-05
3.63372674534907,PASSED,-0.267094505594563,-1.6037236991676724e-06,9.250345047756177e-06,2.6632493574780276,8.408251035398103e-06,-4.849192407720138e-05
3.634726945389078,PASSED,-0.2670945071936851,-1.5945084490724232e-06,9.191853460244682e-06,2.663249365862154,8.359939370983872e-06,-4.8191491305580454e-05
3.635727145429086,PASSED,-0.267094508783622,-1.5853529426346118e-06,9.131275089522379e-06,2.663249374198122,8.311932781861551e-06,-4.788332100014935e-05
3.636727345469094,PASSED,-0.267094510364433,-1.5762569114365059e-06,9.072535270495268e-06,2.663249382486244,8.264245064401432e-06,-4.755731510009527e-05
3.637727545509102,PASSED,-0.2670945119361767,-1.5672187857073177e-06,9.01518603498345e-06,2.663249390726825,8.216858860612362e-06,-4.727212958172037e-05
3.63872774554911,PASSED,-0.2670945134989111,-1.5582380841711505e-06,8.957711870289742e-06,2.663249398920172,8.169772535888455e-06,-4.696245481870204e-05
3.639727945589118,PASSED,-0.2670945150526934,-1.5493146677840693e-06,8.900552731608722e-06,2.663249407066582,8.122987728120785e-06,-4.666637640031281e-05
3.640728145629126,PASSED,-0.26709451659758005,-1.5404473070218514e-06,8.845232782624202e-06,2.663249415166357,8.076501122860487e-06,-4.636675783362238e-05
3.641728345669134,PASSED,-0.267094518133627,-1.5316352204252187e-06,8.789989139304779e-06,2.6632494232197828,8.03029516611827e-06,-4.6098756014611826e-05
3.642728545709142,PASSED,-0.26709451966088915,-1.5228780237721254e-06,8.735334995619268e-06,2.6632494312271477,7.984373773777803e-06,-4.580314989104014e-05
3.64372874574915,PASSED,-0.2670945211794211,-1.514174849704644e-06,8.681733448722931e-06,2.663249439188744,7.938755664538406e-06,-4.549474880496758e-05
3.644728945789158,PASSED,-0.26709452268927636,-1.5055248268672003e-06,8.628882429923978e-06,2.6632494471048473,7.893402112665142e-06,-4.525942058545972e-05
3.645729145829166,PASSED,-0.2670945241905079,-1.496927498800552e-06,8.576291824464183e-06,2.663249454975739,7.848320229177815e-06,-4.49635254219032e-05
3.646729345869174,PASSED,-0.2670945256831681,-1.488382215481666e-06,8.524610981834321e-06,2.663249462801688,7.803521877711191e-06,-4.468823549643611e-05
3.647729545909182,PASSED,-0.2670945271673084,-1.4798880964170075e-06,8.473791119874366e-06,2.6632494705829712,7.758991042598146e-06,-4.442590152411718e-05
3.64872974594919,PASSED,-0.26709452864297983,-1.4714443488810207e-06,8.423718480061496e-06,2.663249478319849,7.714713866164252e-06,-4.417802637374627e-05
3.649729945989198,PASSED,-0.26709453011023243,-1.463050560272649e-06,8.373835360578609e-06,2.6632494860125906,7.670709798789605e-06,-4.388809470857982e-05
3.650730146029206,PASSED,-0.2670945315691157,-1.4547060320116095e-06,8.324990194679837e-06,2.6632494936614504,7.626962278942804e-06,-4.3653803272283e-05
3.651730346069214,PASSED,-0.26709453301967856,-1.4464097548271677e-06,8.277135177616424e-06,2.6632495012666864,7.5834586872141275e-06,-4.340345069960643e-05
3.652730546109222,PASSED,-0.26709453446196907,-1.4381614291677566e-06,8.229119313940938e-06,2.66324950882855,7.540213904527833e-06,-4.313900401075398e-05
3.65373074614923,PASSED,-0.2670945358960348,-1.4299605044012937e-06,8.182128401477594e-06,2.6632495163472942,7.497223571045409e-06,-4.2891219796870334e-05
3.654730946189238,PASSED,-0.26709453732192245,-1.4218054896946847e-06,8.13693891002991e-06,2.6632495238231595,7.454462538576335e-06,-4.2674240917207e-05
3.655731146229246,PASSED,-0.2670945387396782,-1.4136964672130198e-06,8.090411529421702e-06,2.663249531256392,7.411948090541688e-06,-4.240791944627476e-05
3.656731346269254,PASSED,-0.26709454014934764,-1.405633104671005e-06,8.045329883743494e-06,2.663249538647225,7.36967283412886e-06,-4.218681439053016e-05
3.657731546309262,PASSED,-0.2670945415509756,-1.3976139112046374e-06,8.001769188116821e-06,2.663249545995899,7.327626870270374e-06,-4.195206350379006e-05
3.65873174634927,PASSED,-0.2670945429446063,-1.3896383160787816e-06,7.9581457510151e-06,2.66324955330264,7.285809286638248e-06,-4.172793038435037e-05
3.659731946389278,PASSED,-0.2670945443302833,-1.3817066662173502e-06,7.913985935042235e-06,2.6632495605676847,7.244228766054382e-06,-4.14822473835432e-05
3.660732146429286,PASSED,-0.2670945457080495,-1.3738173507325005e-06,7.872868518054996e-06,2.663249567791252,7.202865472329724e-06,-4.128399128540079e-05
3.661732346469294,PASSED,-0.26709454707794755,-1.3659700560724376e-06,7.830245421401419e-06,2.6632495749735674,7.161718453067918e-06,-4.105570457940913e-05
3.662732546509302,PASSED,-0.26709454844001906,-1.3581645345086177e-06,7.789038992098686e-06,2.663249582114847,7.120795779958074e-06,-4.083398546346817e-05
3.66373274654931,PASSED,-0.2670945497943052,-1.3503995618161023e-06,7.748928492793116e-06,2.6632495892153085,7.080084898392703e-06,-4.062881229997188e-05
3.664732946589318,PASSED,-0.2670945511408467,-1.3426750131441972e-06,7.708295457979901e-06,2.6632495962751648,7.039583527186537e-06,-4.041641047696236e-05
3.665733146629326,PASSED,-0.26709455247968344,-1.3349904290392092e-06,7.668776536327052e-06,2.663249603294626,6.999294635367438e-06,-4.020387938052334e-05
3.666733346669334,PASSED,-0.26709455381085495,-1.3273446399591096e-06,7.63046410928128e-06,2.663249610273902,6.959216027770089e-06,-3.99950930752311e-05
3.667733546709342,PASSED,-0.26709455513440017,-1.3197377432651948e-06,7.591185083670392e-06,2.6632496172131894,6.919323716378305e-06,-3.982379026948683e-05
3.66873374674935,PASSED,-0.26709455645035746,-1.3121690426543387e-06,7.553710962313077e-06,2.6632496241126953,6.8796397070991404e-06,-3.9590821952285124e-05
3.669733946789358,PASSED,-0.2670945577587647,-1.3046377050303181e-06,7.516422065158855e-06,2.663249630972616,6.840162782533716e-06,-3.940099297418287e-05
3.670734146829366,PASSED,-0.26709455905965906,-1.2971434614878535e-06,7.479457860668279e-06,2.6632496377931476,6.800865899922111e-06,-3.9227475703221066e-05
3.671734346869374,PASSED,-0.2670945603530776,-1.2896861112816522e-06,7.442611769890054e-06,2.663249644574484,6.761763248569953e-06,-3.9019435118117305e-05
3.672734546909382,PASSED,-0.26709456163905654,-1.2822645338404206e-06,7.4075545554596e-06,2.663249651316815,6.722860145608795e-06,-3.8825548189853125e-05
3.67373474694939,PASSED,-0.2670945629176317,-1.2748784510663245e-06,7.371768253187144e-06,2.6632496580203266,6.6841298739465715e-06,-3.866675397713818e-05
3.674734946989398,PASSED,-0.26709456418883837,-1.2675278385074849e-06,7.336508762607871e-06,2.6632496646852064,6.645587477830984e-06,-3.845949087455395e-05
3.675735147029406,PASSED,-0.2670945654527116,-1.2602116748975305e-06,7.302600174851867e-06,2.663249671311639,6.607239325930571e-06,-3.827392591765247e-05
3.676735347069414,PASSED,-0.26709456670928583,-1.252929722150799e-06,7.268187794651645e-06,2.6632496778998016,6.569054694524334e-06,-3.8125101731958834e-05
3.677735547109422,PASSED,-0.267094567958595,-1.2456817011285362e-06,7.234576507337057e-06,2.663249684449874,6.5310494254022245e-06,-3.792538071554434e-05
3.67873574714943,PASSED,-0.26709456920067276,-1.2384669555705772e-06,7.20152492504008e-06,2.6632496909620347,6.493233946852058e-06,-3.7742210439915824e-05
3.679735947189438,PASSED,-0.2670945704355522,-1.2312852584557421e-06,7.168478574698658e-06,2.6632496974364512,6.455570964983034e-06,-3.761016282176232e-05
3.680736147229446,PASSED,-0.2670945716632662,-1.2241362581527036e-06,7.1360147885984235e-06,2.663249703873303,6.418088964493588e-06,-3.739655893456815e-05
3.681736347269454,PASSED,-0.26709457288384714,-1.217019185040196e-06,7.104445328447007e-06,2.6632497102727535,6.3807806023607595e-06,-3.724956426500301e-05
3.682736547309462,PASSED,-0.26709457409732695,-1.2099338931419425e-06,7.072522944791073e-06,2.663249716634975,6.343628269660003e-06,-3.708751165792573e-05
3.68373674734947,PASSED,-0.26709457530373737,-1.2028804674069614e-06,7.0406942617747264e-06,2.663249722960131,6.306647261846994e-06,-3.691000524973003e-05
3.684736947389478,PASSED,-0.26709457650310964,-1.1958578823036843e-06,7.01051233094497e-06,2.663249729248389,6.2698356158736965e-06,-3.674607312234196e-05
3.685737147429486,PASSED,-0.26709457769547484,-1.1888661281445546e-06,6.979248711252965e-06,2.663249735499904,6.23316772515677e-06,-3.6615769113316946e-05
3.686737347469494,PASSED,-0.2670945788808634,-1.1819048051573294e-06,6.949372504540151e-06,2.6632497417148455,6.1966736656207176e-06,-3.6412919817876484e-05
3.687737547509502,PASSED,-0.2670945800593058,-1.1749738028112e-06,6.918755573855222e-06,2.663249747893366,6.160339393780195e-06,-3.6281839855621227e-05
3.68873774754951,PASSED,-0.2670945812308321,-1.1680726718952522e-06,6.889381144009411e-06,2.663249754035627,6.1241503309577755e-06,-3.612721146695105e-05
3.689737947589518,PASSED,-0.2670945823954719,-1.161200983582006e-06,6.859893092737556e-06,2.663249760141783,6.088126168607075e-06,-3.595546293986701e-05
3.690738147629526,PASSED,-0.2670945835532547,-1.1543587176279256e-06,6.830514528309165e-06,2.6632497662119863,6.052252800527207e-06,-3.58186381732001e-05
3.691738347669534,PASSED,-0.26709458470420977,-1.1475454438178855e-06,6.801779997860595e-06,2.6632497722463935,6.016529019398136e-06,-3.566054309965097e-05
3.692738547709542,PASSED,-0.267094585848366,-1.1407611099111218e-06,6.7727031793658845e-06,2.6632497782451523,5.980957412883886e-06,-3.551231545731693e-05
3.69373874774955,PASSED,-0.26709458698575217,-1.1340054870524347e-06,6.744235978234532e-06,2.6632497842084195,5.9455433245808665e-06,-3.5348603533486745e-05
3.694738947789558,PASSED,-0.26709458811639675,-1.1272779869072627e-06,6.716342923130581e-06,2.6632497901363403,5.91027191898774e-06,-3.521994029955231e-05
3.695739147829566,PASSED,-0.267094589240328,-1.120578737891606e-06,6.687853077340928e-06,2.663249796029061,5.875140126390036e-06,-3.5073027463139104e-05
3.696739347869574,PASSED,-0.26709459035757394,-1.1139075664126964e-06,6.660050413288074e-06,2.663249801886731,5.840166745745462e-06,-3.4906949432197176e-05
3.697739547909582,PASSED,-0.26709459146816256,-1.1072640611052785e-06,6.6324752368382865e-06,2.663249807709499,5.805340721374681e-06,-3.477207432983771e-05
3.69873974794959,PASSED,-0.2670945925721216,-1.1006482611510994e-06,6.604683099073014e-06,2.6632498134975067,5.770647778642678e-06,-3.4640188333444414e-05
3.699739947989598,PASSED,-0.26709459366947846,-1.0940599393547375e-06,6.577414261221535e-06,2.6632498192509004,5.736105463090244e-06,-3.4477067031760726e-05
3.700740148029606,PASSED,-0.2670945947602607,-1.0874989986944174e-06,6.549958259718883e-06,2.663249824969824,5.701712547953953e-06,-3.4336813872643e-05
3.701740348069614,PASSED,-0.2670945958444955,-1.0809651796723844e-06,6.5230595302423995e-06,2.6632498306544194,5.667453001966749e-06,-3.420803406357906e-05
3.702740548109622,PASSED,-0.26709459692221005,-1.0744583376434967e-06,6.496030361317705e-06,2.663249836304829,5.633334453875461e-06,-3.4058890776426035e-05
3.70374074814963,PASSED,-0.2670945979934313,-1.0679786440126433e-06,6.468802477210586e-06,2.6632498419211936,5.599365260583337e-06,-3.390939496925727e-05
3.704740948189638,PASSED,-0.2670945990581862,-1.061525707164245e-06,6.4423597625232824e-06,2.6632498475036575,5.5655353122537386e-06,-3.3776983903159795e-05
3.705741148229646,PASSED,-0.26709460011650155,-1.0550994073251888e-06,6.415593223411783e-06,2.6632498530523576,5.531838041124252e-06,-3.364412928037095e-05
3.706741348269654,PASSED,-0.267094601168404,-1.0486999375199862e-06,6.388720859730013e-06,2.6632498585674353,5.498286268881392e-06,-3.3490200884519136e-05
3.707741548309662,PASSED,-0.2670946022139203,-1.0423271514763727e-06,6.362162832869139e-06,2.6632498640490305,5.464876491478697e-06,-3.335616174814709e-05
3.70874174834967,PASSED,-0.2670946032530769,-1.0359807200353031e-06,6.335943846536605e-06,2.663249869497283,5.431601004473673e-06,-3.322170384294196e-05
3.709741948389678,PASSED,-0.2670946042859004,-1.0296608132303298e-06,6.309215443931287e-06,2.6632498749123337,5.398469722398982e-06,-3.3071000895855725e-05
3.710742148429686,PASSED,-0.26709460531241735,-1.0233676471402554e-06,6.282466520836374e-06,2.6632498802943165,5.3654710814864884e-06,-3.2950400923586344e-05
3.711742348469694,PASSED,-0.2670946063326541,-1.017100612048841e-06,6.256747471799781e-06,2.663249885643373,5.332610655973793e-06,-3.280044190543544e-05
3.712742548509702,PASSED,-0.2670946073466371,-1.0108598794445942e-06,6.2300560258780326e-06,2.6632498909596394,5.299893150522282e-06,-3.2662214482228744e-05
3.71374274854971,PASSED,-0.2670946083543928,-1.0046459523436266e-06,6.2031744843604205e-06,2.663249896243259,5.267317557513812e-06,-3.251784535929577e-05
3.714742948589718,PASSED,-0.26709460935594753,-9.98458119529843e-07,6.177605033399216e-06,2.6632499014943662,5.234871520724018e-06,-3.239816441012683e-05
3.715743148629726,PASSED,-0.26709461035132764,-9.922965804057494e-07,6.1508285178898204e-06,2.6632499067131015,5.202566419338206e-06,-3.2243059369601394e-05
3.716743348669734,PASSED,-0.2670946113405597,-9.861618803134106e-07,6.123947808638038e-06,2.6632499118996003,5.170404126685358e-06,-3.210844817501338e-05
3.717743548709742,PASSED,-0.26709461232366993,-9.800533572837616e-07,6.098239843656427e-06,2.6632499170540047,5.138376684281484e-06,-3.1973438556447946e-05
3.71874374874975,PASSED,-0.26709461330068485,-9.739710437108262e-07,6.071696059121269e-06,2.6632499221764494,5.1064851742898995e-06,-3.183689094834176e-05
3.719743948789758,PASSED,-0.267094614271631,-9.67915607475201e-07,6.044596353294595e-06,2.663249927267079,5.074742757917893e-06,-3.1679433321116015e-05
3.720744148829766,PASSED,-0.26709461523653477,-9.618866644960925e-07,6.018507396317377e-06,2.6632499323260275,5.043130761411482e-06,-3.156703862994117e-05
3.721744348869774,PASSED,-0.26709461619542274,-9.558839427814923e-07,5.992197926788849e-06,2.663249937353435,5.011653208995384e-06,-3.1417894940200486e-05
3.722744548909782,PASSED,-0.2670946171483216,-9.499082103468934e-07,5.964755439805725e-06,2.6632499423494402,4.9803260747385415e-06,-3.126662713460479e-05
3.72374474894979,PASSED,-0.2670946180952579,-9.439590943965182e-07,5.938689624088299e-06,2.663249947314187,4.9491402488704814e-06,-3.113195835703107e-05
3.724744948989798,PASSED,-0.2670946190362585,-9.380365399517025e-07,5.9117976586338784e-06,2.66324995224781,4.918080680270634e-06,-3.101130876172298e-05
3.725745149029806,PASSED,-0.2670946199713501,-9.32141088109907e-07,5.884554630569943e-06,2.663249957150455,4.887174004468265e-06,-3.083692049613306e-05
3.726745349069814,PASSED,-0.2670946209005595,-9.262723995282283e-07,5.858111215751007e-06,2.66324996202226,4.856410257649309e-06,-3.0714964367505446e-05
3.727745549109822,PASSED,-0.26709462182391386,-9.20430667330924e-07,5.830812851673346e-06,2.663249966863366,4.825773888629018e-06,-3.058397212214878e-05
3.72874574914983,PASSED,-0.2670946227414401,-9.146161649373198e-07,5.803628754891479e-06,2.6632499716739155,4.795290732571194e-06,-3.0415945348274233e-05
3.729745949189838,PASSED,-0.2670946236531653,-9.08828781257619e-07,5.776553629573489e-06,2.663249976454049,4.764950777938154e-06,-3.0289294156216015e-05
3.730746149229846,PASSED,-0.2670946245591168,-9.030686016945605e-07,5.749263518715382e-06,2.663249981203914,4.734749259932139e-06,-3.0143000572547024e-05
3.731746349269854,PASSED,-0.2670946254593218,-8.973356953380319e-07,5.722001581737431e-06,2.6632499859236503,4.704692793877539e-06,-2.999877637596774e-05
3.732746549309862,PASSED,-0.2670946263538079,-8.916306618847982e-07,5.693721367564416e-06,2.663249990613401,4.674779697596896e-06,-2.9855976217094278e-05
3.73374674934987,PASSED,-0.2670946272426023,-8.859527922909984e-07,5.667301744623267e-06,2.6632499952733113,4.645011131913211e-06,-2.9710291994744415e-05
3.734746949389878,PASSED,-0.2670946281257329,-8.803025451370918e-07,5.638877426762114e-06,2.663249999903526,4.6153891506710954e-06,-2.9563107407029344e-05
3.735747149429886,PASSED,-0.26709462900322745,-8.746806267187496e-07,5.6106124127289886e-06,2.66325000450419,4.58591056953215e-06,-2.9422230293555636e-05
3.736747349469894,PASSED,-0.2670946298751136,-8.690862751873659e-07,5.5835109438201096e-06,2.663250009075451,4.556580556461994e-06,-2.926853492122347e-05
3.737747549509902,PASSED,-0.2670946307414195,-8.635196479040799e-07,5.555371509596523e-06,2.6632500136174544,4.527397371983987e-06,-2.912628418252845e-05
3.73874774954991,PASSED,-0.26709463160217317,-8.579816546084153e-07,5.526407819709829e-06,2.6632500181303485,4.49836006460245e-06,-2.897798951420997e-05
3.739747949589918,PASSED,-0.2670946324574027,-8.524718544516987e-07,5.49872838138786e-06,2.66325002261428,4.469472432952097e-06,-2.8827393074447507e-05
3.740748149629926,PASSED,-0.26709463330713656,-8.469900062499649e-07,5.470594748631105e-06,2.6632500270693975,4.44073256649541e-06,-2.86815153781803e-05
3.741748349669934,PASSED,-0.26709463415140305,-8.415370066048738e-07,5.441269576064269e-06,2.6632500314958487,4.4121390839867435e-06,-2.853479392899078e-05
3.742748549709942,PASSED,-0.26709463499023084,-8.361127082701329e-07,5.412984173858863e-06,2.6632500358937867,4.3837031070393925e-06,-2.8370098959590015e-05
3.74374874974995,PASSED,-0.2670946358236485,-8.307167539863883e-07,5.384601023668241e-06,2.663250040263358,4.355412717653968e-06,-2.8237249669314554e-05
3.744748949789958,PASSED,-0.2670946366516849,-8.25350040865351e-07,5.3547878526168386e-06,2.6632500446047183,4.327273853637224e-06,-2.807327358169817e-05
3.745749149829966,PASSED,-0.26709463747436896,-8.200122355699252e-07,5.326483590631683e-06,2.663250048918013,4.299286702566771e-06,-2.7929736062956137e-05
3.746749349869974,PASSED,-0.26709463829172964,-8.147032014004525e-07,5.297401222033358e-06,2.6632500532033996,4.271454258750721e-06,-2.776758231811259e-05
3.747749549909982,PASSED,-0.2670946391037961,-8.094236008269446e-07,5.267733474490996e-06,2.663250057461028,4.243772709808831e-06,-2.7624193357740608e-05
3.74874974994999,PASSED,-0.26709463991059756,-8.041734002491418e-07,5.2385119800108435e-06,2.6632500616910537,4.2162457112625166e-06,-2.746220200536384e-05
3.749749949989998,PASSED,-0.26709464071216343,-7.989524176173414e-07,5.209296399660023e-06,2.6632500658936267,4.188870270147133e-06,-2.73176005220631e-05
3.7507501500300062,PASSED,-0.26709464150852325,-7.937611226831388e-07,5.179293957231185e-06,2.6632500700689072,4.1616561838520765e-06,-2.7145076810385924e-05
3.7517503500700142,PASSED,-0.26709464229970653,-7.885994433909302e-07,5.14993618219352e-06,2.6632500742170477,4.134595987799229e-06,-2.7003608881154994e-05
3.7527505501100222,PASSED,-0.26709464308574293,-7.834672270200932e-07,5.120403163266009e-06,2.663250078338202,4.107682346133329e-06,-2.6853663522396595e-05
3.7537507501500302,PASSED,-0.26709464386666243,-7.78365355713078e-07,5.089516736181406e-06,2.6632500824325267,4.0809327708223905e-06,-2.6680183169966613e-05
3.7547509501900382,PASSED,-0.26709464464249477,-7.732932983108828e-07,5.060417846204269e-06,2.6632500865001827,4.054347096659962e-06,-2.652266815740251e-05
3.755751150230046,PASSED,-0.26709464541327005,-7.682510182091589e-07,5.030188272070404e-06,2.6632500905413243,4.027907536582576e-06,-2.638415469070958e-05
3.756751350270054,PASSED,-0.2670946461790184,-7.632392856442268e-07,4.99942876017325e-06,2.6632500945561084,4.00162577218404e-06,-2.6213504203755476e-05
3.757751550310062,PASSED,-0.2670946469397699,-7.582576100080765e-07,4.969840220135077e-06,2.6632500985446956,3.975514318850784e-06,-2.6043419419588274e-05
3.75875175035007,PASSED,-0.26709464769555497,-7.533061944547313e-07,4.93913244215191e-06,2.663250102507243,3.949552591962999e-06,-2.5907265199915293e-05
3.759751950390078,PASSED,-0.26709464844640385,-7.483853748580796e-07,4.908611032984871e-06,2.663250106443912,3.9237501600608975e-06,-2.5732543036893075e-05
3.760752150430086,PASSED,-0.2670946491923471,-7.434949938669714e-07,4.878227629857004e-06,2.6632501103548605,3.898113767784092e-06,-2.5572291770080242e-05
3.761752350470094,PASSED,-0.2670946499334152,-7.386350110024098e-07,4.847819687698104e-06,2.6632501142402454,3.872626529814497e-06,-2.5430535435939007e-05
3.762752550510102,PASSED,-0.26709465066963883,-7.338058831114771e-07,4.816666693089098e-06,2.6632501181002346,3.847311535922663e-06,-2.5237966195762706e-05
3.76375275055011,PASSED,-0.2670946514010486,-7.290073850769694e-07,4.786385595453349e-06,2.6632501219349827,3.82215683942148e-06,-2.5099183371464634e-05
3.764752950590118,PASSED,-0.26709465212767514,-7.242394023840711e-07,4.755714091194864e-06,2.6632501257446544,3.7971538762468756e-06,-2.4938816376696954e-05
3.765753150630126,PASSED,-0.2670946528495494,-7.195027035245272e-07,4.72402203844308e-06,2.66325012952941,3.7723211889098198e-06,-2.4761934643961715e-05
3.766753350670134,PASSED,-0.26709465356670214,-7.147966000464265e-07,4.694157771205843e-06,2.66325013328941,3.747647579859736e-06,-2.461472532083138e-05
3.767753550710142,PASSED,-0.26709465427916435,-7.101213359340334e-07,4.662668339851278e-06,2.663250137024817,3.7231329073802395e-06,-2.444797058527393e-05
3.76875375075015,PASSED,-0.2670946549869668,-7.054771895146694e-07,4.63179847237246e-06,2.6632501407357974,3.69879138128469e-06,-2.427056310240054e-05
3.769753950790158,PASSED,-0.2670946556901405,-7.008639871347411e-07,4.60080498496544e-06,2.6632501444225047,3.674597002653686e-06,-2.4143588983406266e-05
3.770754150830166,PASSED,-0.2670946563887165,-6.962817472263485e-07,4.569863190677438e-06,2.6632501480851083,3.6505702695613714e-06,-2.394882916492037e-05
3.771754350870174,PASSED,-0.2670946570827259,-6.917306745900646e-07,4.5385456000212945e-06,2.66325015172377,3.626720177800134e-06,-2.3784266825449036e-05
3.772754550910182,PASSED,-0.26709465777219954,-6.872104141679587e-07,4.5080703034956325e-06,2.6632501553386496,3.603012800412685e-06,-2.3656117762115518e-05
3.77375475095019,PASSED,-0.2670946584571686,-6.827212914957969e-07,4.4764909179394114e-06,2.663250158929912,3.579472411274933e-06,-2.3463236721509787e-05
3.774754950990198,PASSED,-0.2670946591376641,-6.782633958582022e-07,4.445498784031606e-06,2.6632501624977203,3.5561094036882346e-06,-2.329618816349061e-05
3.775755151030206,PASSED,-0.26709465981371705,-6.738362066400228e-07,4.414982840944544e-06,2.6632501660422365,3.5328954463208577e-06,-2.3159136836634298e-05
3.776755351070214,PASSED,-0.26709466048535857,-6.694402787887219e-07,4.3832245248718445e-06,2.663250169563622,3.509840965059902e-06,-2.298471087716952e-05
3.777755551110222,PASSED,-0.2670946611526196,-6.650755660548108e-07,4.352371539937209e-06,2.6632501730620453,3.4869672680766214e-06,-2.2799687720688028e-05
3.77875575115023,PASSED,-0.2670946618155312,-6.607415254207404e-07,4.321820030159337e-06,2.6632501765376606,3.464239404928286e-06,-2.2679980100100865e-05
3.779755951190238,PASSED,-0.26709466247412444,-6.564384918018177e-07,4.290509344764865e-06,2.6632501799906345,3.4416700844536407e-06,-2.2495547391008034e-05
3.780756151230246,PASSED,-0.2670946631284301,-6.521665085252028e-07,4.259632564515122e-06,2.6632501834211313,3.4192853864699853e-06,-2.231079837875461e-05
3.781756351270254,PASSED,-0.26709466377847924,-6.479254479734379e-07,4.228679209931518e-06,2.663250186829309,3.397046078899891e-06,-2.2191647030986747e-05
3.782756551310262,PASSED,-0.26709466442430263,-6.437150187522578e-07,4.198262562012292e-06,2.663250190215334,3.3749651618418013e-06,-2.200709707615868e-05
3.78375675135027,PASSED,-0.2670946650659311,-6.395355263232243e-07,4.166979007047753e-06,2.663250193579364,3.353061037510167e-06,-2.1835475835284593e-05
3.784756951390278,PASSED,-0.2670946657033954,-6.353867952374221e-07,4.136565804971796e-06,2.6632501969215605,3.3313047356387265e-06,-2.1703519228877364e-05
3.785757151430286,PASSED,-0.2670946663367262,-6.312684565071658e-07,4.106187347112698e-06,2.6632502002420884,3.309713190205532e-06,-2.1516896236073083e-05
3.786757351470294,PASSED,-0.26709466696595413,-6.27180925235764e-07,4.075093887594447e-06,2.6632502035411023,3.288284442639859e-06,-2.1369981785407345e-05
3.787757551510302,PASSED,-0.26709466759110967,-6.231239997134469e-07,4.044813278799007e-06,2.663250206818766,3.2670104667759896e-06,-2.1209971916177266e-05
3.78875775155031,PASSED,-0.2670946682122233,-6.190970514490929e-07,4.015038254724013e-06,2.6632502100752378,3.2458996661139056e-06,-2.104468649268847e-05
3.789757951590318,PASSED,-0.26709466882932525,-6.151005821653626e-07,3.984089969734517e-06,2.663250213310677,3.2249464282352643e-06,-2.0892272135943587e-05
3.790758151630326,PASSED,-0.26709466944244586,-6.111345968513336e-07,3.953915543558681e-06,2.6632502165252387,3.204145885970088e-06,-2.073938901799825e-05
3.791758351670334,PASSED,-0.2670946700516153,-6.071983227599133e-07,3.924513123328177e-06,2.66325021971909,3.183518220454407e-06,-2.055318318080282e-05
3.792758551710342,PASSED,-0.2670946706568635,-6.032918494159956e-07,3.894446824310618e-06,2.6632502228923784,3.1630343291259105e-06,-2.0437696760291852e-05
3.79375875175035,PASSED,-0.2670946712582203,-5.994155541973641e-07,3.864194148178908e-06,2.6632502260452657,3.142703455666182e-06,-2.0259657926019865e-05
3.794758951790358,PASSED,-0.2670946718557155,-5.955688962642206e-07,3.8349671231198585e-06,2.6632502291779065,3.1225434455252774e-06,-2.0093578284161163e-05
3.795759151830366,PASSED,-0.2670946724493788,-5.917516186084923e-07,3.8054846774672374e-06,2.663250232290456,3.102528255108151e-06,-1.9962931839103113e-05
3.796759351870374,PASSED,-0.2670946730392396,-5.879640032163886e-07,3.7757025351946762e-06,2.6632502353830727,3.0826691406383266e-06,-1.9789902890305398e-05
3.797759551910382,PASSED,-0.2670946736253273,-5.842054864784987e-07,3.7470595396868683e-06,2.663250238455904,3.062964071039327e-06,-1.9648514071462382e-05
3.79875975195039,PASSED,-0.267094674207671,-5.804759885603034e-07,3.7177901705342147e-06,2.663250241509107,3.0434096579056634e-06,-1.9491679175131368e-05
3.799759951990398,PASSED,-0.2670946747862997,-5.767754714300155e-07,3.6890017701237147e-06,2.6632502445428323,3.0240097514744012e-06,-1.933872460201584e-05
3.800760152030406,PASSED,-0.26709467536124243,-5.731039808566571e-07,3.659816442181514e-06,2.663250247557232,3.0047596878644395e-06,-1.91909562819262e-05
3.801760352070414,PASSED,-0.26709467593252767,-5.694609136595624e-07,3.631901033703374e-06,2.663250250552457,2.9856596752568657e-06,-1.903938349133827e-05
3.802760552110422,PASSED,-0.26709467650018404,-5.658460232419642e-07,3.60355000686145e-06,2.6632502535286533,2.966704160560488e-06,-1.8899602166404024e-05
3.80376075215043,PASSED,-0.26709467706423984,-5.622596295594141e-07,3.5749561330091777e-06,2.663250256485973,2.947901476077454e-06,-1.87380726941211e-05
3.804760952190438,PASSED,-0.26709467762472316,-5.587012596467176e-07,3.547312432488209e-06,2.663250259424563,2.9292492895788913e-06,-1.859492903485761e-05
3.805761152230446,PASSED,-0.2670946781816619,-5.55170593386698e-07,3.519568811707289e-06,2.6632502623445684,2.9107346077747766e-06,-1.8461183650286437e-05
3.806761352270454,PASSED,-0.26709467873508386,-5.516676924185438e-07,3.4917890724520678e-06,2.6632502652461345,2.8923654120578807e-06,-1.8307870427968963e-05
3.807761552310462,PASSED,-0.2670946792850165,-5.481921064920132e-07,3.4647838292494096e-06,2.6632502681294077,2.874149700744972e-06,-1.8154271902869112e-05
3.80876175235047,PASSED,-0.2670946798314872,-5.447437540162969e-07,3.4373982400276818e-06,2.66325027099453,2.856069331201576e-06,-1.8031101303747323e-05
3.809761952390478,PASSED,-0.267094680374523,-5.413223549558062e-07,3.410732940799419e-06,2.6632502738416437,2.8381280486394994e-06,-1.7881403400962442e-05
3.810762152430486,PASSED,-0.26709468091415073,-5.379276656374831e-07,3.3839935700054404e-06,2.663250276670888,2.8203319022463043e-06,-1.773930838801689e-05
3.811762352470494,PASSED,-0.26709468145039716,-5.345597668060857e-07,3.3571690056587286e-06,2.663250279482406,2.802674873359229e-06,-1.7602175886447824e-05
3.812762552510502,PASSED,-0.2670946819832886,-5.312178514611196e-07,3.331746237837645e-06,2.663250282276331,2.7851495059661433e-06,-1.7474161730844994e-05
3.81376275255051,PASSED,-0.2670946825128513,-5.279020509167017e-07,3.3051700821379785e-06,2.663250285052804,2.7677654885715424e-06,-1.732392117043814e-05
3.814762952590518,PASSED,-0.2670946830391111,-5.246122286960556e-07,3.279590312984913e-06,2.663250287811961,2.7505205385664147e-06,-1.7192302561587625e-05
3.815763152630526,PASSED,-0.2670946835620937,-5.21347773340235e-07,3.2543653843777296e-06,2.6632502905539357,2.7334031544563294e-06,-1.7067438475750982e-05
3.816763352670534,PASSED,-0.26709468408182463,-5.181088420045508e-07,3.228641969888548e-06,2.6632502932788635,2.716422922754978e-06,-1.6922093851752014e-05
3.817763552710542,PASSED,-0.2670946845983291,-5.148950270311392e-07,3.2039303090937137e-06,2.663250295986874,2.699572627616541e-06,-1.680242932956043e-05
3.81876375275055,PASSED,-0.267094685111632,-5.117056977774321e-07,3.1795952167828224e-06,2.663250298678099,2.682850098613532e-06,-1.6669262118641888e-05
3.819763952790558,PASSED,-0.2670946856217579,-5.085411080306491e-07,3.154586100116547e-06,2.663250301352666,2.6662587341238847e-06,-1.6539432736984127e-05
3.820764152830566,PASSED,-0.2670946861287314,-5.054009721051412e-07,3.130502475768678e-06,2.6632503040107065,2.649795594568727e-06,-1.641227743394003e-05
3.821764352870574,PASSED,-0.26709468663257663,-5.022845558815892e-07,3.1070253887411566e-06,2.663250306652345,2.633456825626006e-06,-1.628976328190857e-05
3.822764552910582,PASSED,-0.2670946871333174,-4.991920413876775e-07,3.082840564025287e-06,2.6632503092777084,2.6172436496914164e-06,-1.6162117703043267e-05
3.82376475295059,PASSED,-0.2670946876309773,-4.961231569384048e-07,3.0595803727710984e-06,2.663250311886915,2.6011469421872233e-06,-1.605310070495983e-05
3.824764952990598,PASSED,-0.26709468812557985,-4.93077211581559e-07,3.0368553462288934e-06,2.663250314480096,2.585183595270996e-06,-1.5903511057072234e-05
3.825765153030606,PASSED,-0.26709468861714786,-4.900541608191786e-07,3.013847706481215e-06,2.6632503170573663,2.569337896909492e-06,-1.5807156564458466e-05
3.826765353070614,PASSED,-0.2670946891057044,-4.87054162861728e-07,2.9907647914303695e-06,2.6632503196188466,2.553599032428052e-06,-1.569333642609399e-05
3.827765553110622,PASSED,-0.2670946895912718,-4.840762235148094e-07,2.9693890505775975e-06,2.6632503221646546,2.537988682292023e-06,-1.5555025942651848e-05
3.82876575315063,PASSED,-0.2670946900738724,-4.811202679309889e-07,2.946999939315827e-06,2.6632503246949084,2.5224973006921855e-06,-1.544895203796136e-05
3.829765953190638,PASSED,-0.267094690553528,-4.781865401495618e-07,2.924879676168055e-06,2.663250327209724,2.507111717983232e-06,-1.534333648961468e-05
3.830766153230646,PASSED,-0.26709469103026046,-4.7527410789792556e-07,2.9041339686149847e-06,2.6632503297092103,2.4918374376296307e-06,-1.522824292959288e-05
3.831766353270654,PASSED,-0.26709469150409104,-4.7238274440402175e-07,2.8828498440963823e-06,2.663250332193483,2.4766821912366998e-06,-1.5106582035156614e-05
3.832766553310662,PASSED,-0.267094691975041,-4.6951271364925956e-07,2.8614846952060286e-06,2.6632503346626533,2.461637251854664e-06,-1.5003844279955376e-05
3.83376675335067,PASSED,-0.26709469244313094,-4.666631043003877e-07,2.8416924513156948e-06,2.6632503371168266,2.4466905423062e-06,-1.4908619727470032e-05
3.834766953390678,PASSED,-0.26709469290838156,-4.638338430493037e-07,2.820973784262831e-06,2.6632503395561162,2.43186174613025e-06,-1.4775580474936837e-05
3.835767153430686,PASSED,-0.267094693370813,-4.6102484645241553e-07,2.80101180530506e-06,2.663250341980625,2.4171377901817993e-06,-1.4689539597459647e-05
3.836767353470694,PASSED,-0.2670946938304452,-4.582356296859264e-07,2.781353407278425e-06,2.663250344390456,2.4025052351742846e-06,-1.459456528088519e-05
3.837767553510702,PASSED,-0.26709469428729793,-4.554658895215017e-07,2.7619980025222044e-06,2.6632503467857154,2.387987119727958e-06,-1.4467148889954489e-05
3.83876775355071,PASSED,-0.2670946947413906,-4.527154524086786e-07,2.7427298530237375e-06,2.6632503491665025,2.3735699977039372e-06,-1.4383770780065771e-05
3.839767953590718,PASSED,-0.2670946951927422,-4.499838764127791e-07,2.724140091149986e-06,2.66325035153292,2.3592450478707438e-06,-1.4285735868612376e-05
3.840768153630726,PASSED,-0.26709469564137156,-4.47271019626963e-07,2.705334582260277e-06,2.6632503538850636,2.345021140931735e-06,-1.4182687652605902e-05
3.841768353670734,PASSED,-0.26709469608729725,-4.4457672065844746e-07,2.686941892685726e-06,2.6632503562230334,2.330898229643474e-06,-1.408306037869776e-05
3.842768553710742,PASSED,-0.2670946965305375,-4.4190020329877785e-07,2.6695676709922183e-06,2.6632503585469225,2.3168633071578605e-06,-1.4002830556890384e-05
3.84376875375075,PASSED,-0.2670946969711103,-4.392417049325524e-07,2.651118829714172e-06,2.6632503608568276,2.3029247240499897e-06,-1.3895751475191686e-05
3.844768953790758,PASSED,-0.26709469740903335,-4.3660084981471757e-07,2.634012643248563e-06,2.6632503631528386,2.289080042010115e-06,-1.3810635749664139e-05
3.845769153830766,PASSED,-0.267094697844324,-4.3397689892924326e-07,2.6172430469581135e-06,2.6632503654350472,2.275320322584276e-06,-1.372577520995525e-05
3.846769353870774,PASSED,-0.26709469827699944,-4.313703763569734e-07,2.5993755891443034e-06,2.6632503677035473,2.261658545142975e-06,-1.3619112262198125e-05
3.847769553910782,PASSED,-0.26709469870707647,-4.287804881626081e-07,2.5835632645126725e-06,2.6632503699584213,2.2480772172204644e-06,-1.355613836271881e-05
3.84876975395079,PASSED,-0.26709469913457173,-4.2620667564308336e-07,2.5673120228661307e-06,2.6632503721997605,2.2345804285461015e-06,-1.3457222215458914e-05
3.849769953990798,PASSED,-0.2670946995595014,-4.2364923069735267e-07,2.55086689430709e-06,2.6632503744276477,2.221176151704884e-06,-1.3368979925057465e-05
3.850770154030806,PASSED,-0.26709469998188173,-4.211080849201896e-07,2.534665032400293e-06,2.6632503766421705,2.207853590471914e-06,-1.3291615438245082e-05
3.851770354070814,PASSED,-0.26709470040172834,-4.18582133762619e-07,2.5201419076842433e-06,2.6632503788434065,2.194604238443248e-06,-1.3221176422279925e-05
3.852770554110822,PASSED,-0.26709470081905673,-4.1607145054546006e-07,2.5043774234754096e-06,2.6632503810314407,2.181443994739047e-06,-1.3119621892148707e-05
3.85377075415083,PASSED,-0.2670947012338823,-4.1357647296769834e-07,2.488711013952682e-06,2.6632503832063557,2.1683696691150367e-06,-1.304412811191787e-05
3.854770954190838,PASSED,-0.26709470164621996,-4.110960182139487e-07,2.474950580280949e-06,2.6632503853682223,2.155354899731579e-06,-1.2995196897817448e-05
3.855771154230846,PASSED,-0.26709470205608443,-4.0862993045503985e-07,2.4601792113274907e-06,2.6632503875171243,2.142425811793041e-06,-1.2885015299018272e-05
3.856771354270854,PASSED,-0.26709470246349026,-4.0617868552305285e-07,2.445288745760069e-06,2.663250389653135,2.1295819524901014e-06,-1.2816421972220386e-05
3.857771554310862,PASSED,-0.26709470286845166,-4.037413326782721e-07,2.4320622441277883e-06,2.663250391776331,2.116798966059568e-06,-1.2760696069408313e-05
3.85877175435087,PASSED,-0.2670947032709826,-4.013177141593491e-07,2.417989368786454e-06,2.663250393886784,2.1040896575581417e-06,-1.2675050122771088e-05
3.859771954390878,PASSED,-0.26709470367109694,-3.9890813767076246e-07,2.4039679017867358e-06,2.6632503959845657,2.0914588248847356e-06,-1.2601354373829711e-05
3.860772154430886,PASSED,-0.2670947040688082,-3.965117271891385e-07,2.3913722015154987e-06,2.663250398069747,2.0788916471748755e-06,-1.2544393267213903e-05
3.861772354470894,PASSED,-0.26709470446412953,-3.94128318655938e-07,2.378099420990418e-06,2.6632504001423993,2.066396189595433e-06,-1.2462833787595003e-05
3.862772554510902,PASSED,-0.26709470485707415,-3.917581603267135e-07,2.3648642680473017e-06,2.6632504022025913,2.0539734014042983e-06,-1.239609112682774e-05
3.86377275455091,PASSED,-0.26709470524765483,-3.8940068250732146e-07,2.3525535202884644e-06,2.6632504042503875,2.0416083323339828e-06,-1.2344387699307268e-05
3.864772954590918,PASSED,-0.2670947056358842,-3.8705554410221857e-07,2.340194994979166e-06,2.6632504062858597,2.029317611885483e-06,-1.2254942281295271e-05
3.865773154630926,PASSED,-0.2670947060217747,-3.847228185051444e-07,2.3277459984708546e-06,2.663250408309066,2.017086609990674e-06,-1.2215041637151879e-05
3.866773354670934,PASSED,-0.2670947064053385,-3.824022410356333e-07,2.3157984502045106e-06,2.6632504103200736,2.00491422061818e-06,-1.2143954529388123e-05
3.867773554710942,PASSED,-0.2670947067865876,-3.800934470773852e-07,2.3041242969437554e-06,2.663250412318946,1.992815768520432e-06,-1.206811714332098e-05
3.86877375475095,PASSED,-0.2670947071655338,-3.777964843653832e-07,2.2921883220409194e-06,2.6632504143057454,1.9807737929732637e-06,-1.2024547816399674e-05
3.869773954790958,PASSED,-0.2670947075421886,-3.7551094237171033e-07,2.281111108094118e-06,2.663250416280529,1.968781677863427e-06,-1.1970493305461266e-05
3.870774154830966,PASSED,-0.2670947079165636,-3.732366941534834e-07,2.2696729583154575e-06,2.663250418243363,1.9568681261973685e-06,-1.187559057312313e-05
3.871774354870974,PASSED,-0.2670947082886699,-3.7097357909221336e-07,2.258743129906483e-06,2.6632504201942977,1.9449986136525143e-06,-1.1865460526008339e-05
3.872774554910982,PASSED,-0.2670947086585185,-3.687213479933971e-07,2.2478897447560876e-06,2.663250422133399,1.9331860000586016e-06,-1.1777382305848587e-05
3.87377475495099,PASSED,-0.2670947090261202,-3.6647991000135835e-07,2.2371368235605588e-06,2.6632504240607187,1.9214414394626486e-06,-1.172267945602235e-05
3.874774954990998,PASSED,-0.2670947093914859,-3.6424926138849935e-07,2.226323139057993e-06,2.6632504259763152,1.9097435167656394e-06,-1.1681418191000406e-05
3.8757751550310062,PASSED,-0.26709470975462596,-3.620288583886231e-07,2.216456240421825e-06,2.6632504278802416,1.8980976766312199e-06,-1.1622121430032292e-05
3.8767753550710142,PASSED,-0.2670947101155508,-3.598186667274616e-07,2.2060152749880693e-06,2.663250429772556,1.8865170908984654e-06,-1.1552895267902468e-05
3.8777755551110222,PASSED,-0.2670947104742706,-3.5761874555715275e-07,2.195858433856043e-06,2.663250431653307,1.8749790769091488e-06,-1.152809313692608e-05
3.8787757551510302,PASSED,-0.2670947108307953,-3.5542872963103573e-07,2.18612092095767e-06,2.6632504335225513,1.8634939872226415e-06,-1.145642071956141e-05
3.8797759551910382,PASSED,-0.267094711185135,-3.53248641233064e-07,2.1760667159811406e-06,2.6632504353803412,1.8520735831464518e-06,-1.1396392980608816e-05
3.8807761552310462,PASSED,-0.26709471153729936,-3.510781277752408e-07,2.1668112857179052e-06,2.6632504372267225,1.840686391162293e-06,-1.1381057986525197e-05
3.8817763552710542,PASSED,-0.267094711887298,-3.4891719422368384e-07,2.1570150621162926e-06,2.6632504390617506,1.8293537335812492e-06,-1.1300390644056147e-05
3.8827765553110622,PASSED,-0.26709471223514036,-3.467657834132498e-07,2.147674642645924e-06,2.663250440885471,1.8180783679576438e-06,-1.1258682276638127e-05
3.8837767553510703,PASSED,-0.267094712580836,-3.4462359263578656e-07,2.1385348673414694e-06,2.66325044269794,1.8068497004240102e-06,-1.1208657704963937e-05
3.8847769553910783,PASSED,-0.26709471292439396,-3.424904692935836e-07,2.1295156587774263e-06,2.6632504444992002,1.7956632292163552e-06,-1.1171680209448885e-05
3.8857771554310863,PASSED,-0.26709471326582357,-3.403666864899665e-07,2.1199609001768275e-06,2.6632504462892994,1.7845240361952949e-06,-1.1117534895467961e-05
3.8867773554710943,PASSED,-0.2670947136051337,-3.3825185401879217e-07,2.1114135185060263e-06,2.6632504480682866,1.7734395598392913e-06,-1.1062437329693625e-05
3.8877775555111023,PASSED,-0.2670947139423334,-3.3614566017261995e-07,2.1027140646163736e-06,2.663250449836213,1.7624036254628853e-06,-1.101826574088119e-05
3.8887777555511103,PASSED,-0.2670947142774314,-3.340484246539288e-07,2.0935831547410092e-06,2.6632504515931146,1.7513963361207974e-06,-1.099997174289242e-05
3.8897779555911183,PASSED,-0.26709471461043643,-3.3195989403432554e-07,2.085162262844805e-06,2.6632504533390473,1.7404507093326819e-06,-1.0909396818264601e-05
3.8907781556311263,PASSED,-0.2670947149413572,-3.2987985899171353e-07,2.076616895790119e-06,2.663250455074049,1.7295492171037478e-06,-1.089622250271369e-05
3.8917783556711343,PASSED,-0.26709471527020223,-3.278083653944646e-07,2.068078064888153e-06,2.6632504567981687,1.718680363846024e-06,-1.0850607094397263e-05
3.8927785557111423,PASSED,-0.26709471559698006,-3.2574538632513106e-07,2.0595797389638262e-06,2.663250458511452,1.707871788579133e-06,-1.0780554048553159e-05
3.8937787557511503,PASSED,-0.2670947159216991,-3.2369087555995967e-07,2.051131449309862e-06,2.663250460213938,1.6970981327013262e-06,-1.0769057097309461e-05
3.8947789557911583,PASSED,-0.26709471624436754,-3.216444905838413e-07,2.0432206606574273e-06,2.663250461905675,1.6863637787162622e-06,-1.0711218576900441e-05
3.8957791558311663,PASSED,-0.26709471656499384,-3.196064514356463e-07,2.034584806553333e-06,2.6632504635867047,1.675684658601578e-06,-1.0657721139873319e-05
3.8967793558711743,PASSED,-0.2670947168835862,-3.17576684042072e-07,2.0265557849214883e-06,2.663250465257071,1.6650430473030202e-06,-1.063087140434732e-05
3.8977795559111823,PASSED,-0.2670947172001527,-3.155547097199487e-07,2.0189200135912327e-06,2.6632504669168164,1.6544378026306759e-06,-1.05881601843421e-05
3.8987797559511903,PASSED,-0.2670947175147016,-3.135412710343689e-07,2.00978446690555e-06,2.663250468565982,1.6438827184490363e-06,-1.0533033513171068e-05
3.8997799559911983,PASSED,-0.26709471782724087,-3.115358633289487e-07,2.002489864429902e-06,2.663250470204611,1.6333688263843667e-06,-1.0501131099002115e-05
3.9007801560312063,PASSED,-0.2670947181377786,-3.0953803546669003e-07,1.994719860811218e-06,2.663250471832746,1.6228926321319011e-06,-1.0459569688107615e-05
3.9017803560712143,PASSED,-0.26709471844632277,-3.0754854056881055e-07,1.9860115892583287e-06,2.6632504734504314,1.6124665921399302e-06,-1.0403686861213502e-05
3.9027805561112223,PASSED,-0.26709471875288143,-3.055671961494091e-07,1.978232972830157e-06,2.6632504750577057,1.6020771173259514e-06,-1.0380000115822591e-05
3.9037807561512303,PASSED,-0.26709471905746246,-3.0359345922652613e-07,1.9707395562514654e-06,2.6632504766546097,1.5917224552945404e-06,-1.0337769975136685e-05
3.9047809561912383,PASSED,-0.26709471936007384,-3.01627542565494e-07,1.962701397552633e-06,2.6632504782411885,1.5814224123105841e-06,-1.0274891656502672e-05
3.9057811562312463,PASSED,-0.26709471966072346,-2.996699553019438e-07,1.9541778408818955e-06,2.663250479817482,1.5711601474611413e-06,-1.025384697806953e-05
3.9067813562712543,PASSED,-0.26709471995941925,-2.97720129256116e-07,1.9469248491249824e-06,2.663250481383531,1.56092981734199e-06,-1.0214652213206037e-05
3.9077815563112623,PASSED,-0.26709472025616904,-2.9577797281977444e-07,1.9389774944859478e-06,2.6632504829393766,1.5507500037883427e-06,-1.0156587780608056e-05
3.9087817563512703,PASSED,-0.2670947205509809,-2.938440438049874e-07,1.9305633616544847e-06,2.663250484485061,1.5406121348318256e-06,-1.0125389740456336e-05
3.9097819563912783,PASSED,-0.26709472084386254,-2.9191776727718945e-07,1.9234186385602015e-06,2.6632504860206274,1.530511846913948e-06,-1.008355336949196e-05
3.9107821564312863,PASSED,-0.26709472113482186,-2.899991472047723e-07,1.915421028321808e-06,2.6632504875461156,1.5204552519176927e-06,-1.0038622747430976e-05
3.9117823564712944,PASSED,-0.267094721423867,-2.880892153022415e-07,1.9062724853366932e-06,2.663250489061567,1.5104395020243015e-06,-1.0000501324031317e-05
3.9127825565113024,PASSED,-0.26709472171100557,-2.861866054830008e-07,1.9001680418433361e-06,2.6632504905670213,1.5004617040780618e-06,-9.962662361045049e-06
3.9137827565513104,PASSED,-0.2670947219962457,-2.8429175697197537e-07,1.8913021571468337e-06,2.663250492062522,1.4905293249146035e-06,-9.912190365067269e-06
3.9147829565913184,PASSED,-0.26709472227959524,-2.8240562368632534e-07,1.8826873713187802e-06,2.6632504935481127,1.4806430300832187e-06,-9.869031142263295e-06
3.9157831566313264,PASSED,-0.26709472256106226,-2.805270723907533e-07,1.8757939117408806e-06,2.663250495023832,1.4707898667673073e-06,-9.84258476501017e-06
3.9167833566713344,PASSED,-0.26709472284065466,-2.786561675830001e-07,1.8676454050947089e-06,2.6632504964897206,1.4609776050725435e-06,-9.792046314599503e-06
3.9177835567113424,PASSED,-0.2670947231183805,-2.767937462202762e-07,1.8589386678101051e-06,2.6632504979458265,1.4512219103483855e-06,-9.731460330530422e-06
3.9187837567513504,PASSED,-0.26709472339424783,-2.7493935871528253e-07,1.8513533964493795e-06,2.663250499392188,1.4414992369817348e-06,-9.71681539073096e-06
3.9197839567913584,PASSED,-0.2670947236682648,-2.7309297163871186e-07,1.8430761966515312e-06,2.6632505008288465,1.4318079384955477e-06,-9.67428721649104e-06
3.9207841568313664,PASSED,-0.2670947239404395,-2.712546546187796e-07,1.8351442354528463e-06,2.6632505022558477,1.4221790012133812e-06,-9.598703992616611e-06
3.9217843568713744,PASSED,-0.26709472421078,-2.6942463495536826e-07,1.826603282050343e-06,2.663250503673229,1.4125826606974838e-06,-9.594764864751269e-06
3.9227845569113824,PASSED,-0.26709472447929455,-2.676027753056672e-07,1.8186972281348503e-06,2.6632505050810398,1.4030267213933782e-06,-9.53005559700828e-06
3.9237847569513904,PASSED,-0.26709472474599144,-2.657892097687155e-07,1.8101444094963008e-06,2.6632505064793217,1.3935268868018215e-06,-9.47968725458913e-06
3.9247849569913984,PASSED,-0.26709472501087883,-2.639838715940492e-07,1.8021340181128896e-06,2.663250507868115,1.3840557166247998e-06,-9.46549212531027e-06
3.9257851570314064,PASSED,-0.26709472527396527,-2.621870855948232e-07,1.7932206533014327e-06,2.663250509247465,1.3746312504239512e-06,-9.3971155845407e-06
3.9267853570714144,PASSED,-0.267094725535259,-2.603986932397431e-07,1.7851734895992245e-06,2.6632505106174147,1.365259606767313e-06,-9.35466237136972e-06
3.9277855571114224,PASSED,-0.26709472579476834,-2.5861826703185064e-07,1.7772613534212617e-06,2.6632505119780117,1.3559273320602948e-06,-9.317349597450936e-06
3.9287857571514304,PASSED,-0.26709472605250195,-2.568469263468357e-07,1.7673935727441203e-06,2.6632505133292983,1.3466367597912465e-06,-9.272720716779558e-06
3.9297859571914384,PASSED,-0.2670947263084683,-2.5508417647938045e-07,1.7596540639292989e-06,2.663250514671318,1.337393409602828e-06,-9.223769836177922e-06
3.9307861572314464,PASSED,-0.26709472656267597,-2.5332954101884477e-07,1.7512897249399866e-06,2.6632505160041178,1.3281972806735544e-06,-9.17770165800459e-06
3.9317863572714544,PASSED,-0.2670947268151337,-2.5158393352776855e-07,1.7418193351669734e-06,2.6632505173277443,1.319047388645501e-06,-9.131352274752574e-06
3.9327865573114624,PASSED,-0.2670947270658501,-2.498471065011863e-07,1.733498820859106e-06,2.66325051864224,1.3099370772966355e-06,-9.096284064940984e-06
3.9337867573514704,PASSED,-0.2670947273148339,-2.481188212381118e-07,1.724809557884731e-06,2.6632505199476513,1.3008741976297309e-06,-9.040610068213703e-06
3.9347869573914784,PASSED,-0.267094727562094,-2.4639942693106594e-07,1.7157841398199358e-06,2.6632505212440227,1.2918598786002982e-06,-8.996791670245818e-06
3.9357871574314864,PASSED,-0.26709472780763927,-2.446892401166963e-07,1.7064552640694508e-06,2.6632505225314067,1.2828967333421407e-06,-8.940714316765471e-06
3.9367873574714944,PASSED,-0.2670947280514786,-2.4298771951476015e-07,1.6982308271805764e-06,2.663250523809847,1.2739771369886514e-06,-8.905517711305156e-06
3.9377875575115024,PASSED,-0.267094728293621,-2.4129511401769074e-07,1.6888552769952845e-06,2.663250525079388,1.2650967470899434e-06,-8.86363802364332e-06
3.9387877575515104,PASSED,-0.2670947285340756,-2.3961210319140866e-07,1.6791145258066015e-06,2.663250526340081,1.2562743358743312e-06,-8.794926676924625e-06
3.9397879575915185,PASSED,-0.26709472877285145,-2.379378627928064e-07,1.6709909804660001e-06,2.6632505275919716,1.2475000143439083e-06,-8.760584766088444e-06
3.9407881576315265,PASSED,-0.2670947290099578,-2.3627280879964577e-07,1.6610960016237261e-06,2.663250528835111,1.2387685354281491e-06,-8.712075015539528e-06
3.9417883576715345,PASSED,-0.26709472924540373,-2.3461722451296123e-07,1.6519098100584559e-06,2.663250530069545,1.2300883445202328e-06,-8.658934836167428e-06
3.9427885577115425,PASSED,-0.2670947294791987,-2.3297090533055207e-07,1.642592097309606e-06,2.66325053129532,1.221453517440087e-06,-8.618755242798016e-06
3.9437887577515505,PASSED,-0.26709472971135206,-2.3133392836697038e-07,1.6332335410963944e-06,2.66325053251249,1.2128734918274931e-06,-8.554205859124484e-06
3.9447889577915585,PASSED,-0.2670947299418732,-2.2970642208412525e-07,1.6236881106775998e-06,2.6632505337211043,1.2043459348812364e-06,-8.509791004344711e-06
3.9457891578315665,PASSED,-0.2670947301707717,-2.2808849322303011e-07,1.6140893613734973e-06,2.663250534921209,1.195855905896866e-06,-8.476854304387476e-06
3.9467893578715745,PASSED,-0.26709473039805687,-2.2647992337431557e-07,1.6048901736085895e-06,2.663250536112855,1.1874222185885083e-06,-8.404909311004687e-06
3.9477895579115825,PASSED,-0.26709473062373845,-2.2488116110397275e-07,1.5946770014989774e-06,2.6632505372960917,1.1790424798555872e-06,-8.362958347531827e-06
3.9487897579515905,PASSED,-0.2670947308478261,-2.2329215561024713e-07,1.585224488543393e-06,2.663250538470975,1.170712371277444e-06,-8.30820873188444e-06
3.9497899579915985,PASSED,-0.2670947310703296,-2.2171281516758627e-07,1.575417745405803e-06,2.6632505396375517,1.1624319853908491e-06,-8.26183732306867e-06
3.9507901580316065,PASSED,-0.2670947312912586,-2.201432008105672e-07,1.5657454314279196e-06,2.6632505407958713,1.1541981653319259e-06,-8.215141882826214e-06
3.9517903580716145,PASSED,-0.26709473151062296,-2.1858349682636849e-07,1.5556763527125455e-06,2.6632505419459886,1.1460229522876799e-06,-8.148593818525717e-06
3.9527905581116225,PASSED,-0.2670947317284326,-2.1703373640986617e-07,1.5458164590288575e-06,2.6632505430879547,1.1379006555687202e-06,-8.104765319248815e-06
3.9537907581516305,PASSED,-0.26709473194469735,-2.154937637178637e-07,1.5360768473181756e-06,2.6632505442218224,1.1298251749493941e-06,-8.05595748604432e-06
3.9547909581916385,PASSED,-0.2670947321594273,-2.1396389594279525e-07,1.5257283935686272e-06,2.663250545347643,1.1218051041567603e-06,-7.996146330360666e-06
3.9557911582316465,PASSED,-0.26709473237263237,-2.124442232930558e-07,1.5156354871866903e-06,2.663250546465468,1.1138358667977641e-06,-7.951298044753264e-06
3.9567913582716545,PASSED,-0.2670947325843227,-2.1093436987717302e-07,1.5059987016802368e-06,2.6632505475753514,1.1059194552832008e-06,-7.893153827770108e-06
3.9577915583116625,PASSED,-0.26709473279450835,-2.0943471040486195e-07,1.4954333193982903e-06,2.6632505486773463,1.0980594059516544e-06,-7.837979667397443e-06
3.9587917583516705,PASSED,-0.26709473300319947,-2.0794547950955487e-07,1.4850959459129181e-06,2.6632505497715053,1.0902494155843585e-06,-7.791330833894755e-06
3.9597919583916785,PASSED,-0.26709473321040633,-2.06466159319132e-07,1.4754696867628345e-06,2.6632505508578803,1.082490799830879e-06,-7.736805699869562e-06
3.9607921584316865,PASSED,-0.2670947334161391,-2.0499717826886065e-07,1.4646552926103353e-06,2.6632505519365277,1.0747913226505407e-06,-7.674591500650527e-06
3.9617923584716945,PASSED,-0.2670947336204081,-2.035387081280802e-07,1.4543467062272246e-06,2.663250553007502,1.0671467953567092e-06,-7.624484489285719e-06
3.9627925585117025,PASSED,-0.2670947338232235,-2.0209021528077847e-07,1.4445902746847116e-06,2.6632505540708538,1.0595474584831425e-06,-7.582571796420822e-06
3.9637927585517105,PASSED,-0.26709473402459594,-2.0065222022726947e-07,1.4335982393918857e-06,2.6632505551266394,1.052008565528913e-06,-7.509773726101797e-06
3.9647929585917185,PASSED,-0.2670947342245355,-1.9922477628396676e-07,1.4233410792432194e-06,2.6632505561749173,1.0445346824046509e-06,-7.449956056369111e-06
3.9657931586317265,PASSED,-0.2670947344230527,-1.9780747468263745e-07,1.4132752827200117e-06,2.6632505572157315,1.0370913919674681e-06,-7.438846691058648e-06
3.9667933586717345,PASSED,-0.267094734620158,-1.9640074050063776e-07,1.4023734481861515e-06,2.6632505582491466,1.029716714777908e-06,-7.331897521894354e-06
3.9677935587117426,PASSED,-0.26709473481586177,-1.9500461552125073e-07,1.3919593335209186e-06,2.663250559275213,1.022407810636095e-06,-7.293575221758588e-06
3.9687937587517506,PASSED,-0.26709473501017444,-1.9361869262174042e-07,1.3818986101698732e-06,2.663250560293985,1.0151301109751863e-06,-7.267115953674999e-06
3.9697939587917586,PASSED,-0.26709473520310656,-1.922433494441553e-07,1.3709728891952935e-06,2.6632505613055195,1.0079193541152615e-06,-7.173184130757916e-06
3.9707941588317666,PASSED,-0.26709473539466866,-1.9087869703530093e-07,1.3604387552937767e-06,2.663250562309874,1.0007780940642519e-06,-7.1199773311778655e-06
3.9717943588717746,PASSED,-0.26709473558487123,-1.895243176272139e-07,1.3503398432825264e-06,2.663250563307097,9.936655000013132e-07,-7.107671884112655e-06
3.9727945589117826,PASSED,-0.2670947357737248,-1.8818052922564637e-07,1.3394207737575315e-06,2.6632505642972495,9.866177964391304e-07,-7.007724680896489e-06
3.9737947589517906,PASSED,-0.26709473596123984,-1.86847513038493e-07,1.3287464627505697e-06,2.6632505652803813,9.796364808037946e-07,-6.963709604961962e-06
3.9747949589917986,PASSED,-0.26709473614742696,-1.8552470482572038e-07,1.3188493794539877e-06,2.663250566256553,9.726979483621356e-07,-6.921747666123759e-06
3.9757951590318066,PASSED,-0.26709473633229663,-1.8421238933206184e-07,1.3079595697948917e-06,2.6632505672258175,9.658175063959215e-07,-6.852904832940679e-06
3.9767953590718146,PASSED,-0.2670947365158595,-1.8291105514848393e-07,1.296917259433235e-06,2.6632505681882273,9.589922179853512e-07,-6.806877462323458e-06
3.9777955591118226,PASSED,-0.267094736698126,-1.8161992986984112e-07,1.2872639581158263e-06,2.663250569143842,9.522237083808127e-07,-6.742931032681928e-06
3.9787957591518306,PASSED,-0.2670947368791067,-1.8033913040170903e-07,1.2764898081429564e-06,2.663250570092717,9.455148696845154e-07,-6.6861104720408246e-06
3.9797959591918386,PASSED,-0.267094737058812,-1.7906922458115224e-07,1.2655164954993808e-06,2.6632505710349035,9.388501795207756e-07,-6.65040995820601e-06
3.9807961592318466,PASSED,-0.2670947372372526,-1.778098980168417e-07,1.2551999435179826e-06,2.6632505719704604,9.322466265244087e-07,-6.5723150218074705e-06
3.9817963592718546,PASSED,-0.2670947374144388,-1.7656063682029462e-07,1.2453020318998076e-06,2.6632505728994396,9.257020277062437e-07,-6.526121349070113e-06
3.9827965593118626,PASSED,-0.26709473759038116,-1.7532183598831304e-07,1.234466698702751e-06,2.6632505738219,9.192072804990787e-07,-6.473831112561779e-06
3.98379675935187,PASSED,-0.26709473776509024,-1.740940725695646e-07,1.2232945654455974e-06,2.6632505747378907,9.127637602844522e-07,-6.423312949336275e-06
3.984796959391878,PASSED,-0.2670947379385762,-1.7287605967647336e-07,1.2144917781883331e-06,2.6632505756474716,9.06383312073209e-07,-6.351871719181159e-06
3.985797159431886,PASSED,-0.26709473811084966,-1.7166851297282205e-07,1.202916653959963e-06,2.663250576550692,9.000508356346237e-07,-6.3195462515214635e-06
3.986797359471894,PASSED,-0.2670947382819209,-1.7047188096864984e-07,1.1924422376470292e-06,2.6632505774476107,8.937722513917612e-07,-6.251276237089728e-06
3.987797559511902,PASSED,-0.26709473845180026,-1.692850191506651e-07,1.1831415382098434e-06,2.6632505783382827,8.875583442704589e-07,-6.188994377444029e-06
3.98879775955191,PASSED,-0.26709473862049804,-1.6810835666048602e-07,1.1723431248252122e-06,2.663250579222757,8.813845077929278e-07,-6.163731210922525e-06
3.989797959591918,PASSED,-0.26709473878802453,-1.669423820248753e-07,1.1617289761343705e-06,2.663250580101091,8.75267437125532e-07,-6.085963638377963e-06
3.990798159631926,PASSED,-0.2670947389543899,-1.6578639017820595e-07,1.1521670936927081e-06,2.6632505809733384,8.692158895926373e-07,-6.028603462572523e-06
3.991798359671934,PASSED,-0.26709473911960435,-1.6464041892940182e-07,1.1418406855451228e-06,2.6632505818395487,8.632008002986287e-07,-6.006079848299439e-06
3.992798559711942,PASSED,-0.267094739283678,-1.6350485544727232e-07,1.1313786798524444e-06,2.6632505826997805,8.57246024136801e-07,-5.920573704179845e-06
3.99379875975195,PASSED,-0.26709473944662093,-1.6237906097559466e-07,1.1220716662277883e-06,2.6632505835540816,8.513492878924456e-07,-5.880844604472192e-06
3.994798959791958,PASSED,-0.26709473960844315,-1.6126330332506397e-07,1.1115483067326168e-06,2.6632505844025105,8.454981223255569e-07,-5.831379541833148e-06
3.995799159831966,PASSED,-0.2670947397691547,-1.6015774027222073e-07,1.1015728835836582e-06,2.6632505852451143,8.396981212144044e-07,-5.779082157365222e-06
3.996799359871974,PASSED,-0.26709473992876537,-1.590617363505527e-07,1.0922912803909818e-06,2.663250586081946,8.339538670994874e-07,-5.721035419951469e-06
3.997799559911982,PASSED,-0.2670947400872851,-1.5797561498194413e-07,1.0820080940870027e-06,2.663250586913059,8.282621878990531e-07,-5.672108387422947e-06
3.99879975995199,PASSED,-0.26709474024472374,-1.568995128536259e-07,1.0721648178057446e-06,2.6632505877385015,8.22614130412002e-07,-5.6320235534698185e-06
3.999799959991998,PASSED,-0.2670947404010909,-1.558328775263774e-07,1.0629490002103626e-06,2.663250588558328,8.17024789754196e-07,-5.560885394030093e-06
4.000800160032006,PASSED,-0.2670947405563962,-1.5477572104327756e-07,1.053294805026183e-06,2.6632505893725873,8.114865695008869e-07,-5.5231101594951354e-06
4.001800360072014,PASSED,-0.26709474071064937,-1.5372846367129857e-07,1.043232416614235e-06,2.6632505901813297,8.059898252451894e-07,-5.47916698649915e-06
4.002800560112022,PASSED,-0.26709474086385987,-1.5269059711872405e-07,1.0342893098813516e-06,2.6632505909846067,8.005502570564097e-07,-5.413168990299901e-06
4.00380076015203,PASSED,-0.26709474101603703,-1.5166186954895067e-07,1.0250197430347233e-06,2.663250591782465,7.951580472763349e-07,-5.378236973258315e-06
4.004800960192038,PASSED,-0.2670947411671904,-1.506428236585376e-07,1.015063321998611e-06,2.663250592574955,7.89810957796582e-07,-5.326324484082662e-06
4.005801160232046,PASSED,-0.26709474131732913,-1.4963288374688726e-07,1.006524304751465e-06,2.663250593362123,7.845149997666843e-07,-5.275713727107605e-06
4.006801360272054,PASSED,-0.26709474146646245,-1.4863196374027233e-07,9.971838078572448e-07,2.6632505941440248,7.792754444717405e-07,-5.215449673501185e-06
4.007801560312062,PASSED,-0.2670947416145995,-1.4764033845432835e-07,9.879196046685092e-07,2.6632505949207017,7.740741549619768e-07,-5.191849400605448e-06
4.00880176035207,PASSED,-0.26709474176174935,-1.4665753599848606e-07,9.793910232914806e-07,2.663250595692201,7.689139094880204e-07,-5.1391761895237135e-06
4.009801960392078,PASSED,-0.2670947419079209,-1.4568359893567552e-07,9.703010891565699e-07,2.6632505964585707,7.63812088892197e-07,-5.076916866689771e-06
4.010802160432086,PASSED,-0.26709474205312295,-1.4471863747989172e-07,9.614017002019388e-07,2.66325059721986,7.587588094068004e-07,-5.037521231201213e-06
4.011802360472094,PASSED,-0.2670947421973643,-1.437623776007871e-07,9.528319983730849e-07,2.6632505979761127,7.537398670832413e-07,-5.006556385131171e-06
4.012802560512102,PASSED,-0.2670947423406536,-1.428146091034031e-07,9.443928300579821e-07,2.663250598727372,7.487671103028421e-07,-4.9502237105780215e-06
4.01380276055211,PASSED,-0.2670947424829995,-1.4187548274317233e-07,9.3561538034595e-07,2.6632505994736837,7.438459961331658e-07,-4.9017078090749834e-06
4.014802960592118,PASSED,-0.2670947426244104,-1.4094471644719657e-07,9.275335730622747e-07,2.6632506002150964,7.389703347913416e-07,-4.858297030323741e-06
4.015803160632126,PASSED,-0.26709474276489475,-1.4002224048031597e-07,9.191042294261726e-07,2.6632506009516486,7.34128935308007e-07,-4.830134452008324e-06
4.016803360672134,PASSED,-0.2670947429044608,-1.39108121842161e-07,9.107949106408252e-07,2.66325060168339,7.293391844431433e-07,-4.762828473434116e-06
4.017803560712142,PASSED,-0.26709474304311664,-1.3820206446530426e-07,9.028990210006812e-07,2.663250602410355,7.245873622389051e-07,-4.7444846914407465e-06
4.01880376075215,PASSED,-0.26709474318087056,-1.3730409405262372e-07,8.94684673800498e-07,2.6632506031325915,7.198747204849122e-07,-4.691413129027752e-06
4.019803960792158,PASSED,-0.26709474331773037,-1.3641389868041182e-07,8.872025044861812e-07,2.663250603850142,7.152152720095874e-07,-4.638138706189687e-06
4.020804160832166,PASSED,-0.26709474345370393,-1.3553156531327803e-07,8.790872755655352e-07,2.6632506045630455,7.105874743557453e-07,-4.620903618943834e-06
4.021804360872174,PASSED,-0.2670947435887991,-1.3465716560401237e-07,8.712746650657332e-07,2.6632506052713443,7.059991352005648e-07,-4.566629512671602e-06
4.022804560912182,PASSED,-0.26709474372302355,-1.3379021923401904e-07,8.640608399450671e-07,2.6632506059750756,7.014551203956982e-07,-4.528938332996592e-06
4.02380476095219,PASSED,-0.2670947438563847,-1.3293060193023776e-07,8.566549463387407e-07,2.6632506066742843,6.969522579451923e-07,-4.485478528845564e-06
4.024804960992198,PASSED,-0.2670947439888901,-1.3207864072130273e-07,8.488320506658732e-07,2.6632506073690028,6.92480418312722e-07,-4.462747034886879e-06
4.025805161032206,PASSED,-0.26709474412054707,-1.31233925091869e-07,8.41971348612303e-07,2.6632506080592755,6.880533868568104e-07,-4.40322106992797e-06
4.026805361072214,PASSED,-0.2670947442513628,-1.3039619046046535e-07,8.349101532645324e-07,2.6632506087451375,6.836661416649938e-07,-4.376594606408885e-06
4.027805561112222,PASSED,-0.2670947443813445,-1.2956561670791538e-07,8.276828187402554e-07,2.6632506094266266,6.793065313853326e-07,-4.348287395162792e-06
4.02880576115223,PASSED,-0.2670947445104991,-1.2874209695797542e-07,8.207443707397736e-07,2.6632506101037774,6.74985733721084e-07,-4.302471176972528e-06
4.029805961192238,PASSED,-0.2670947446388334,-1.2792529543595255e-07,8.141729562116233e-07,2.6632506107766294,6.707096398123222e-07,-4.258509063288096e-06
4.030806161232246,PASSED,-0.26709474476635436,-1.2711525379341224e-07,8.072874334260737e-07,2.6632506114452146,6.664584293512494e-07,-4.246344726262472e-06
4.031806361272254,PASSED,-0.26709474489306856,-1.263118324567551e-07,8.008439388111669e-07,2.663250612109572,6.622450552248765e-07,-4.191393726446573e-06
4.032806561312262,PASSED,-0.2670947450189826,-1.2551487991563074e-07,7.943582759998165e-07,2.6632506127697355,6.580749020928799e-07,-4.155992735696676e-06
4.03380676135227,PASSED,-0.2670947451441029,-1.2472437986198167e-07,7.879279054152178e-07,2.6632506134257348,6.539223599620863e-07,-4.150241727524816e-06
4.034806961392278,PASSED,-0.26709474526843585,-1.2394017173807523e-07,7.817282695672553e-07,2.663250614077605,6.498066568687098e-07,-4.092677337277502e-06
4.035807161432286,PASSED,-0.26709474539198763,-1.2316208737232103e-07,7.756550965455217e-07,2.663250614725384,6.457422189120492e-07,-4.045611702915919e-06
4.036807361472294,PASSED,-0.2670947455147643,-1.2239004406681811e-07,7.696354448078541e-07,2.6632506153690962,6.416862490040245e-07,-4.062875378097333e-06
4.037807561512302,PASSED,-0.267094745636772,-1.2162414001370776e-07,7.63416458645367e-07,2.6632506160087757,6.376603698703283e-07,-4.001214970761843e-06
4.03880776155231,PASSED,-0.26709474575801656,-1.2086388538379872e-07,7.58146744084815e-07,2.663250616644457,6.33690006341632e-07,-3.949795900652668e-06
4.039807961592318,PASSED,-0.2670947458785037,-1.2010922751863204e-07,7.523319458879477e-07,2.6632506172761663,6.297319464194939e-07,-3.963569269795043e-06
4.040808161632326,PASSED,-0.2670947459982391,-1.1936045613689388e-07,7.4639767230498e-07,2.663250617903932,6.257921045139298e-07,-3.9240236627435345e-06
4.041808361672334,PASSED,-0.26709474611722844,-1.1861705645408989e-07,7.414010231366488e-07,2.6632506185277895,6.219084781816825e-07,-3.85669477858312e-06
4.042808561712342,PASSED,-0.267094746235477,-1.1787895025372374e-07,7.359096518524907e-07,2.6632506191477607,6.180391518337524e-07,-3.877747394161574e-06
4.04380876175235,PASSED,-0.26709474635299024,-1.1714644022276152e-07,7.302436170353907e-07,2.6632506197638803,6.141900618824624e-07,-3.829984989375717e-06
4.044808961792358,PASSED,-0.2670947464697735,-1.1641900117018416e-07,7.255693429386682e-07,2.6632506203761688,6.103797551843043e-07,-3.797187837346409e-06
4.045809161832366,PASSED,-0.26709474658583165,-1.1569631068281456e-07,7.207712503235767e-07,2.663250620984656,6.065914126254202e-07,-3.782445706575683e-06
4.046809361872374,PASSED,-0.2670947467011699,-1.1497900816146714e-07,7.149900353633224e-07,2.663250621589368,6.028269271706234e-07,-3.7525119536108756e-06
4.047809561912382,PASSED,-0.26709474681579315,-1.1426660881891857e-07,7.106722140054205e-07,2.663250622190334,5.990974361689836e-07,-3.714143700325589e-06
4.04880976195239,PASSED,-0.26709474692970614,-1.135584684486536e-07,7.064524744380021e-07,2.6632506227875754,5.953848801339322e-07,-3.711497591535539e-06
4.049809961992398,PASSED,-0.2670947470429137,-1.1285544290580565e-07,7.007409217878998e-07,2.663250623381117,5.916915802235193e-07,-3.6811681229977347e-06
4.050810162032406,PASSED,-0.2670947471554203,-1.1215701874930193e-07,6.96879646314272e-07,2.6632506239709857,5.880365613435072e-07,-3.6375860513549945e-06
4.051810362072414,PASSED,-0.26709474726723065,-1.1146278145857184e-07,6.924757203406109e-07,2.663250624557201,5.843960314749564e-07,-3.6424924133481278e-06
4.052810562112422,PASSED,-0.267094747378349,-1.1077296678026558e-07,6.880406502833714e-07,2.66325062513979,5.807743088027329e-07,-3.6078761781403656e-06
4.05381076215243,PASSED,-0.26709474748877965,-1.1008753610675507e-07,6.836906889952769e-07,2.663250625718773,5.771855368178136e-07,-3.5760358561053643e-06
4.054810962192438,PASSED,-0.26709474759852697,-1.0940627712499572e-07,6.796378436020507e-07,2.6632506262941744,5.736153854140594e-07,-3.566228435520076e-06
4.055811162232446,PASSED,-0.26709474770759495,-1.0872889222393898e-07,6.758829393598604e-07,2.6632506268660125,5.700574894092457e-07,-3.552341051009397e-06
4.056811362272454,PASSED,-0.2670947478159877,-1.0805563386594884e-07,6.715086370769882e-07,2.6632506274343117,5.665317293584907e-07,-3.5080393839185835e-06
4.057811562312462,PASSED,-0.26709474792370913,-1.0738645840765905e-07,6.676200057649873e-07,2.663250627999089,5.630225299112856e-07,-3.5099728227294078e-06
4.05881176235247,PASSED,-0.2670947480307631,-1.0672088001861513e-07,6.642173112298777e-07,2.6632506285603696,5.595320672636319e-07,-3.477455864270001e-06
4.059811962392478,PASSED,-0.26709474813715345,-1.0605907537381134e-07,6.601962005197404e-07,2.6632506291181706,5.560653103004342e-07,-3.4596243624825826e-06
4.060812162432486,PASSED,-0.26709474824288376,-1.0540090318439233e-07,6.568228486851855e-07,2.663250629672508,5.526089835119515e-07,-3.454128405816224e-06
4.061812362472494,PASSED,-0.26709474834795766,-1.0474617892282711e-07,6.533252034852275e-07,2.663250630223406,5.491784775964186e-07,-3.4147575886773005e-06
4.0628125625125024,PASSED,-0.26709474845237857,-1.0409503106741277e-07,6.496962900337316e-07,2.6632506307708788,5.457666238280936e-07,-3.409917888090049e-06
4.0638127625525104,PASSED,-0.2670947485561501,-1.0344736072088413e-07,6.463197175252562e-07,2.6632506313149507,5.423725059352941e-07,-3.383584562605875e-06
4.0648129625925185,PASSED,-0.2670947486592755,-1.0280286283016347e-07,6.432833395175898e-07,2.663250631855633,5.389914562665544e-07,-3.379359739495636e-06
4.0658131626325265,PASSED,-0.2670947487617581,-1.0216160652942215e-07,6.39904941557126e-07,2.663250632392944,5.356260729122495e-07,-3.3560657641775502e-06
4.0668133626725345,PASSED,-0.26709474886360096,-1.015234725222867e-07,6.369533841876638e-07,2.663250632926904,5.322876187619148e-07,-3.3267130744395293e-06
4.0678135627125425,PASSED,-0.26709474896480734,-1.0088861453324696e-07,6.33461058941125e-07,2.6632506334575226,5.289521454625347e-07,-3.34131344934046e-06
4.0688137627525505,PASSED,-0.2670947490653803,-1.0025674796087096e-07,6.308035813325691e-07,2.663250633984824,5.256410176668931e-07,-3.2910040265090057e-06
4.0698139627925585,PASSED,-0.26709474916532266,-9.962756588329093e-08,6.281010750783292e-07,2.6632506345088154,5.223445752074491e-07,-3.3000680814004557e-06
4.0708141628325665,PASSED,-0.26709474926463755,-9.90014935934681e-08,6.247197663191579e-07,2.663250635029519,5.190585511884568e-07,-3.276661310720185e-06
4.0718143628725745,PASSED,-0.26709474936332767,-9.837826516718665e-08,6.222341995896423e-07,2.663250635546948,5.157945662633563e-07,-3.255534001354056e-06
4.0728145629125825,PASSED,-0.26709474946139594,-9.775773157117761e-08,6.193998602886518e-07,2.6632506360611155,5.125397914210618e-07,-3.254268736254734e-06
4.0738147629525905,PASSED,-0.267094749558845,-9.71398261749719e-08,6.169090868170647e-07,2.663250636572036,5.092973049176787e-07,-3.234631681468582e-06
4.0748149629925985,PASSED,-0.26709474965567753,-9.652468043275894e-08,6.139701791435501e-07,2.663250637079725,5.060760350950489e-07,-3.2123619167372603e-06
4.0758151630326065,PASSED,-0.2670947497518962,-9.591212532348684e-08,6.116117293578102e-07,2.6632506375841953,5.028636426023561e-07,-3.212412876663178e-06
4.0768153630726145,PASSED,-0.2670947498475035,-9.530198474834532e-08,6.09159805664017e-07,2.6632506380854593,4.996605537879817e-07,-3.196872772848648e-06
4.0778155631126225,PASSED,-0.26709474994250193,-9.469446526075797e-08,6.064259422029024e-07,2.663250638583532,4.964789752308815e-07,-3.1713824132680617e-06
4.0788157631526305,PASSED,-0.26709475003689404,-9.408928930104429e-08,6.043426380542202e-07,2.663250639078427,4.933101973472911e-07,-3.167041530472109e-06
4.0798159631926385,PASSED,-0.2670947501306822,-9.348645119657811e-08,6.018350820741522e-07,2.663250639570154,4.901433063512649e-07,-3.166790639728783e-06
4.0808161632326465,PASSED,-0.26709475022386875,-9.288616023721556e-08,5.992615442214934e-07,2.6632506400587275,4.869964480069596e-07,-3.1335701473564863e-06
4.0818163632726545,PASSED,-0.267094750316456,-9.228806305838743e-08,5.973209352325815e-07,2.6632506405441583,4.838646649270157e-07,-3.1305917016688947e-06
4.0828165633126625,PASSED,-0.2670947504084463,-9.169204544899024e-08,5.95148725506915e-07,2.6632506410264596,4.80737408050208e-07,-3.1250336602335578e-06
4.0838167633526705,PASSED,-0.2670947504998419,-9.109855002262153e-08,5.923932269432325e-07,2.663250641505641,4.776222075428854e-07,-3.1086450720486013e-06
4.0848169633926785,PASSED,-0.2670947505906449,-9.050708455949669e-08,5.90846953912587e-07,2.6632506419817177,4.745268128570883e-07,-3.086561094962785e-06
4.0858171634326865,PASSED,-0.26709475068085753,-8.991765640371887e-08,5.884822903546168e-07,2.663250642454699,4.714372407120732e-07,-3.091579511716609e-06
4.0868173634726945,PASSED,-0.2670947507704819,-8.933065184412009e-08,5.86019405761548e-07,2.663250642924596,4.6835369048342137e-07,-3.0781973732753278e-06
4.0878175635127025,PASSED,-0.2670947508595202,-8.87456435483028e-08,5.84334222521102e-07,2.6632506433914194,4.652893022030258e-07,-3.055182218475783e-06
4.0888177635527105,PASSED,-0.26709475094797447,-8.816247633585539e-08,5.823892057316174e-07,2.6632506438551826,4.622369577220114e-07,-3.0504526560402574e-06
4.0898179635927185,PASSED,-0.26709475103584673,-8.758162368720849e-08,5.798282772570878e-07,2.663250644315894,4.59186625714344e-07,-3.0502515754189218e-06
4.0908181636327265,PASSED,-0.267094751123139,-8.70026637805507e-08,5.783809929249271e-07,2.663250644773563,4.5614783616028834e-07,-3.0311482064800524e-06
4.0918183636727345,PASSED,-0.2670947512098534,-8.642558396690674e-08,5.762123607900095e-07,2.663250645228202,4.531260822545911e-07,-3.0154910385087395e-06
4.0928185637127426,PASSED,-0.2670947512959918,-8.585075612284615e-08,5.739048329076279e-07,2.6632506456798226,4.50113954292309e-07,-3.0098859114643934e-06
4.0938187637527506,PASSED,-0.26709475138155625,-8.527778749326679e-08,5.723444940271918e-07,2.663250646128432,4.471044561267513e-07,-3.009239668286459e-06
4.094818963792759,PASSED,-0.26709475146654865,-8.470659434674646e-08,5.704255815157387e-07,2.6632506465740424,4.441111099186461e-07,-2.9827505679844073e-06
4.095819163832767,PASSED,-0.26709475155097095,-8.413757834021416e-08,5.680762898766755e-07,2.6632506470166666,4.411348567608463e-07,-2.9719215510100545e-06
4.096819363872775,PASSED,-0.26709475163482516,-8.357046016754363e-08,5.664794278664349e-07,2.663250647456309,4.381531145224232e-07,-2.9882893633651566e-06
4.097819563912783,PASSED,-0.2670947517181131,-8.300501841701672e-08,5.647499656339172e-07,2.663250647892985,4.351901784750627e-07,-2.946033836690696e-06
4.098819763952791,PASSED,-0.2670947518008368,-8.244190798606987e-08,5.620174078221403e-07,2.663250648326702,4.322440178046618e-07,-2.946245226207744e-06
4.099819963992799,PASSED,-0.267094751882998,-8.188041316741586e-08,5.611464258752502e-07,2.6632506487574705,4.2929439455994114e-07,-2.9518752570625665e-06
4.100820164032807,PASSED,-0.2670947519645988,-8.132071351937292e-08,5.587351294880524e-07,2.6632506491852985,4.2635663384894383e-07,-2.9283510136204837e-06
4.101820364072815,PASSED,-0.267094752045641,-8.076311462801311e-08,5.568413992743299e-07,2.663250649610201,4.234428777646889e-07,-2.9040261313445625e-06
4.102820564112823,PASSED,-0.26709475212612643,-8.020744782087597e-08,5.548837457123425e-07,2.6632506500321806,4.2052223939694746e-07,-2.9317131920060468e-06
4.103820764152831,PASSED,-0.2670947522060571,-7.965357998685131e-08,5.531905595661991e-07,2.6632506504512548,4.1761752176759604e-07,-2.886720587581688e-06
4.104820964192839,PASSED,-0.26709475228543494,-7.910167391407146e-08,5.510497482556213e-07,2.663250650867429,4.1473072868785714e-07,-2.8868414078437355e-06
4.105821164232847,PASSED,-0.2670947523642618,-7.855159139428766e-08,5.49437700802584e-07,2.663250651280716,4.118437775483645e-07,-2.8870242939253233e-06
4.106821364272855,PASSED,-0.2670947524425396,-7.800351783572802e-08,5.471641303976641e-07,2.6632506516911225,4.089657792092266e-07,-2.871981035946303e-06
4.107821564312863,PASSED,-0.2670947525202702,-7.745739346095907e-08,5.454312043497879e-07,2.663250652098659,4.061042697664765e-07,-2.8545283806193335e-06
4.108821764352871,PASSED,-0.2670947525974557,-7.691320674210419e-08,5.433570618582855e-07,2.6632506525033404,4.032556596320452e-07,-2.844664636972661e-06
4.109821964392879,PASSED,-0.2670947526740979,-7.637086211385275e-08,5.416696725135355e-07,2.6632506529051727,4.004094672094549e-07,-2.8472109463354248e-06
4.110822164432887,PASSED,-0.2670947527501989,-7.583067627090405e-08,5.391966232388113e-07,2.663250653304165,3.9757195217020854e-07,-2.831051101187016e-06
4.111822364472895,PASSED,-0.26709475282576056,-7.529236113383703e-08,5.377274796191565e-07,2.6632506537003326,3.9475778021602995e-07,-2.8029191895062974e-06
4.112822564512903,PASSED,-0.2670947529007849,-7.47557679418314e-08,5.358370002632549e-07,2.663250654093682,3.919446732674294e-07,-2.8198987879967543e-06
4.113822764552911,PASSED,-0.2670947529752739,-7.42217199609714e-08,5.328553012578497e-07,2.663250654484226,3.89137978697009e-07,-2.7978917587028733e-06
4.114822964592919,PASSED,-0.26709475304922964,-7.368946865972222e-08,5.318486345767053e-07,2.6632506548719723,3.8635046848019443e-07,-2.7805891888889855e-06
4.115823164632927,PASSED,-0.2670947531226541,-7.315899031943863e-08,5.295648107548676e-07,2.663250655256933,3.8357027182127294e-07,-2.7799349722764945e-06
4.116823364672935,PASSED,-0.2670947531955494,-7.263097676214781e-08,5.26979388314798e-07,2.6632506556391204,3.808011630020569e-07,-2.761891383842409e-06
4.117823564712943,PASSED,-0.26709475326791754,-7.210501619194328e-08,5.252813581310371e-07,2.6632506560185436,3.7804307925391614e-07,-2.7555453243396596e-06
4.118823764752951,PASSED,-0.2670947533397607,-7.158094741922403e-08,5.232603824447425e-07,2.6632506563952143,3.7529563431745384e-07,-2.742044677877355e-06
4.119823964792959,PASSED,-0.26709475341108097,-7.105913644805922e-08,5.208446969782114e-07,2.6632506567691445,3.7256151285899885e-07,-2.7288393121734456e-06
4.120824164832967,PASSED,-0.2670947534818805,-7.053950022404549e-08,5.188305753707423e-07,2.6632506571403423,3.698339669731085e-07,-2.7266836017016095e-06
4.121824364872975,PASSED,-0.2670947535521615,-7.002200804042647e-08,5.165999224512285e-07,2.6632506575088213,3.6711998352565537e-07,-2.7055166779540895e-06
4.122824564912983,PASSED,-0.2670947536219261,-6.950671224198667e-08,5.144263824321657e-07,2.663250657874594,3.644225921575882e-07,-2.6919744948091945e-06
4.123824764952991,PASSED,-0.2670947536911766,-6.899381512659157e-08,5.118776040370676e-07,2.663250658237672,3.617326688543767e-07,-2.6885558421463767e-06
4.124824964992999,PASSED,-0.2670947537599152,-6.848305071337208e-08,5.100222860077769e-07,2.6632506585980646,3.59049742205327e-07,-2.679173853651885e-06
4.125825165033007,PASSED,-0.2670947538281442,-6.797446551706735e-08,5.076271365027091e-07,2.663250658955787,3.5638884048136306e-07,-2.6487203041720744e-06
4.126825365073015,PASSED,-0.2670947538958659,-6.74684111713608e-08,5.050058185091095e-07,2.663250659310848,3.53735209585332e-07,-2.656904623937062e-06
4.127825565113023,PASSED,-0.2670947539630827,-6.69646704721e-08,5.028972864285768e-07,2.6632506596632624,3.5108980997922837e-07,-2.6377295942146527e-06
4.128825765153031,PASSED,-0.2670947540297968,-6.646313694795783e-08,5.006243492845697e-07,2.6632506600130412,3.484638373666808e-07,-2.618134624769521e-06
4.129825965193039,PASSED,-0.26709475409601086,-6.596433346774496e-08,4.975895674984209e-07,2.663250660360201,3.458527870437587e-07,-2.606327455023846e-06
4.130826165233047,PASSED,-0.2670947541617271,-6.546784001750669e-08,4.957627053981514e-07,2.663250660704748,3.4324264723903287e-07,-2.612681371193795e-06
4.131826365273055,PASSED,-0.26709475422694806,-6.49735241695651e-08,4.933512763038702e-07,2.6632506610466966,3.4064893148257416e-07,-2.5810720133019484e-06
4.132826565313063,PASSED,-0.2670947542916762,-6.448207342934642e-08,4.901837161618996e-07,2.6632506613860665,3.3808517159146594e-07,-2.5522184763124696e-06
4.133826765353071,PASSED,-0.26709475435591407,-6.39932308699951e-08,4.879484548109581e-07,2.66325066172286,3.3551032890038087e-07,-2.589925500933454e-06
4.134826965393079,PASSED,-0.2670947544196642,-6.350650239750653e-08,4.859151509402789e-07,2.6632506620571004,3.3295787677285706e-07,-2.5274698785840366e-06
4.135827165433087,PASSED,-0.2670947544829291,-6.302258518022105e-08,4.825852615156284e-07,2.6632506623887973,3.3043497721583864e-07,-2.519852675974696e-06
4.136827365473095,PASSED,-0.2670947545457115,-6.254169853070739e-08,4.797542415123487e-07,2.663250662717963,3.279007718297577e-07,-2.543773859484996e-06
4.137827565513103,PASSED,-0.267094754608014,-6.206299583704386e-08,4.780016617643155e-07,2.66325066304461,3.253837068343536e-07,-2.4992590860168436e-06
4.138827765553111,PASSED,-0.2670947546698394,-6.15869928321758e-08,4.746705669372433e-07,2.663250663368759,3.2290687001324225e-07,-2.461888644507749e-06
4.139827965593119,PASSED,-0.26709475473119015,-6.111396607720135e-08,4.719308803325958e-07,2.6632506636904205,3.2042352536261685e-07,-2.497648654703869e-06
4.140828165633127,PASSED,-0.2670947547920692,-6.064359811053533e-08,4.693260242216452e-07,2.663250664009604,3.1793821341532157e-07,-2.4770874756896178e-06
4.141828365673135,PASSED,-0.26709475485247924,-6.01759510798208e-08,4.66527701709769e-07,2.6632506643263314,3.155031346999738e-07,-2.4070728751198088e-06
4.142828565713143,PASSED,-0.2670947549124231,-5.971111365429164e-08,4.637105747420936e-07,2.6632506646406147,3.1307177486148917e-07,-2.447551147394518e-06
4.143828765753151,PASSED,-0.26709475497190355,-5.9249128744007805e-08,4.608344673116714e-07,2.6632506649524688,3.106336154235589e-07,-2.4318982982874787e-06
4.144828965793159,PASSED,-0.2670947550309235,-5.879017141909761e-08,4.577058966425424e-07,2.6632506652619057,3.082306240044121e-07,-2.3837201663863582e-06
4.145829165833167,PASSED,-0.2670947550894859,-5.833394073064984e-08,4.5524721631792123e-07,2.6632506655689467,3.058496711015704e-07,-2.379108060478578e-06
4.146829365873175,PASSED,-0.2670947551475935,-5.788067525464739e-08,4.519443157921373e-07,2.663250665873603,3.034651569649419e-07,-2.3881181873951367e-06
4.147829565913183,PASSED,-0.26709475520524933,-5.743036409179452e-08,4.492223942266968e-07,2.66325066617589,3.01100519035107e-07,-2.3489844247947317e-06
4.148829765953191,PASSED,-0.26709475526245646,-5.69832568688202e-08,4.456971088060595e-07,2.6632506664758244,2.98764243884831e-07,-2.327802300596905e-06
4.149829965993199,PASSED,-0.26709475531921784,-5.6539036022745944e-08,4.4323667091971736e-07,2.6632506667734224,2.964329746894962e-07,-2.3335804584933476e-06
4.150830166033207,PASSED,-0.26709475537553645,-5.609757902593849e-08,4.402705473992771e-07,2.6632506670686977,2.9411305872948585e-07,-2.3108062943550467e-06
4.151830366073215,PASSED,-0.2670947554314153,-5.5659355887706734e-08,4.3685819878673784e-07,2.663250667361668,2.9182009932758816e-07,-2.2810614735928574e-06
4.152830566113223,PASSED,-0.2670947554868576,-5.5224521044428555e-08,4.3348593960581034e-07,2.6632506676523517,2.895460342265208e-07,-2.2694008527169824e-06
4.153830766153231,PASSED,-0.2670947555418665,-5.479267087205062e-08,4.307596608926753e-07,2.6632506679407593,2.872703808093366e-07,-2.2798217934957408e-06
4.154830966193239,PASSED,-0.26709475559644497,-5.4363677019933924e-08,4.2781664626604673e-07,2.6632506682269117,2.8502343831902757e-07,-2.2250229548512447e-06
4.155831166233247,PASSED,-0.26709475565059626,-5.393804574312906e-08,4.2417436383075146e-07,2.663250668510822,2.827971411390801e-07,-2.2271466633450514e-06
4.156831366273255,PASSED,-0.2670947557043235,-5.351583732165922e-08,4.208977932292383e-07,2.663250668792515,2.805836909501335e-07,-2.2043192060142228e-06
4.157831566313263,PASSED,-0.2670947557576299,-5.309638691508341e-08,4.1848548214019116e-07,2.663250669071998,2.783822306954325e-07,-2.199554287158815e-06
4.158831766353271,PASSED,-0.2670947558105188,-5.268046114544709e-08,4.1421929463373474e-07,2.6632506693492903,2.761975942256239e-07,-2.1746912582417067e-06
4.159831966393279,PASSED,-0.2670947558629932,-5.226785870755293e-08,4.115245334011075e-07,2.663250669624414,2.740421632474985e-07,-2.14259079138123e-06
4.160832166433287,PASSED,-0.2670947559150566,-5.185825588845774e-08,4.083216762245686e-07,2.663250669897379,2.7189121767130135e-07,-2.1565154327411306e-06
4.161832366473295,PASSED,-0.2670947559667121,-5.145202094036165e-08,4.0484379601044076e-07,2.663250670168206,2.697550822339184e-07,-2.1225487738108403e-06
4.162832566513303,PASSED,-0.2670947560179631,-5.104925661594592e-08,4.013780100192475e-07,2.6632506704369123,2.6765140387461874e-07,-2.0910980829588928e-06
4.163832766553311,PASSED,-0.26709475606881294,-5.064967027201881e-08,3.9839189986568913e-07,2.6632506707035164,2.6555783088962814e-07,-2.095222919678374e-06
4.164832966593319,PASSED,-0.2670947561192648,-5.0253385567094574e-08,3.948799082965987e-07,2.6632506709680337,2.6347322083658183e-07,-2.0775348086249465e-06
4.165833166633327,PASSED,-0.26709475616932227,-4.986072175060375e-08,3.9118642195362896e-07,2.6632506712304838,2.6141906614959493e-07,-2.038567939228163e-06
4.166833366673335,PASSED,-0.26709475621898837,-4.947096705303578e-08,3.8880021464419886e-07,2.66325067149088,2.593754389959742e-07,-2.0469999632157148e-06
4.167833566713343,PASSED,-0.2670947562682668,-4.9084911486172984e-08,3.8422580167520073e-07,2.6632506717492443,2.5734710464734407e-07,-2.0158906055731382e-06
4.168833766753351,PASSED,-0.2670947563171606,-4.870230335689349e-08,3.815296810156843e-07,2.663250672005593,2.5534573910054527e-07,-1.9916821742825506e-06
4.169833966793359,PASSED,-0.2670947563656734,-4.8322580415682935e-08,3.7851844800713394e-07,2.6632506722599425,2.5335363218005434e-07,-1.9923900846298344e-06
4.170834166833367,PASSED,-0.2670947564138086,-4.794687725263097e-08,3.7382630641518733e-07,2.6632506725123144,2.5138274181018665e-07,-1.9565572266929916e-06
4.171834366873375,PASSED,-0.26709475646156944,-4.757442876496355e-08,3.7152994183557163e-07,2.6632506727627203,2.494283106025956e-07,-1.953013861523097e-06
4.172834566913383,PASSED,-0.2670947565089594,-4.720490039653931e-08,3.681939861500262e-07,2.6632506730111856,2.4749546707270087e-07,-1.9193966421425104e-06
4.173834766953391,PASSED,-0.267094756555982,-4.683937163835056e-08,3.637519395478935e-07,2.6632506732577235,2.455793626340247e-07,-1.9139096363652358e-06
4.174834966993399,PASSED,-0.2670947566026405,-4.64770623537521e-08,3.6134751463217534e-07,2.6632506735023522,2.4367438251368877e-07,-1.8990271096497517e-06
4.175835167033407,PASSED,-0.2670947566489383,-4.611789850382997e-08,3.5770807344875635e-07,2.66325067374509,2.41794685826395e-07,-1.8668097390564706e-06
4.176835367073415,PASSED,-0.267094756694879,-4.5762605038092416e-08,3.536837272634306e-07,2.663250673985952,2.3992945640965043e-07,-1.864175868536579e-06
4.177835567113423,PASSED,-0.26709475674046584,-4.541050491295487e-08,3.5104439038694904e-07,2.6632506742249626,2.3808503085274847e-07,-1.831258682478921e-06
4.178835767153431,PASSED,-0.26709475678570227,-4.506163943171674e-08,3.474128751389148e-07,2.6632506744621365,2.3626021564438821e-07,-1.8205195589478273e-06
4.179835967193439,PASSED,-0.26709475683059175,-4.471654324074045e-08,3.4355173486788385e-07,2.66325067469749,2.3444491415520548e-07,-1.811822776005997e-06
4.180836167233447,PASSED,-0.26709475687513773,-4.437471446386411e-08,3.406801382153177e-07,2.6632506749310436,2.326549925324507e-07,-1.7753208539206527e-06
4.181836367273455,PASSED,-0.26709475691934353,-4.403612920125186e-08,3.371886788768616e-07,2.6632506751628124,2.3088229929973554e-07,-1.7709414852448096e-06
4.182836567313463,PASSED,-0.26709475696321255,-4.370116790222676e-08,3.3347637912393843e-07,2.663250675392817,2.2912272294692836e-07,-1.7519995978487398e-06
4.183836767353471,PASSED,-0.26709475700674823,-4.336957360842593e-08,3.3033957025209914e-07,2.6632506756210703,2.273805676354388e-07,-1.7355924539167914e-06
4.184836967393479,PASSED,-0.26709475704995395,-4.304111966884974e-08,3.27196852458908e-07,2.663250675847597,2.2566546603691129e-07,-1.7014410282679958e-06
4.185837167433487,PASSED,-0.26709475709283304,-4.2716257459954166e-08,3.2330577985335456e-07,2.663250676072408,2.2395851796196126e-07,-1.7106194394047092e-06
4.186837367473495,PASSED,-0.2670947571353889,-4.2394762729923344e-08,3.202873634824705e-07,2.663250676295527,2.2227110104165514e-07,-1.6719485742403952e-06
4.187837567513503,PASSED,-0.2670947571776248,-4.207646085313086e-08,3.169782189991451e-07,2.6632506765169683,2.2060846599303832e-07,-1.6564260315343952e-06
4.188837767553511,PASSED,-0.2670947572195442,-4.176160653060475e-08,3.134383915440903e-07,2.6632506767367508,2.1895557621147172e-07,-1.650532281588064e-06
4.189837967593519,PASSED,-0.2670947572611503,-4.145001416102351e-08,3.1036168827266723e-07,2.663250676954889,2.1731697925838556e-07,-1.6306400674181985e-06
4.190838167633527,PASSED,-0.2670947573024465,-4.114167832987078e-08,3.0698525973943814e-07,2.663250677171404,2.157060261474837e-07,-1.5978284732242954e-06
4.191838367673535,PASSED,-0.2670947573434361,-4.083672242191718e-08,3.0360300676303956e-07,2.6632506773863116,2.1410905490779823e-07,-1.596399750659609e-06
4.192838567713543,PASSED,-0.2670947573841222,-4.053486044139885e-08,3.007012963551876e-07,2.663250677599627,2.12519136450384e-07,-1.5855975952506614e-06
4.193838767753551,PASSED,-0.2670947574245082,-4.0236430571119305e-08,2.969155862291069e-07,2.663250677811369,2.1095612592451177e-07,-1.5479524796199685e-06
4.194838967793559,PASSED,-0.2670947574645973,-3.994120918024535e-08,2.94091927303849e-07,2.6632506780215546,2.094133100580763e-07,-1.5393914576458233e-06
4.195839167833567,PASSED,-0.2670947575043927,-3.964895685558437e-08,2.9102592289906646e-07,2.6632506782301997,2.0787612245347256e-07,-1.535718369242342e-06
4.196839367873575,PASSED,-0.2670947575438976,-3.936008233128878e-08,2.8744025855993364e-07,2.6632506784373198,2.063582220647581e-07,-1.5060217350292148e-06
4.197839567913583,PASSED,-0.26709475758311507,-3.907431823715287e-08,2.846466511865671e-07,2.6632506786429384,2.0487274936839003e-07,-1.471773337260644e-06
4.198839767953591,PASSED,-0.2670947576220484,-3.8791645618307804e-08,2.813565972840681e-07,2.6632506788470622,2.0338144649268748e-07,-1.5043225679971555e-06
4.199839967993599,PASSED,-0.26709475766070057,-3.851208119897138e-08,2.7836963403799797e-07,2.663250679049715,2.0191188002537933e-07,-1.4463957335155001e-06
4.200840168033607,PASSED,-0.26709475769907465,-3.823551141345902e-08,2.753698864952572e-07,2.6632506792509076,2.0047178554020681e-07,-1.4358936529438568e-06
4.201840368073615,PASSED,-0.26709475773717384,-3.7962209809164615e-08,2.7192274949384565e-07,2.6632506794506603,1.9903408561991197e-07,-1.4389040985288748e-06
4.202840568113623,PASSED,-0.2670947577750011,-3.769182410217532e-08,2.693610119862536e-07,2.6632506796489883,1.9761482484044553e-07,-1.4061652334248033e-06
4.203840768153631,PASSED,-0.2670947578125593,-3.742402697214553e-08,2.6675454205882505e-07,2.663250679845903,1.9621295256276318e-07,-1.399010307187397e-06
4.204840968193639,PASSED,-0.26709475784985154,-3.71597161792957e-08,2.6268162671049625e-07,2.6632506800414237,1.9482551975695573e-07,-1.3797144715541482e-06
4.205841168233647,PASSED,-0.26709475788688075,-3.689824555501487e-08,2.606632893277055e-07,2.6632506802355675,1.9345800858019447e-07,-1.3593756468993184e-06
4.206841368273655,PASSED,-0.26709475792364984,-3.663930637253759e-08,2.577897779103349e-07,2.663250680428347,1.9210014569836366e-07,-1.3568543717851657e-06
4.207841568313663,PASSED,-0.26709475796016163,-3.6383563245136324e-08,2.543786937285568e-07,2.663250680619774,1.9075112570413512e-07,-1.3437970758574483e-06
4.208841768353671,PASSED,-0.26709475799641885,-3.61305024980428e-08,2.521821160035006e-07,2.6632506808098726,1.8943640765783464e-07,-1.2953320265958492e-06
4.209841968393679,PASSED,-0.26709475803242455,-3.588024493961265e-08,2.489745200479216e-07,2.6632506809986474,1.8811971008732915e-07,-1.3309412664452636e-06
4.210842168433687,PASSED,-0.26709475806818134,-3.563279085460603e-08,2.4644046164574426e-07,2.6632506811861187,1.868142084867857e-07,-1.288541823275597e-06
4.211842368473695,PASSED,-0.267094758103692,-3.538799840016234e-08,2.436937829756611e-07,2.6632506813722996,1.8554185745186814e-07,-1.2615571760121801e-06
4.212842568513703,PASSED,-0.26709475813895917,-3.5145787897056983e-08,2.412216498584847e-07,2.6632506815572046,1.8427108210615012e-07,-1.2769207921885487e-06
4.213842768553711,PASSED,-0.26709475817398554,-3.4906362049538806e-08,2.3822864595797742e-07,2.6632506817408443,1.8300447947074603e-07,-1.259723864214432e-06
4.214842968593719,PASSED,-0.26709475820877365,-3.466942317576613e-08,2.360790256491418e-07,2.663250681923239,1.8177504096925857e-07,-1.2092482596694957e-06
4.215843168633727,PASSED,-0.26709475824332624,-3.443514100497154e-08,2.3308426755821987e-07,2.663250682104394,1.8054276894243129e-07,-1.2476212049325007e-06
4.216843368673735,PASSED,-0.2670947582776457,-3.420337117790572e-08,2.308935334042229e-07,2.663250682284331,1.7932193725530786e-07,-1.2029720085840517e-06
4.217843568713743,PASSED,-0.2670947583117346,-3.397401819830812e-08,2.283259437265215e-07,2.6632506824630577,1.7812852378857003e-07,-1.187041105506999e-06
4.218843768753751,PASSED,-0.26709475834559543,-3.374705167662924e-08,2.2606024031378724e-07,2.6632506826405895,1.7693644886032552e-07,-1.1954308100695414e-06
4.219843968793759,PASSED,-0.2670947583792306,-3.3522635303817974e-08,2.2332046114291923e-07,2.663250682816936,1.757527804451443e-07,-1.1758268185890071e-06
4.220844168833767,PASSED,-0.2670947584126423,-3.330044644015555e-08,2.2143446534209357e-07,2.6632506829921128,1.7459485177070217e-07,-1.14599657834419e-06
4.221844368873775,PASSED,-0.26709475844583314,-3.3080667421065994e-08,2.1867538825452964e-07,2.6632506831661322,1.7344534447838172e-07,-1.1518477683046197e-06
4.222844568913783,PASSED,-0.26709475847880526,-3.2863215887200355e-08,2.1663563093971105e-07,2.663250683339001,1.722926346279323e-07,-1.1532845718792874e-06
4.223844768953791,PASSED,-0.26709475851156095,-3.2647743201029985e-08,2.1469738965747331e-07,2.663250683510739,1.7117146334323774e-07,-1.0997624265714166e-06
4.224844968993799,PASSED,-0.2670947585441025,-3.2434769440472764e-08,2.1182467449038593e-07,2.663250683681352,1.7005919377589813e-07,-1.120607661185072e-06
4.225845169033807,PASSED,-0.26709475857643195,-3.2223847349363926e-08,2.1032036885446545e-07,2.6632506838508534,1.6894263890283886e-07,-1.1138530143087376e-06
4.226845369073815,PASSED,-0.2670947586085515,-3.201476783809042e-08,2.0825227288619704e-07,2.6632506840192565,1.6785469554597242e-07,-1.0706702519048876e-06
4.227845569113823,PASSED,-0.26709475864046317,-3.180806634638372e-08,2.0566763758703152e-07,2.6632506841865657,1.6676936698844233e-07,-1.0951007612802282e-06
4.228845769153831,PASSED,-0.2670947586721691,-3.160338434941987e-08,2.0402490321506677e-07,2.6632506843528003,1.6569348868722472e-07,-1.0630633278425298e-06
4.229845969193839,PASSED,-0.26709475870367116,-3.140038003861903e-08,2.023239158580124e-07,2.663250684517963,1.646310647288919e-07,-1.061997711993001e-06
4.230846169233847,PASSED,-0.26709475873497135,-3.1199497731704663e-08,1.9992123428527062e-07,2.66325068468207,1.635792936966504e-07,-1.044953245740531e-06
4.231846369273855,PASSED,-0.2670947587660717,-3.1000794448055734e-08,1.978913165580379e-07,2.663250684845128,1.625360394024483e-07,-1.042121659843098e-06
4.232846569313863,PASSED,-0.26709475879697403,-3.080361607676683e-08,1.9670307444281997e-07,2.663250685007145,1.614971436817897e-07,-1.0367450945355673e-06
4.233846769353871,PASSED,-0.2670947588276801,-3.0607995912034904e-08,1.9489822492466338e-07,2.6632506851681375,1.6048138335397346e-07,-1.0017704833366808e-06
4.234846969393879,PASSED,-0.2670947588581916,-3.041455122568973e-08,1.9247566062551686e-07,2.6632506853281095,1.5946721595484472e-07,-1.0224320096567624e-06
4.235847169433887,PASSED,-0.2670947588885106,-3.022299791057943e-08,1.9093841810015084e-07,2.6632506854870694,1.5845066045564632e-07,-1.0126378255594773e-06
4.236847369473895,PASSED,-0.2670947589186385,-3.003257377147308e-08,1.9008128644381768e-07,2.663250685645029,1.5746055410211658e-07,-9.750853721765694e-07
4.237847569513903,PASSED,-0.26709475894857704,-2.984400864301283e-08,1.8755435647120817e-07,2.663250685801994,1.564735692811224e-07,-9.949177868725737e-07
4.238847769553911,PASSED,-0.26709475897832785,-2.9657294368396225e-08,1.8615422004686707e-07,2.663250685957976,1.5548699432895448e-07,-9.810130623648217e-07
4.239847969593919,PASSED,-0.26709475900789253,-2.947185428310741e-08,1.8496399545011455e-07,2.663250686112984,1.5452244454660427e-07,-9.535742623404582e-07
4.240848169633927,PASSED,-0.26709475903727253,-2.928784626893772e-08,1.833706933160723e-07,2.663250686267021,1.5355612168291737e-07,-9.748219312511802e-07
4.241848369673935,PASSED,-0.26709475906646946,-2.9105583991140524e-08,1.8152333411794468e-07,2.6632506864201,1.525960896161339e-07,-9.501721571383484e-07
4.242848569713943,PASSED,-0.26709475909548464,-2.8924585151989037e-08,1.8064917584051547e-07,2.6632506865722267,1.5165457868549346e-07,-9.357367796418271e-07
4.243848769753951,PASSED,-0.26709475912431957,-2.8744931916017817e-08,1.7898927605836016e-07,2.6632506867234063,1.5070791153175098e-07,-9.539540698095774e-07
4.244848969793959,PASSED,-0.2670947591529756,-2.856676396398387e-08,1.7762040268434134e-07,2.6632506868736483,1.4977031924447064e-07,-9.266844322608214e-07
4.245849169833967,PASSED,-0.26709475918145403,-2.838987394242543e-08,1.7640310080783188e-07,2.6632506870229595,1.4884965645760744e-07,-9.166483565980972e-07
4.246849369873975,PASSED,-0.26709475920975617,-2.8214121391557308e-08,1.7531885090831961e-07,2.6632506871713466,1.4792616768768042e-07,-9.280490454796566e-07
4.247849569913983,PASSED,-0.26709475923788323,-2.803977059159536e-08,1.737054326643652e-07,2.663250687318815,1.4700721139463168e-07,-9.128944580948033e-07
4.248849769953991,PASSED,-0.2670947592658365,-2.786652209874713e-08,1.7294386630414055e-07,2.663250687465373,1.4610527640227346e-07,-8.946286818671655e-07
4.249849969993999,PASSED,-0.2670947592936171,-2.7694421425118294e-08,1.715385451786321e-07,2.6632506876110247,1.452006298539527e-07,-9.11325125956443e-07
4.250850170034007,PASSED,-0.2670947593212261,-2.752345481222454e-08,1.7058532470383422e-07,2.6632506877557782,1.443021441598949e-07,-8.899260727920719e-07
4.251850370074015,PASSED,-0.2670947593486648,-2.735368796904154e-08,1.6922118883577746e-07,2.663250687899637,1.434140922349377e-07,-8.868024930673161e-07
4.252850570114023,PASSED,-0.267094759375934,-2.7184701074318574e-08,1.6883069864776236e-07,2.6632506880426097,1.4253066469487896e-07,-8.811775713863616e-07
4.253850770154031,PASSED,-0.2670947594030349,-2.701683421378204e-08,1.6722430179571482e-07,2.6632506881846987,1.416471504186464e-07,-8.850720794633293e-07
4.254850970194039,PASSED,-0.2670947594299685,-2.685025021827784e-08,1.6615712464319288e-07,2.6632506883259097,1.4077135016679517e-07,-8.696190334431682e-07
4.255851170234047,PASSED,-0.2670947594567357,-2.6684162178762774e-08,1.6604198276297735e-07,2.6632506884662486,1.399051464914105e-07,-8.639267700123698e-07
4.256851370274055,PASSED,-0.26709475948333744,-2.651906448446404e-08,1.6446816865590757e-07,2.663250688605721,1.390407923975903e-07,-8.64638976358718e-07
4.257851570314063,PASSED,-0.26709475950977457,-2.635507378626605e-08,1.6367238455937807e-07,2.6632506887443297,1.3817629920265166e-07,-8.643960073252816e-07
4.258851770354071,PASSED,-0.26709475953604805,-2.6191722322375626e-08,1.6313751677778785e-07,2.663250688882079,1.3732020368553871e-07,-8.505618569713659e-07
4.259851970394079,PASSED,-0.2670947595621586,-2.6029230035667494e-08,1.6206213332836073e-07,2.6632506890189775,1.364747807044346e-07,-8.419970638592295e-07
4.260852170434087,PASSED,-0.26709475958810713,-2.5867692915296052e-08,1.6118711173349766e-07,2.6632506891550243,1.3562195896608528e-07,-8.600381880093883e-07
4.261852370474095,PASSED,-0.2670947596138943,-2.5706575223896824e-08,1.6107141117638406e-07,2.6632506892902263,1.347769307692555e-07,-8.350215360434072e-07
4.262852570514103,PASSED,-0.2670947596395209,-2.554642935286647e-08,1.5952884426632734e-07,2.6632506894245838,1.3393838688258148e-07,-8.408921204277921e-07
4.263852770554111,PASSED,-0.26709475966498764,-2.538695313655374e-08,1.594411310103334e-07,2.6632506895581067,1.331053352812779e-07,-8.278245885540984e-07
4.264852970594119,PASSED,-0.26709475969029517,-2.5227955721335542e-08,1.587016046901108e-07,2.6632506896907913,1.3226718736409295e-07,-8.450301362721951e-07
4.265853170634127,PASSED,-0.2670947597154442,-2.50699534459956e-08,1.5753605577316342e-07,2.6632506898226467,1.314386525086349e-07,-8.175380015819553e-07
4.266853370674135,PASSED,-0.2670947597404353,-2.4912298023458333e-08,1.5773500038000307e-07,2.6632506899536743,1.3061715061003694e-07,-8.241444966086333e-07
4.267853570714143,PASSED,-0.26709475976526914,-2.475519556083438e-08,1.5668077078658604e-07,2.663250690083875,1.297865506794149e-07,-8.349035532976809e-07
4.268853770754151,PASSED,-0.2670947597899463,-2.4598924070807302e-08,1.559986361874017e-07,2.6632506902132578,1.2897171873870866e-07,-8.014508656452648e-07
4.269853970794159,PASSED,-0.2670947598144673,-2.4442986588663104e-08,1.5589671278206343e-07,2.66325069034182,1.2815725259838758e-07,-8.231429901049561e-07
4.270854170834167,PASSED,-0.26709475983883263,-2.4287562862139487e-08,1.551084023513228e-07,2.6632506904695674,1.2733750557191715e-07,-8.174830507140827e-07
4.271854370874175,PASSED,-0.26709475986304293,-2.413284306204712e-08,1.5446073191972944e-07,2.6632506905964988,1.265233716149797e-07,-8.119012277530281e-07
4.272854570914183,PASSED,-0.26709475988709863,-2.3978439013524273e-08,1.5436625959159577e-07,2.663250690722623,1.2572220229172218e-07,-7.940147202605108e-07
4.273854770954191,PASSED,-0.2670947599110002,-2.3824514043744574e-08,1.5363077657177259e-07,2.6632506908479385,1.2491332659410612e-07,-8.187830158530677e-07
4.274854970994199,PASSED,-0.26709475993474807,-2.3671188166852085e-08,1.531226104396369e-07,2.663250690972447,1.241012136438916e-07,-8.0766623978885e-07
4.275855171034207,PASSED,-0.2670947599583427,-2.35180798451469e-08,1.530987958822133e-07,2.6632506910961538,1.2330772957661983e-07,-7.84029285593669e-07
4.276855371074215,PASSED,-0.2670947599817845,-2.336537055692542e-08,1.5244961644765705e-07,2.6632506912190568,1.2250473577680215e-07,-8.156368093003645e-07
4.277855571114223,PASSED,-0.26709476000507393,-2.3213406426892622e-08,1.516404724228931e-07,2.6632506913411618,1.2170130872710268e-07,-7.952872099655595e-07
4.278855771154231,PASSED,-0.2670947600282113,-2.3061418068721617e-08,1.5222028200307625e-07,2.663250691462472,1.2091584479287034e-07,-7.7891508374353e-07
4.279855971194239,PASSED,-0.26709476005119714,-2.2909925251671985e-08,1.5100784041400456e-07,2.663250691582985,1.2011779872609716e-07,-8.10800055459582e-07
4.280856171234247,PASSED,-0.26709476007403166,-2.27589954254587e-08,1.508778167461347e-07,2.663250691702706,1.1931968327038496e-07,-7.896590558806125e-07
4.281856371274255,PASSED,-0.26709476009671523,-2.2608099191138862e-08,1.509085127023035e-07,2.663250691821635,1.1853627018873905e-07,-7.792490988227554e-07
4.282856571314263,PASSED,-0.2670947601192482,-2.2457697699737393e-08,1.500634772009109e-07,2.6632506919397727,1.1774339909301109e-07,-8.019524269981015e-07
4.283856771354271,PASSED,-0.2670947601416309,-2.2307744776280942e-08,1.498792209601464e-07,2.6632506920571237,1.1695378410557157e-07,-7.813900277337901e-07
4.284856971394279,PASSED,-0.26709476016386374,-2.215781051457612e-08,1.4997095553460562e-07,2.6632506921736914,1.1617895488822137e-07,-7.704553437611499e-07
4.285857171434287,PASSED,-0.26709476018594686,-2.2008223282058027e-08,1.4933141717375047e-07,2.6632506922894725,1.1538952468654343e-07,-8.020801069558054e-07
4.286857371474295,PASSED,-0.2670947602078807,-2.185931221310004e-08,1.4863083681414606e-07,2.66325069240447,1.14600908835178e-07,-7.796396809718496e-07
4.287857571514303,PASSED,-0.26709476022966544,-2.1710348649694992e-08,1.4918538113231721e-07,2.6632506925186856,1.1382850779970696e-07,-7.675752718038294e-07
4.288857771554311,PASSED,-0.2670947602513015,-2.1561612797155356e-08,1.4843616681117874e-07,2.663250692632123,1.1305030729273938e-07,-7.852839970767592e-07
4.289857971594319,PASSED,-0.2670947602727891,-2.1413535934968592e-08,1.4783732577048488e-07,2.663250692744781,1.1226529578731918e-07,-7.848298443158125e-07
4.290858171634327,PASSED,-0.26709476029412854,-2.126543581124081e-08,1.4827532236597766e-07,2.6632506928566624,1.1149256062902212e-07,-7.646720342845627e-07
4.291858371674335,PASSED,-0.26709476031532,-2.1117350044723358e-08,1.4795939595177083e-07,2.6632506929677686,1.1072216691643043e-07,-7.742081647964463e-07
4.292858571714343,PASSED,-0.2670947603363638,-2.0970157700584205e-08,1.4668097626407193e-07,2.663250693078101,1.0994363250213042e-07,-7.814185806357239e-07
4.293858771754351,PASSED,-0.2670947603572604,-2.082307763123309e-08,1.4734613140914288e-07,2.6632506931876616,1.0917455944206325e-07,-7.608427130214437e-07
4.294858971794359,PASSED,-0.2670947603780097,-2.067569297177196e-08,1.474103448291258e-07,2.663250693296449,1.0840329287264678e-07,-7.782158070131517e-07
4.295859171834367,PASSED,-0.2670947603986123,-2.0529166151371638e-08,1.459378041144488e-07,2.6632506934044677,1.0763191230711618e-07,-7.668237378755724e-07
4.296859371874375,PASSED,-0.2670947604190684,-2.0382956280702692e-08,1.463912483719436e-07,2.6632506935117175,1.0686636633853885e-07,-7.646941223785114e-07
4.297859571914383,PASSED,-0.267094760439378,-2.0236376958812187e-08,1.4670470423621586e-07,2.6632506936182017,1.0610148990857516e-07,-7.649979683538067e-07
4.298859771954391,PASSED,-0.2670947604595418,-2.0090767007331467e-08,1.4488011631039131e-07,2.6632506937239184,1.0533347190517117e-07,-7.700313601041333e-07
4.299859971994399,PASSED,-0.2670947604795597,-1.9945265863958938e-08,1.459151614139529e-07,2.663250693828871,1.0456963189167428e-07,-7.59712449092065e-07
4.300860172034407,PASSED,-0.2670947604994322,-1.9799584722912678e-08,1.4552512746779931e-07,2.6632506939330614,1.0381098419645734e-07,-7.579378593001806e-07
4.301860372074415,PASSED,-0.26709476051915954,-1.9654815935331526e-08,1.442645609900574e-07,2.6632506940364937,1.0305270143965116e-07,-7.585126884768476e-07
4.302860572114423,PASSED,-0.2670947605387419,-1.9510047627761904e-08,1.4510413862266257e-07,2.6632506941391623,1.022871712021066e-07,-7.702086035897222e-07
4.303860772154431,PASSED,-0.2670947605581797,-1.9365405059854023e-08,1.4433485409802697e-07,2.6632506942410723,1.0152886657270006e-07,-7.503686466177353e-07
4.304860972194439,PASSED,-0.2670947605774732,-1.9221555605691872e-08,1.4352585420489858e-07,2.6632506943422265,1.0077940041327702e-07,-7.488645012932238e-07
4.305861172234447,PASSED,-0.26709476059662274,-1.9077553958801072e-08,1.4431884201473021e-07,2.663250694442628,1.0002473633274045e-07,-7.585304666988063e-07
4.306861372274455,PASSED,-0.2670947606156286,-1.8933845273593683e-08,1.4330191400249737e-07,2.6632506945422736,9.926666809981257e-08,-7.57760077080593e-07
4.307861572314463,PASSED,-0.267094760634491,-1.879084794339836e-08,1.4279427432387688e-07,2.6632506946411696,9.852057538494292e-08,-7.383144733956915e-07
4.308861772354471,PASSED,-0.26709476065321036,-1.864795383725287e-08,1.4296066069323214e-07,2.663250694739312,9.776846695074962e-08,-7.613044080583729e-07
4.309861972394479,PASSED,-0.2670947606717871,-1.850533445747633e-08,1.4239185916541747e-07,2.66325069483671,9.70225752914083e-08,-7.356164935299487e-07
4.310862172434487,PASSED,-0.2670947606902214,-1.836323409304213e-08,1.4190603461339137e-07,2.6632506949333616,9.628303756859505e-08,-7.421518756687917e-07
4.311862372474495,PASSED,-0.26709476070851373,-1.822134839066024e-08,1.4187214756088575e-07,2.663250695029268,9.55324972813253e-08,-7.561325616703675e-07
4.312862572514503,PASSED,-0.2670947607266645,-1.8079973133957174e-08,1.4104399613119062e-07,2.6632506951244324,9.479145390473235e-08,-7.309839198746926e-07
4.313862772554511,PASSED,-0.2670947607446739,-1.7938906724809963e-08,1.4108135115788956e-07,2.6632506952188524,9.405129803852893e-08,-7.462704970892398e-07
4.314862972594519,PASSED,-0.2670947607625425,-1.779819362545357e-08,1.404675981553981e-07,2.663250695312537,9.331484305940332e-08,-7.299113004831802e-07
4.315863172634527,PASSED,-0.26709476078027067,-1.765798257033071e-08,1.4004002643450441e-07,2.6632506954054844,9.258120544359759e-08,-7.361218260207767e-07
4.316863372674535,PASSED,-0.2670947607978587,-1.7518075300424192e-08,1.3981876555452122e-07,2.663250695497699,9.184811722872377e-08,-7.310658074425026e-07
4.317863572714543,PASSED,-0.26709476081530714,-1.737868622215801e-08,1.3910262007395534e-07,2.6632506955891815,9.111676890917233e-08,-7.315366609574107e-07
4.318863772754551,PASSED,-0.2670947608326164,-1.7239731008590848e-08,1.3885694256263246e-07,2.6632506956799316,9.03842528298052e-08,-7.331690249736249e-07
4.319863972794559,PASSED,-0.2670947608497869,-1.7101215570057413e-08,1.3828776918063773e-07,2.663250695769956,8.966148374143706e-08,-7.158357972978243e-07
4.320864172834567,PASSED,-0.26709476086681916,-1.6963265183072562e-08,1.3772546552099566e-07,2.663250695859256,8.89399317609189e-08,-7.253627693317292e-07
4.321864372874575,PASSED,-0.26709476088371364,-1.682563897617604e-08,1.3756003448020816e-07,2.663250695947833,8.821340500290948e-08,-7.2730275046123e-07
4.322864572914583,PASSED,-0.2670947609004708,-1.6688556971486676e-08,1.3676331816213405e-07,2.663250696035689,8.749643883393547e-08,-7.100751146491846e-07
4.323864772954591,PASSED,-0.2670947609170912,-1.6552139368469787e-08,1.3618712625339328e-07,2.6632506961228284,8.678352857774446e-08,-7.148003505522257e-07
4.3248649729945985,PASSED,-0.2670947609335753,-1.64159934708656e-08,1.361184118380535e-07,2.663250696209254,8.606773297000295e-08,-7.164591125343787e-07
4.3258651730346065,PASSED,-0.26709476094992374,-1.628063231618852e-08,1.3485631656976747e-07,2.66325069629497,8.53610056561688e-08,-7.002394480339956e-07
4.3268653730746145,PASSED,-0.26709476096613693,-1.6145761364942843e-08,1.3488070769627818e-07,2.663250696379973,8.464930378033698e-08,-7.193434943636892e-07
4.3278655731146225,PASSED,-0.2670947609822155,-1.6011298747956677e-08,1.3418388984609332e-07,2.663250696464275,8.394834943228664e-08,-6.886949171747698e-07
4.3288657731546305,PASSED,-0.26709476099816015,-1.5877775356027723e-08,1.3308305998419207e-07,2.66325069654787,8.32463189092004e-08,-7.109209270272229e-07
4.3298659731946385,PASSED,-0.26709476101397134,-1.5744584126338712e-08,1.332633428255585e-07,2.6632506966307674,8.254519733811687e-08,-6.945886671211009e-07
4.3308661732346465,PASSED,-0.2670947610296497,-1.561194372937153e-08,1.322250997282681e-07,2.663250696712969,8.185618780028683e-08,-6.852901183026662e-07
4.3318663732746545,PASSED,-0.2670947610451959,-1.5480272924848062e-08,1.3130127438693456e-07,2.663250696794477,8.11618731332775e-08,-7.003310328137832e-07
4.3328665733146625,PASSED,-0.26709476106061053,-1.5348987478768902e-08,1.3127489387397542e-07,2.663250696875296,8.047257041640534e-08,-6.819505062444115e-07
4.3338667733546705,PASSED,-0.2670947610758943,-1.5218386640796943e-08,1.301514673706155e-07,2.6632506969554273,7.979060730378536e-08,-6.819715168703628e-07
4.3348669733946785,PASSED,-0.2670947610910479,-1.5088746828636003e-08,1.292987086878214e-07,2.663250697034877,7.910955152696607e-08,-6.804452834519025e-07
4.3358671734346865,PASSED,-0.267094761106072,-1.495941779415438e-08,1.2934925167748968e-07,2.6632506971136483,7.843151923309457e-08,-6.764236341512295e-07
4.3368673734746945,PASSED,-0.2670947611209673,-1.4830906935570206e-08,1.2795192985529616e-07,2.6632506971917422,7.775673539748873e-08,-6.736906365755679e-07
4.3378675735147025,PASSED,-0.2670947611357345,-1.4703389191888911e-08,1.2722828623196303e-07,2.6632506972691665,7.708935215082373e-08,-6.631783200579483e-07
4.3388677735547105,PASSED,-0.2670947611503744,-1.4576260837798426e-08,1.270617326628339e-07,2.6632506973459233,7.642476935123105e-08,-6.655191192825194e-07
4.3398679735947185,PASSED,-0.2670947611648877,-1.444994646040472e-08,1.2581614054762117e-07,2.663250697422015,7.575844568659479e-08,-6.668600282054096e-07
4.3408681736347265,PASSED,-0.26709476117927516,-1.4324776623440342e-08,1.2473896790888316e-07,2.6632506974974497,7.51055069759043e-08,-6.436578323472204e-07
4.3418683736747345,PASSED,-0.2670947611935376,-1.4200086296406741e-08,1.2465789978341101e-07,2.6632506975722268,7.44515400375038e-08,-6.60839675769372e-07
4.3428685737147426,PASSED,-0.2670947612076758,-1.4076110913009267e-08,1.2352037247351679e-07,2.6632506976463532,7.379849077859675e-08,-6.478556476654848e-07
4.343868773754751,PASSED,-0.26709476122169057,-1.3953193581927524e-08,1.2251530348722491e-07,2.66325069771983,7.315389339415571e-08,-6.424252089580791e-07
4.344868973794759,PASSED,-0.26709476123558273,-1.3830998387833162e-08,1.21981787832454e-07,2.6632506977926664,7.251684108711397e-08,-6.334703724308473e-07
4.345869173834767,PASSED,-0.26709476124935316,-1.3709608247114933e-08,1.2099570930874625e-07,2.6632506978648656,7.188185827285502e-08,-6.359911088110012e-07
4.346869373874775,PASSED,-0.26709476126300263,-1.3589236436210215e-08,1.1995587863536643e-07,2.663250697936428,7.124382331499955e-08,-6.393975238851009e-07
4.347869573914783,PASSED,-0.26709476127653214,-1.3469668348690077e-08,1.1930956010998407e-07,2.663250698007363,7.062043265568533e-08,-6.127194162669731e-07
4.348869773954791,PASSED,-0.2670947612899425,-1.3350846419256595e-08,1.1849684231581362e-07,2.6632506980776727,7.000121384471063e-08,-6.235517407798507e-07
4.349869973994799,PASSED,-0.26709476130323456,-1.3233081609575982e-08,1.1727678792381267e-07,2.6632506981473627,6.937850446841123e-08,-6.221477999791068e-07
4.350870174034807,PASSED,-0.2670947613164093,-1.3116224771545105e-08,1.1657687143558695e-07,2.6632506982164386,6.876894914466572e-08,-6.011603395897811e-07
4.351870374074815,PASSED,-0.2670947613294676,-1.3000175419045837e-08,1.1569767320838873e-07,2.6632506982849016,6.815946665775684e-08,-6.150305851216131e-07
4.352870574114823,PASSED,-0.2670947613424104,-1.288520061396361e-08,1.1449289299811956e-07,2.6632506983527593,6.755358215973202e-08,-5.997871066269659e-07
4.353870774154831,PASSED,-0.26709476135523863,-1.2771142500375072e-08,1.13768260648817e-07,2.663250698420017,6.696019715245261e-08,-5.891169410477124e-07
4.354870974194839,PASSED,-0.2670947613679533,-1.2657998291410255e-08,1.1272817450881796e-07,2.6632506984866806,6.636801783186241e-08,-5.942209069518752e-07
4.355871174234847,PASSED,-0.26709476138055527,-1.2545789081553498e-08,1.1186323342205002e-07,2.6632506985527518,6.577410271032823e-08,-5.937112645890571e-07
4.356871374274855,PASSED,-0.2670947613930456,-1.2434597489172728e-08,1.1074383168658398e-07,2.6632506986182376,6.519290537455575e-08,-5.728547165614278e-07
4.357871574314863,PASSED,-0.2670947614054253,-1.2324573172137714e-08,1.0954464060063217e-07,2.6632506986831452,6.462225192511322e-08,-5.691859380299366e-07
4.358871774354871,PASSED,-0.26709476141769534,-1.2215281467793457e-08,1.091230801733386e-07,2.663250698747475,6.404199629637055e-08,-5.876354225511483e-07
4.359871974394879,PASSED,-0.26709476142985666,-1.210712176728214e-08,1.0751744740330495e-07,2.6632506988112388,6.347698479260334e-08,-5.499288912445978e-07
4.360872174434887,PASSED,-0.26709476144191036,-1.2000065967836344e-08,1.0674803414078784e-07,2.663250698874433,6.291622831770505e-08,-5.679748640007453e-07
4.361872374474895,PASSED,-0.26709476145385747,-1.1893862691968475e-08,1.0584010368592453e-07,2.6632506989370714,6.235751849326802e-08,-5.52533131394558e-07
4.362872574514903,PASSED,-0.2670947614656989,-1.1788687677831613e-08,1.047316211041522e-07,2.6632506989991573,6.181140653240457e-08,-5.418311805093781e-07
4.363872774554911,PASSED,-0.26709476147743577,-1.1684796538075208e-08,1.0333081885790823e-07,2.6632506990606926,6.126173774193456e-08,-5.548938637770829e-07
4.364872974594919,PASSED,-0.2670947614890692,-1.1581815179673743e-08,1.027483847638339e-07,2.6632506991216855,6.071975409970354e-08,-5.333768278669855e-07
4.365873174634927,PASSED,-0.26709476150060013,-1.1479792004636057e-08,1.0153970188692379e-07,2.6632506991821416,6.019057519490161e-08,-5.263802894252119e-07
4.366873374674935,PASSED,-0.26709476151202965,-1.1378926622037088e-08,1.0041583640700001e-07,2.6632506992420653,5.965898394700009e-08,-5.350652202190698e-07
4.367873574714943,PASSED,-0.26709476152335887,-1.1279158029885813e-08,9.933709598079255e-08,2.663250699301466,5.9137787356110854e-08,-5.119508380026769e-07
4.368873774754951,PASSED,-0.2670947615345888,-1.118041483658454e-08,9.834725818159274e-08,2.6632506993603426,5.861773385102017e-08,-5.254552831493573e-07
4.369873974794959,PASSED,-0.26709476154572054,-1.1082885349818574e-08,9.698430582221545e-08,2.6632506994187057,5.810427628176978e-08,-5.054590933177327e-07
4.370874174834967,PASSED,-0.26709476155675516,-1.0986186719666333e-08,9.650817970559083e-08,2.6632506994765603,5.760355395326267e-08,-4.97564485300042e-07
4.371874374874975,PASSED,-0.26709476156769374,-1.0890643994676155e-08,9.489908851323836e-08,2.6632506995339105,5.7098823551551645e-08,-5.095076793183432e-07
4.372874574914983,PASSED,-0.26709476157853734,-1.0796448135636069e-08,9.372703939131654e-08,2.663250699590762,5.6600717530836055e-08,-4.905049149804146e-07
4.373874774954991,PASSED,-0.26709476158928713,-1.0703044795232324e-08,9.318754107869715e-08,2.6632506996471257,5.6123449310204945e-08,-4.6844375773157913e-07
4.374874974994999,PASSED,-0.2670947615999441,-1.0610661088103953e-08,9.184781782815429e-08,2.6632506997029988,5.563118176532742e-08,-5.081500696414917e-07
4.375875175035007,PASSED,-0.26709476161050943,-1.0519606561061572e-08,9.052566651853219e-08,2.6632506997583905,5.5145505954165e-08,-4.7069297217636276e-07
4.376875375075015,PASSED,-0.26709476162098417,-1.0429664646512775e-08,8.9552746568976e-08,2.6632506998133096,5.468783795387643e-08,-4.489846856967089e-07
4.377875575115023,PASSED,-0.2670947616313693,-1.0340506877966099e-08,8.889444986514302e-08,2.6632506998677594,5.421864363193779e-08,-4.826674127665915e-07
4.378875775155031,PASSED,-0.2670947616416662,-1.0252805436648723e-08,8.690610228552883e-08,2.663250699921745,5.374795033652103e-08,-4.627105505168757e-07
4.379875975195039,PASSED,-0.2670947616518756,-1.0166081069914506e-08,8.660320970001071e-08,2.6632506999752747,5.330456859215813e-08,-4.3049587359358836e-07
4.380876175235047,PASSED,-0.26709476166199886,-1.00801392881862e-08,8.550082974716831e-08,2.663250700028347,5.284909948855886e-08,-4.72117923603058e-07
4.381876375275055,PASSED,-0.26709476167203694,-9.995646929281498e-09,8.382004500972584e-08,2.6632507000809773,5.2403061893328915e-08,-4.286507096478677e-07
4.382876575315063,PASSED,-0.26709476168199103,-9.912273814335369e-09,8.307516157039843e-08,2.6632507001331662,5.1974517853012803e-08,-4.2847292742828003e-07
4.383876775355071,PASSED,-0.2670947616918621,-9.829635105981188e-09,8.234773954336901e-08,2.6632507001849195,5.153577978022553e-08,-4.455815030266016e-07
4.384876975395079,PASSED,-0.2670947617016512,-9.748314021072103e-09,8.06366484862272e-08,2.663250700236243,5.110595689314318e-08,-4.193171431195142e-07
4.385877175435087,PASSED,-0.26709476171135954,-9.668234817728528e-09,7.970757324847266e-08,2.663250700287145,5.069532328010913e-08,-4.0484459297707913e-07
4.386877375475095,PASSED,-0.2670947617209881,-9.588875886222715e-09,7.912650367737164e-08,2.6632507003376245,5.0270769103787764e-08,-4.376938985508946e-07
4.387877575515103,PASSED,-0.26709476173053803,-9.510674615310108e-09,7.758444906943226e-08,2.6632507003876977,4.986487850487871e-08,-3.846883991478257e-07
4.388877775555111,PASSED,-0.26709476174001034,-9.433680007538592e-09,7.660138023956871e-08,2.6632507004373585,4.946216977671308e-08,-4.1472228084417067e-07
4.389877975595119,PASSED,-0.26709476174940605,-9.35764394472799e-09,7.565918452462518e-08,2.663250700486622,4.906084387097544e-08,-3.9239498899995243e-07
4.390878175635127,PASSED,-0.2670947617587262,-9.282568645256961e-09,7.468604276863297e-08,2.663250700535487,4.866915677844985e-08,-3.912151615426887e-07
4.391878375675135,PASSED,-0.267094761767972,-9.208684539301623e-09,7.334948141314039e-08,2.6632507005839607,4.827824449316126e-08,-3.907103677858594e-07
4.392878575715143,PASSED,-0.2670947617771443,-9.13579064186859e-09,7.259017477962745e-08,2.6632507006320507,4.7898400497877e-08,-3.725997469498618e-07
4.393878775755151,PASSED,-0.2670947617862442,-9.063710496386377e-09,7.174012595060437e-08,2.6632507006797623,4.7525104167866753e-08,-3.737607187171693e-07
4.394878975795159,PASSED,-0.26709476179527264,-8.992876647667176e-09,7.022966389826491e-08,2.663250700727097,4.714573619794379e-08,-3.8310613739349525e-07
4.395879175835167,PASSED,-0.26709476180423075,-8.923172063315212e-09,6.935453132109713e-08,2.6632507007740642,4.678214052780865e-08,-3.5058869196291016e-07
4.396879375875175,PASSED,-0.2670947618131195,-8.85414023775211e-09,6.881668839110435e-08,2.663250700820669,4.642884275805962e-08,-3.551038216064386e-07
4.397879575915183,PASSED,-0.26709476182193975,-8.786172133954324e-09,6.740238073557594e-08,2.6632507008669104,4.6059279100433115e-08,-3.792035483065462e-07
4.398879775955191,PASSED,-0.26709476183069275,-8.719508862229382e-09,6.61705323845192e-08,2.663250700912802,4.5712762267779564e-08,-3.24725688884892e-07
4.399879975995199,PASSED,-0.26709476183937925,-8.653383757928437e-09,6.609481891189652e-08,2.663250700958346,4.5378004813103936e-08,-3.414452985361156e-07
4.400880176035207,PASSED,-0.2670947618480003,-8.588288652198404e-09,6.442863027545977e-08,2.663250701003547,4.5026837736319965e-08,-3.576482622825375e-07
4.401880376075215,PASSED,-0.26709476185655673,-8.524353212270828e-09,6.360664636231922e-08,2.6632507010484083,4.468966190472395e-08,-3.235275444716707e-07
4.402880576115223,PASSED,-0.26709476186504966,-8.461370007019611e-09,6.256757784381558e-08,2.6632507010929363,4.436622195840048e-08,-3.233815475580093e-07
4.403880776155231,PASSED,-0.2670947618734799,-8.399142531763951e-09,6.20007401968898e-08,2.6632507011371356,4.40349375063212e-08,-3.3655305509346177e-07
4.404880976195239,PASSED,-0.26709476188184844,-8.337675374076304e-09,6.1111436014816e-08,2.6632507011810107,4.371087446025477e-08,-3.157363733817401e-07
4.405881176235247,PASSED,-0.26709476189015613,-8.277362355751813e-09,5.978073986427318e-08,2.6632507012245674,4.3400323186117397e-08,-3.070945413077823e-07
4.406881376275255,PASSED,-0.26709476189840387,-8.217990609511775e-09,5.9099083823882315e-08,2.6632507012678106,4.3087470440337375e-08,-3.1669154876152483e-07
4.407881576315263,PASSED,-0.2670947619065925,-8.159214137567537e-09,5.856139735780895e-08,2.6632507013107416,4.2773863574705895e-08,-3.1155041021144823e-07
4.408881776355271,PASSED,-0.267094761914723,-8.101513601951126e-09,5.7126627788811935e-08,2.66325070135337,4.2477836784668445e-08,-2.856777099214525e-07
4.409881976395279,PASSED,-0.2670947619227961,-8.044537366337835e-09,5.6875974162942945e-08,2.6632507013956968,4.2179545911127846e-08,-3.0669964928669816e-07
4.410882176435287,PASSED,-0.2670947619308126,-7.988285247622186e-09,5.583621508412224e-08,2.663250701437726,4.1876978567105166e-08,-2.99812473846671e-07
4.411882376475295,PASSED,-0.2670947619387735,-7.933250913473753e-09,5.4499746857973804e-08,2.663250701479466,4.1597064772236344e-08,-2.666480088835865e-07
4.412882576515303,PASSED,-0.26709476194667947,-7.878647445049041e-09,5.4672616135871343e-08,2.663250701520917,4.131197654505632e-08,-2.973817060443085e-07
4.413882776555311,PASSED,-0.2670947619545313,-7.82474626524231e-09,5.3386888920636005e-08,2.663250701562082,4.10171015683082e-08,-2.932038238839979e-07
4.414882976595319,PASSED,-0.26709476196232984,-7.772109447515031e-09,5.2136770265039155e-08,2.663250701602972,4.0752729495075733e-08,-2.4515090613144284e-07
4.415883176635327,PASSED,-0.26709476197007576,-7.719796664754964e-09,5.243012442341914e-08,2.663250701643582,4.047817599574768e-08,-2.9415522812579136e-07
4.416883376675335,PASSED,-0.26709476197776993,-7.66826649249136e-09,5.093020415705922e-08,2.6632507016839226,4.019804907770895e-08,-2.707747113140158e-07
4.417883576715343,PASSED,-0.267094761985413,-7.617656092373483e-09,5.0397197425088895e-08,2.663250701723994,3.9940023614222166e-08,-2.495259649352961e-07
4.418883776755351,PASSED,-0.26709476199300564,-7.567594704271344e-09,4.9837515220172596e-08,2.6632507017638027,3.968051113715203e-08,-2.661701518266947e-07
4.419883976795359,PASSED,-0.26709476200054866,-7.518263632287532e-09,4.8993443159570836e-08,2.6632507018033507,3.941426049846592e-08,-2.663042965923836e-07
4.420884176835367,PASSED,-0.26709476200804266,-7.46964172132113e-09,4.837422283762615e-08,2.6632507018426415,3.9162002936663364e-08,-2.428930719426792e-07
4.421884376875375,PASSED,-0.2670947620154883,-7.4215586214046195e-09,4.788901796909926e-08,2.6632507018816787,3.8913694295071645e-08,-2.5191902135774616e-07
4.422884576915383,PASSED,-0.2670947620228863,-7.374202817548955e-09,4.700032778004123e-08,2.663250701920466,3.866034655114921e-08,-2.543002256322236e-07
4.423884776955391,PASSED,-0.2670947620302373,-7.327655361421576e-09,4.624554169227051e-08,2.6632507019590075,3.8418945556889475e-08,-2.328015066780837e-07
4.424884976995399,PASSED,-0.2670947620375418,-7.281386031967612e-09,4.628518796176017e-08,2.6632507019973053,3.817899235637798e-08,-2.447209964004399e-07
4.425885177035407,PASSED,-0.26709476204480054,-7.235807712023615e-09,4.510707459882294e-08,2.663250702035362,3.793458005455882e-08,-2.442065054316331e-07
4.426885377075415,PASSED,-0.267094762052014,-7.190949045233977e-09,4.4693061583514146e-08,2.663250702073181,3.770053137867363e-08,-2.272767895208967e-07
4.427885577115423,PASSED,-0.2670947620591828,-7.146541240825391e-09,4.421763295863362e-08,2.6632507021107674,3.7472476872752136e-08,-2.2857298352189057e-07
4.428885777155431,PASSED,-0.26709476206630756,-7.102822676621926e-09,4.338585170001957e-08,2.663250702148122,3.723783149508993e-08,-2.386936404224186e-07
4.429885977195439,PASSED,-0.26709476207338867,-7.059406948884848e-09,4.343564509511685e-08,2.663250702185247,3.7008711912052905e-08,-2.2273687811342573e-07
4.430886177235447,PASSED,-0.26709476208042676,-7.016523139238645e-09,4.251591934692605e-08,2.6632507022221477,3.6791254842620835e-08,-2.1393719697783407e-07
4.431886377275455,PASSED,-0.2670947620874223,-6.974469046519474e-09,4.174620830066833e-08,2.663250702258825,3.6566738957096734e-08,-2.315683445549437e-07
4.432886577315463,PASSED,-0.26709476209437577,-6.9325189534177106e-09,4.2086016302493414e-08,2.6632507022952816,3.6343932366803875e-08,-2.1696542078481096e-07
4.433886777355471,PASSED,-0.2670947621012876,-6.89096454502154e-09,4.120000312528903e-08,2.6632507023315193,3.6130823527222517e-08,-2.1053778544571804e-07
4.434886977395479,PASSED,-0.2670947621081583,-6.850233092142033e-09,4.041908604898548e-08,2.6632507023675442,3.591927884793313e-08,-2.1221594185182604e-07
4.435887177435487,PASSED,-0.2670947621149883,-6.809738515131152e-09,4.0544904318810806e-08,2.6632507024033525,3.5699953233499796e-08,-2.2406539615434462e-07
4.436887377475495,PASSED,-0.267094762121778,-6.76959115578179e-09,3.9882329369730307e-08,2.663250702438949,3.5488594094199584e-08,-2.0288830139745882e-07
4.437887577515503,PASSED,-0.26709476212852784,-6.729972167786018e-09,3.944342707979989e-08,2.663250702474342,3.529480501004102e-08,-1.877229393326305e-07
4.438887777555511,PASSED,-0.26709476213523814,-6.690626232421401e-09,3.928094088782637e-08,2.6632507025095213,3.507506640212424e-08,-2.410823869728786e-07
4.439887977595519,PASSED,-0.26709476214190936,-6.6516236709302955e-09,3.88169752266256e-08,2.6632507025444982,3.486710419617975e-08,-1.8588208525889984e-07
4.440888177635527,PASSED,-0.26709476214854183,-6.613171570912398e-09,3.8208849878744785e-08,2.663250702579273,3.4682521214085436e-08,-1.8371691331792135e-07
4.441888377675535,PASSED,-0.2670947621551359,-6.574927157603077e-09,3.8268122263038897e-08,2.6632507026138437,3.446853251413732e-08,-2.3416989103491013e-07
4.442888577715543,PASSED,-0.2670947621616918,-6.53683728071616e-09,3.797104663616885e-08,2.663250702648216,3.426590248181886e-08,-1.8160345984082288e-07
4.443888777755551,PASSED,-0.26709476216820993,-6.499339885812953e-09,3.7181627081233416e-08,2.6632507026823897,3.408225064756799e-08,-1.850174171909052e-07
4.444888977795559,PASSED,-0.26709476217469064,-6.462027498035781e-09,3.739956157446605e-08,2.6632507027163688,3.388151663568474e-08,-2.1121174167815497e-07
4.445889177835567,PASSED,-0.2670947621811341,-6.424818795560772e-09,3.708146307536974e-08,2.663250702750153,3.36825844735337e-08,-1.9074577579961992e-07
4.446889377875575,PASSED,-0.2670947621875406,-6.388077730413497e-09,3.6514133195212115e-08,2.663250702783742,3.34952372472918e-08,-1.850815265367565e-07
4.447889577915583,PASSED,-0.2670947621939105,-6.351680480230827e-09,3.63193281743076e-08,2.6632507028171375,3.329931359128339e-08,-2.0315174232284783e-07
4.448889777955591,PASSED,-0.26709476220024386,-6.315123079398591e-09,3.67161159375213e-08,2.663250702850343,3.3108338638040706e-08,-1.8285709385591544e-07
4.449889977995599,PASSED,-0.26709476220654105,-6.2790300975791e-09,3.5677559074139165e-08,2.6632507028833587,3.29240983985164e-08,-1.851623366365691e-07
4.450890178035607,PASSED,-0.26709476221280226,-6.243381752423371e-09,3.562886921012075e-08,2.6632507029161854,3.2732510042742734e-08,-1.9587236853173026e-07
4.451890378075615,PASSED,-0.2670947622190276,-6.207425997801032e-09,3.617367823048523e-08,2.6632507029488277,3.254793104728001e-08,-1.7705008008338315e-07
4.452890578115623,PASSED,-0.26709476222521733,-6.171850064339454e-09,3.517743694897321e-08,2.663250702981278,3.2358162103966925e-08,-1.9824818546622022e-07
4.453890778155631,PASSED,-0.2670947622313716,-6.136707899316093e-09,3.5118650406285665e-08,2.6632507030135444,3.217100397335858e-08,-1.7976476070308724e-07
4.454890978195639,PASSED,-0.26709476223749057,-6.10138479894438e-09,3.5459400348665597e-08,2.6632507030456267,3.199242938380554e-08,-1.7778114211968767e-07
4.455891178235647,PASSED,-0.2670947622435745,-6.0662262794247364e-09,3.495793230029495e-08,2.6632507030775243,3.1805403243026893e-08,-1.9318947321795248e-07
4.456891378275655,PASSED,-0.26709476224962325,-6.031304213197166e-09,3.489815551241997e-08,2.6632507031092385,3.162031385097375e-08,-1.7968933794326216e-07
4.457891578315663,PASSED,-0.2670947622556372,-5.996565348287831e-09,3.463267117394621e-08,2.6632507031407697,3.1440918338553415e-08,-1.791996287383979e-07
4.458891778355671,PASSED,-0.2670947622616164,-5.961775538923475e-09,3.489456815796083e-08,2.6632507031721167,3.125464200775423e-08,-1.9099413217304393e-07
4.459891978395679,PASSED,-0.2670947622675609,-5.927120295933489e-09,3.44956928780021e-08,2.663250703203285,3.1077533959892585e-08,-1.6785065832071856e-07
4.460892178435687,PASSED,-0.2670947622734708,-5.892652108817911e-09,3.444984994063019e-08,2.66325070323427,3.089718424181366e-08,-1.8868242458440527e-07
4.461892378475695,PASSED,-0.26709476227934625,-5.858236680660801e-09,3.439248030143008e-08,2.663250703265076,3.071312415493854e-08,-1.8097852840227226e-07
4.462892578515703,PASSED,-0.2670947622851872,-5.8236143539690864e-09,3.477555761856952e-08,2.663250703295699,3.053278434956519e-08,-1.7991399002074113e-07
4.463892778555711,PASSED,-0.26709476229099377,-5.7893742756770965e-09,3.3883092074270624e-08,2.6632507033261414,3.0352159877146895e-08,-1.8109812734999487e-07
4.464892978595719,PASSED,-0.26709476229676615,-5.755435466189751e-09,3.3975954429396065e-08,2.663250703356406,3.01761078556696e-08,-1.7268795089549985e-07
4.465893178635727,PASSED,-0.2670947623025041,-5.720744976689593e-09,3.516684621399866e-08,2.6632507033864896,2.999381190714678e-08,-1.8870128027436154e-07
4.466893378675735,PASSED,-0.26709476230820794,-5.686549460063606e-09,3.3547963567313004e-08,2.663250703416395,2.981391052350161e-08,-1.7403478589237626e-07
4.467893578715743,PASSED,-0.26709476231387747,-5.652622935137995e-09,3.417889916447719e-08,2.6632507034461215,2.9639214064511965e-08,-1.7513757438781867e-07
4.468893778755751,PASSED,-0.26709476231951285,-5.618217356979752e-09,3.455669748741918e-08,2.663250703475666,2.9452622143336313e-08,-1.9422815236754354e-07
4.469893978795759,PASSED,-0.267094762325114,-5.5839311124514796e-09,3.4105942555507946e-08,2.6632507035050312,2.9273360991175256e-08,-1.692831520233963e-07
4.470894178835767,PASSED,-0.26709476233068097,-5.550041216668317e-09,3.374586460159809e-08,2.663250703534219,2.9102355614304655e-08,-1.721535267687393e-07
4.471894378875775,PASSED,-0.2670947623362138,-5.5157322432082436e-09,3.46843793657238e-08,2.663250703563228,2.891901958592385e-08,-1.9079102945551497e-07
4.472894578915783,PASSED,-0.2670947623417124,-5.481337824601945e-09,3.420111143334798e-08,2.6632507035920563,2.8735311723337105e-08,-1.7898575134089392e-07
4.473894778955791,PASSED,-0.2670947623471768,-5.447315407911661e-09,3.3903286861573824e-08,2.6632507036207067,2.8563276287060893e-08,-1.6740189289975936e-07
4.474894978995799,PASSED,-0.26709476235260693,-5.413142283016679e-09,3.4353016917254356e-08,2.663250703649177,2.8381467892806946e-08,-1.914127284900731e-07
4.475895179035807,PASSED,-0.26709476235800284,-5.3786234286966355e-09,3.462941258856974e-08,2.6632507036774653,2.81946138236675e-08,-1.8381496290569395e-07
4.476895379075815,PASSED,-0.2670947623633644,-5.344350815074026e-09,3.4034747645303086e-08,2.66325070370558,2.802841158363616e-08,-1.5446042478177337e-07
4.477895579115823,PASSED,-0.2670947623686917,-5.310312483774213e-09,3.4040720402818546e-08,2.6632507037335094,2.784124407905624e-08,-2.089722244453489e-07
4.478895779155831,PASSED,-0.26709476237398455,-5.275658581188542e-09,3.506269070757309e-08,2.6632507037612596,2.765267899073676e-08,-1.7496033090222972e-07
4.479895979195839,PASSED,-0.26709476237924307,-5.24122370725505e-09,3.401632941743677e-08,2.663250703788828,2.7482785453092783e-08,-1.6651567547181468e-07
4.480896179235847,PASSED,-0.2670947623844671,-5.2070179687084314e-09,3.4332011299407776e-08,2.6632507038162183,2.7302132212278955e-08,-1.9007828437516798e-07
4.481896379275855,PASSED,-0.2670947623896566,-5.172212259262538e-09,3.512150821021748e-08,2.663250703843429,2.7117806960529644e-08,-1.804898966654055e-07
4.482896579315863,PASSED,-0.26709476239481156,-5.137596065760976e-09,3.427931702912583e-08,2.663250703870454,2.693385354298627e-08,-1.8626243146201775e-07
4.483896779355871,PASSED,-0.2670947623999319,-5.103134512110642e-09,3.458304473113941e-08,2.6632507038972992,2.675419394315974e-08,-1.7525771206954004e-07
4.484896979395879,PASSED,-0.2670947624050176,-5.0683823664668e-09,3.486487958564358e-08,2.663250703923963,2.6574171344364853e-08,-1.8319918994512206e-07
4.485897179435887,PASSED,-0.2670947624100686,-5.033460176091898e-09,3.496039756774144e-08,2.6632507039504465,2.6392298086537457e-08,-1.8098930308224726e-07
4.486897379475895,PASSED,-0.26709476241508473,-4.998732898325386e-09,3.457186456569133e-08,2.663250703976746,2.6208287132203017e-08,-1.860253885025675e-07
4.487897579515903,PASSED,-0.267094762420066,-4.963995703227725e-09,3.4847415452306876e-08,2.6632507040028597,2.602012997326739e-08,-1.8957833922432746e-07
4.488897779555911,PASSED,-0.26709476242501246,-4.928937606092081e-09,3.5198551591201656e-08,2.663250704028795,2.584573585179785e-08,-1.6427130963301984e-07
4.489897979595919,PASSED,-0.2670947624299239,-4.893886275599684e-09,3.49531830931923e-08,2.6632507040545472,2.5664796327737085e-08,-1.9205166701259127e-07
4.490898179635927,PASSED,-0.26709476243480024,-4.858828748352657e-09,3.512709001624941e-08,2.6632507040801143,2.5469985157436092e-08,-1.9665083915992483e-07
4.491898379675935,PASSED,-0.2670947624396416,-4.823814003765083e-09,3.4939847635124536e-08,2.663250704105497,2.5289947905076436e-08,-1.6896152782614224e-07
4.492898579715943,PASSED,-0.26709476244444774,-4.788593580942064e-09,3.5407472948282666e-08,2.6632507041306943,2.5108541298638756e-08,-1.8970332551203759e-07
4.493898779755951,PASSED,-0.2670947624492187,-4.753247830664311e-09,3.5304601830733955e-08,2.6632507041557076,2.4919015432105908e-08,-1.8940756054672352e-07
4.494898979795959,PASSED,-0.26709476245395436,-4.7179911480313285e-09,3.5224736501148533e-08,2.6632507041805376,2.4737829814354513e-08,-1.7570432255450424e-07
4.495899179835967,PASSED,-0.2670947624586547,-4.682687757382924e-09,3.535582674657493e-08,2.6632507042051805,2.4551412335247655e-08,-1.935595834750941e-07
4.496899379875975,PASSED,-0.26709476246331965,-4.647184604756461e-09,3.560136987972243e-08,2.66325070422964,2.4364750701892564e-08,-1.8206299994175712e-07
4.497899579915983,PASSED,-0.2670947624679492,-4.611907171357512e-09,3.506147574509993e-08,2.6632507042539117,2.4179703869825327e-08,-1.8703605348422355e-07
4.498899779955991,PASSED,-0.26709476247254327,-4.57639958766068e-09,3.58049889979859e-08,2.663250704277997,2.399106131155683e-08,-1.8971356145801385e-07
4.499899979995999,PASSED,-0.26709476247710184,-4.540751464388841e-09,3.554354612107562e-08,2.663250704301899,2.381057658673781e-08,-1.7433216705968657e-07
4.500900180036007,PASSED,-0.2670947624816248,-4.5050846921335986e-09,3.5748923011353216e-08,2.6632507043256113,2.361902508036966e-08,-2.0303106590712772e-07
4.501900380076015,PASSED,-0.26709476248611214,-4.469634404359466e-09,3.5251197615985774e-08,2.6632507043491382,2.3430681734964067e-08,-1.7855153173790097e-07
4.502900580116023,PASSED,-0.2670947624905639,-4.434010458238469e-09,3.587244512433749e-08,2.663250704372479,2.3251254868224996e-08,-1.8001042340651748e-07
4.503900780156031,PASSED,-0.26709476249497993,-4.39810267494364e-09,3.5931342075157825e-08,2.6632507043956313,2.3057809604104436e-08,-2.0240182459658705e-07
4.504900980196039,PASSED,-0.2670947624993603,-4.362552657536871e-09,3.529580096117601e-08,2.663250704418599,2.2871626043299836e-08,-1.753713849432764e-07
4.505901180236047,PASSED,-0.26709476250370506,-4.3269691661984965e-09,3.5775284923173175e-08,2.6632507044413796,2.2691725413882265e-08,-1.8292012573376927e-07
4.506901380276055,PASSED,-0.26709476250801395,-4.290891844566897e-09,3.627867943721647e-08,2.66325070446397,2.2494254944816642e-08,-2.0717069795352702e-07
4.507901580316063,PASSED,-0.26709476251228714,-4.255267191525614e-09,3.5188635443994797e-08,2.663250704486373,2.230509746459214e-08,-1.771486684051545e-07
4.508901780356071,PASSED,-0.26709476251652464,-4.219849347104153e-09,3.557065040643769e-08,2.663250704508589,2.2127274193473752e-08,-1.7827300626054693e-07
4.509901980396079,PASSED,-0.26709476252072634,-4.183669873770181e-09,3.658535528566287e-08,2.663250704530619,2.1936654696923438e-08,-1.9885049007682336e-07
4.510902180436087,PASSED,-0.2670947625248923,-4.147903584799118e-09,3.522024476132908e-08,2.663250704552461,2.1745518015734325e-08,-1.8599414193063997e-07
4.511902380476095,PASSED,-0.2670947625290225,-4.11253039365443e-09,3.5475155400260964e-08,2.663250704574118,2.1565892356149715e-08,-1.7538000468725642e-07
4.512902580516103,PASSED,-0.267094762533117,-4.076568284798584e-09,3.628674449290177e-08,2.663250704595582,2.1369691467625545e-08,-2.100814777487763e-07
4.513902780556111,PASSED,-0.2670947625371758,-4.040846490689637e-09,3.5345160519644484e-08,2.663250704616864,2.1185645711074787e-08,-1.6668860908541361e-07
4.514902980596119,PASSED,-0.2670947625411989,-4.0054429097678515e-09,3.5442527856545094e-08,2.663250704637956,2.1003846906286017e-08,-1.9187226859100734e-07
4.515903180636127,PASSED,-0.2670947625451864,-3.969571036258929e-09,3.615810394384011e-08,2.663250704658863,2.0810290878455314e-08,-1.94678533990499e-07
4.516903380676135,PASSED,-0.2670947625491382,-3.933992741811143e-09,3.5191754783750496e-08,2.6632507046795824,2.0625457600545183e-08,-1.7826977385655444e-07
4.517903580716143,PASSED,-0.26709476255305453,-3.8986441865431195e-09,3.5453088924204526e-08,2.663250704700116,2.0443885926010287e-08,-1.8377294165379142e-07
4.518903780756151,PASSED,-0.2670947625569353,-3.862983900188403e-09,3.57984179750569e-08,2.663250704720463,2.0251972174901378e-08,-1.9734095741232428e-07
4.519903980796159,PASSED,-0.2670947625607807,-3.827671521441311e-09,3.4988352595115424e-08,2.663250704740623,2.0064716964426463e-08,-1.8053137918330927e-07
4.520904180836167,PASSED,-0.2670947625645907,-3.792418523190315e-09,3.542942868825111e-08,2.663250704760599,1.9886810620525465e-08,-1.7615632037945597e-07
4.521904380876175,PASSED,-0.2670947625683654,-3.756992111839696e-09,3.5424399792197224e-08,2.6632507047803906,1.9700432145760116e-08,-1.9319324435594372e-07
4.522904580916183,PASSED,-0.26709476257210485,-3.721797748247918e-09,3.5041006124832584e-08,2.663250704799996,1.9509591445029915e-08,-1.8927233831303713e-07
4.523904780956191,PASSED,-0.2670947625758092,-3.6869644395650587e-09,3.469484372154338e-08,2.6632507048194176,1.9330375438777955e-08,-1.7251178487790842e-07
4.524904980996199,PASSED,-0.2670947625794785,-3.651839771611418e-09,3.541121744170589e-08,2.6632507048386547,1.9147322784480493e-08,-1.9007990057716423e-07
4.525905181036207,PASSED,-0.26709476258311293,-3.6167879577061106e-09,3.4812211547708026e-08,2.663250704857709,1.8961007988073795e-08,-1.838047269597177e-07
4.526905381076215,PASSED,-0.26709476258671244,-3.582213015268553e-09,3.441676303079037e-08,2.6632507048765817,1.8782469816939064e-08,-1.750271339180748e-07
4.527905581116223,PASSED,-0.26709476259027737,-3.547635307535609e-09,3.4685004201046066e-08,2.663250704895272,1.860069827209063e-08,-1.8626781880200524e-07
4.528905781156231,PASSED,-0.26709476259380766,-3.5128717970214304e-09,3.4815848056266946e-08,2.6632507049137835,1.8420065826409154e-08,-1.7687553026778797e-07
4.529905981196239,PASSED,-0.26709476259730347,-3.4785877339020894e-09,3.392953982805664e-08,2.6632507049321084,1.8233267785605576e-08,-1.9341304782743395e-07
4.530906181236247,PASSED,-0.26709476260076503,-3.444570303336316e-09,3.407602439091831e-08,2.663250704950258,1.805853964905681e-08,-1.6227152902965777e-07
4.531906381276255,PASSED,-0.2670947626041924,-3.4102329434958154e-09,3.4511583473555614e-08,2.663250704968228,1.78854667188458e-08,-1.802738643319065e-07
4.532906581316263,PASSED,-0.26709476260758575,-3.376345271945408e-09,3.3471730268308324e-08,2.6632507049860203,1.7701526015424797e-08,-1.863852628137329e-07
4.533906781356271,PASSED,-0.2670947626109453,-3.3427871972111222e-09,3.361563771160389e-08,2.663250705003633,1.7521395454336557e-08,-1.7596075993790952e-07
4.534906981396279,PASSED,-0.26709476261427123,-3.309112962021404e-09,3.3713300175128206e-08,2.663250705021072,1.7353618818067268e-08,-1.6232055382354407e-07
4.535907181436287,PASSED,-0.26709476261756354,-3.2754761371591794e-09,3.358584132028882e-08,2.6632507050383327,1.717421209997975e-08,-1.9079749426349996e-07
4.536907381476295,PASSED,-0.26709476262082255,-3.242386682969742e-09,3.275852943553646e-08,2.663250705055419,1.6994311362815376e-08,-1.726362324316198e-07
4.537907581516303,PASSED,-0.2670947626240485,-3.2095825576264675e-09,3.283452261509955e-08,2.6632507050723326,1.6830208676923965e-08,-1.5841365486460498e-07
4.538907781556311,PASSED,-0.2670947626272415,-3.176481176526449e-09,3.3279286756631075e-08,2.6632507050890752,1.6659487643857904e-08,-1.7892595186703262e-07
4.539907981596319,PASSED,-0.2670947626304018,-3.1438709320590718e-09,3.2164216274542025e-08,2.663250705105643,1.6477011219445507e-08,-1.8484340610930878e-07
4.540908181636327,PASSED,-0.2670947626335296,-3.1116188664569044e-09,3.231063182058439e-08,2.6632507051220426,1.6315329927384878e-08,-1.4623988269483856e-07
4.541908381676335,PASSED,-0.26709476263662507,-3.0793145409333614e-09,3.230012132551565e-08,2.6632507051382692,1.6145581740173762e-08,-1.854203902219706e-07
4.542908581716343,PASSED,-0.2670947626396885,-3.04747798249671e-09,3.1527516510741836e-08,2.6632507051543346,1.597866847901087e-08,-1.5457517512350724e-07
4.543908781756351,PASSED,-0.2670947626427201,-3.0157751237574413e-09,3.181975355828604e-08,2.6632507051702277,1.581134890466612e-08,-1.7581584049224562e-07
4.544908981796359,PASSED,-0.2670947626457201,-2.984194924387124e-09,3.142049657833845e-08,2.663250705185957,1.5644636160297566e-08,-1.6064401361943232e-07
4.545909181836367,PASSED,-0.2670947626486887,-2.9530073073100638e-09,3.103236407620818e-08,2.6632507052015204,1.5482542090247096e-08,-1.6306077433782732e-07
4.546909381876375,PASSED,-0.2670947626516263,-2.922148898617833e-09,3.0742438436245664e-08,2.6632507052169228,1.5321526781155725e-08,-1.596516655937338e-07
4.547909581916383,PASSED,-0.267094762654533,-2.8912989258744583e-09,3.092166228146089e-08,2.6632507052321626,1.5159241676029298e-08,-1.640407314815546e-07
4.548909781956391,PASSED,-0.26709476265740917,-2.860774804817874e-09,3.0259093573333626e-08,2.663250705247242,1.4998541310833596e-08,-1.5847345433846632e-07
4.549909981996399,PASSED,-0.267094762660255,-2.8308302518920986e-09,2.9734859160736747e-08,2.6632507052621643,1.484434561993881e-08,-1.5134384859900138e-07
4.550910182036407,PASSED,-0.2670947626630708,-2.800830363293237e-09,3.017657489094547e-08,2.6632507052769263,1.4682857517890136e-08,-1.6825093768179024e-07
4.551910382076415,PASSED,-0.26709476266585686,-2.771121090281135e-09,2.9397738426205934e-08,2.6632507052915315,1.4524345490197358e-08,-1.5201942103343459e-07
4.552910582116423,PASSED,-0.26709476266861343,-2.742002266062824e-09,2.8932881413047848e-08,2.6632507053059866,1.4381936006233637e-08,-1.360028592505804e-07
4.553910782156431,PASSED,-0.2670947626713408,-2.7127843514721916e-09,2.940793670902221e-08,2.6632507053202854,1.4223343491681446e-08,-1.7365228475326335e-07
4.554910982196439,PASSED,-0.2670947626740393,-2.684093160738984e-09,2.8213360082664445e-08,2.6632507053344336,1.406722021053913e-08,-1.4443727873501918e-07
4.555911182236447,PASSED,-0.2670947626767093,-2.6558872402467237e-09,2.8200960765324453e-08,2.663250705348432,1.3927159283569562e-08,-1.3714335912593533e-07
4.556911382276455,PASSED,-0.2670947626793509,-2.6275135409383866e-09,2.8488858337012277e-08,2.663250705362282,1.3777306435185502e-08,-1.5832584122280865e-07
4.557911582316463,PASSED,-0.26709476268196464,-2.5997414313256363e-09,2.7294277129909223e-08,2.663250705375984,1.3624769183032468e-08,-1.486781927731836e-07
4.558911782356471,PASSED,-0.2670947626845506,-2.5722871821688625e-09,2.7560897174684043e-08,2.663250705389544,1.3490495552171076e-08,-1.2467058958686234e-07
4.559911982396479,PASSED,-0.2670947626871094,-2.545095204090839e-09,2.6946032013582887e-08,2.663250705402959,1.3345652498988199e-08,-1.5829136224688862e-07
4.560912182436487,PASSED,-0.2670947626896411,-2.518272979635902e-09,2.6739686082507043e-08,2.663250705416234,1.3200160486830427e-08,-1.3695911209836264e-07
4.561912382476495,PASSED,-0.26709476269214616,-2.4917650214108758e-09,2.635347298670535e-08,2.663250705429366,1.3064122286629528e-08,-1.354242589359223e-07
4.562912582516503,PASSED,-0.26709476269462484,-2.4654910649066916e-09,2.6220945515836788e-08,2.663250705442362,1.2927870209031125e-08,-1.3680395670672248e-07
4.563912782556511,PASSED,-0.26709476269707744,-2.4396472673451328e-09,2.559236559204012e-08,2.6632507054552224,1.2792366325210186e-08,-1.3463716856374772e-07
4.564912982596519,PASSED,-0.2670947626995045,-2.4143239103855603e-09,2.5144017871261334e-08,2.663250705467947,1.2657203244516858e-08,-1.3551368877971488e-07
4.565913182636527,PASSED,-0.2670947627019061,-2.388876552903049e-09,2.564958389001096e-08,2.6632507054805385,1.2525342495489071e-08,-1.294254558598348e-07
4.566913382676535,PASSED,-0.2670947627042827,-2.36407734971721e-09,2.4232282716390608e-08,2.663250705492997,1.239212510650563e-08,-1.3574534439917762e-07
4.567913582716543,PASSED,-0.2670947627066346,-2.339926071211333e-09,2.4097275698867564e-08,2.663250705505327,1.2265008341324041e-08,-1.2136437903653015e-07
4.568913782756551,PASSED,-0.26709476270896226,-2.3154751824513774e-09,2.4686630800680978e-08,2.6632507055175316,1.2144414890639723e-08,-1.2007949844951007e-07
4.569913982796559,PASSED,-0.2670947627112659,-2.2915480960490932e-09,2.3420723470019555e-08,2.6632507055296104,1.2015489918664726e-08,-1.3482195432531918e-07
4.570914182836567,PASSED,-0.267094762713546,-2.268439528117159e-09,2.2900464239877275e-08,2.663250705541564,1.1889274563209845e-08,-1.2047762287458672e-07
4.571914382876575,PASSED,-0.26709476271580274,-2.2451147451691215e-09,2.3607662086811057e-08,2.6632507055533976,1.1775558806247176e-08,-1.0920784635472374e-07
4.572914582916583,PASSED,-0.2670947627180366,-2.222345802262461e-09,2.2209796786559503e-08,2.6632507055651087,1.1652046925744826e-08,-1.3304790326743356e-07
4.573914782956591,PASSED,-0.2670947627202479,-2.2001900976277586e-09,2.2119643200131258e-08,2.6632507055767016,1.1530112350644018e-08,-1.1452568965639053e-07
4.574914982996599,PASSED,-0.26709476272243693,-2.1779681609491093e-09,2.2290132330994997e-08,2.66325070558818,1.1423383542657945e-08,-1.0153088687252825e-07
4.575915183036607,PASSED,-0.26709476272460414,-2.156246409197967e-09,2.13428313645739e-08,2.6632507055995416,1.130504803390919e-08,-1.295385899995724e-07
4.576915383076615,PASSED,-0.26709476272674987,-2.13517103164083e-09,2.089707501884681e-08,2.663250705610791,1.1188446817649214e-08,-1.0797630043357996e-07
4.577915583116623,PASSED,-0.2670947627288745,-2.1141250990441416e-09,2.114517098191597e-08,2.663250705621931,1.1089132390194346e-08,-9.353984546906118e-08
4.578915783156631,PASSED,-0.26709476273097826,-2.0932369222726407e-09,2.0716847297891082e-08,2.663250705632962,1.0978698062018067e-08,-1.21697316647758e-07
4.579915983196639,PASSED,-0.2670947627330616,-2.0732009499846985e-09,1.9582055614642894e-08,2.6632507056438857,1.0865776722209956e-08,-1.0707068858168026e-07
4.580916183236647,PASSED,-0.2670947627351249,-2.053429282729967e-09,1.9898075014790484e-08,2.6632507056547015,1.0764288718563729e-08,-9.776621368925933e-08
4.581916383276655,PASSED,-0.2670947627371684,-2.03365806000219e-09,1.9686654536434242e-08,2.6632507056654156,1.0664462493810048e-08,-1.0119956546329665e-07
4.582916583316663,PASSED,-0.2670947627391926,-2.0145466506359422e-09,1.8727912586123485e-08,2.663250705676028,1.0561286313305335e-08,-1.0449392386565634e-07
4.583916783356671,PASSED,-0.26709476274119776,-1.9957687078448474e-09,1.8811296261076377e-08,2.6632507056865427,1.0465200841945378e-08,-9.047983635615799e-08
4.584916983396679,PASSED,-0.2670947627431842,-1.977057859284222e-09,1.8643883426991205e-08,2.6632507056969565,1.0365146624963425e-08,-1.0643713739914961e-07
4.585917183436687,PASSED,-0.26709476274515237,-1.9590197763465463e-09,1.7634215944798923e-08,2.663250705707275,1.026861195719531e-08,-8.993302134742617e-08
4.586917383476695,PASSED,-0.2670947627471026,-1.9413415849865204e-09,1.7707508303510544e-08,2.663250705717501,1.0182625701122731e-08,-8.335507922268181e-08
4.587917583516703,PASSED,-0.2670947627490351,-1.9236593084645836e-09,1.7665455334221353e-08,2.6632507057276342,1.0088030260256518e-08,-1.0208901529523383e-07
4.588917783556711,PASSED,-0.26709476275095034,-1.9066144827690595e-09,1.6631072603059634e-08,2.663250705737675,9.991381704121068e-09,-9.302158336226313e-08
4.589917983596719,PASSED,-0.2670947627528487,-1.890007785403895e-09,1.6590447206567948e-08,2.6632507057476285,9.910467089912725e-09,-7.284330143906087e-08
4.590918183636727,PASSED,-0.2670947627547304,-1.8733541184296296e-09,1.669581348606337e-08,2.6632507057574926,9.822950290549695e-09,-9.72991313123426e-08
4.591918383676735,PASSED,-0.2670947627565958,-1.8573510791059206e-09,1.5541189882139334e-08,2.6632507057672714,9.732131159521124e-09,-8.64991308393901e-08
4.592918583716743,PASSED,-0.26709476275844535,-1.8416887777367807e-09,1.5743042360473645e-08,2.66325070577697,9.660012024323182e-09,-6.253247143697388e-08
4.5939187837567514,PASSED,-0.2670947627602792,-1.8260009082934964e-09,1.5651087498491565e-08,2.663250705786585,9.577604793697902e-09,-9.565707008415088e-08
4.5949189837967594,PASSED,-0.2670947627620978,-1.8109354428861501e-09,1.4675050679916192e-08,2.6632507057961208,9.490735337107771e-09,-8.101104759411813e-08
4.5959191838367675,PASSED,-0.2670947627639014,-1.796280821402182e-09,1.4641002020002633e-08,2.663250705805577,9.419563404026433e-09,-6.46125234061498e-08
4.5969193838767755,PASSED,-0.26709476276569033,-1.7816108589822472e-09,1.4689269353222973e-08,2.663250705814957,9.343285457851738e-09,-8.405489468705879e-08
4.5979195839167835,PASSED,-0.26709476276746497,-1.767473483672412e-09,1.3769445947577012e-08,2.663250705824262,9.264366853108766e-09,-7.549441144691238e-08
4.5989197839567915,PASSED,-0.2670947627692256,-1.753739314958572e-09,1.3710650558015234e-08,2.6632507058334918,9.194619332720125e-09,-6.591625968312615e-08
4.5999199839967995,PASSED,-0.2670947627709725,-1.7399523254002856e-09,1.3837882225133997e-08,2.6632507058426502,9.124188697621068e-09,-7.34402187096765e-08
4.6009201840368075,PASSED,-0.26709476277270594,-1.7267511494581748e-09,1.2776705086762127e-08,2.6632507058517363,9.048780914601154e-09,-7.671949256007115e-08
4.6019203840768155,PASSED,-0.26709476277442634,-1.7140367933640774e-09,1.2672790098987871e-08,2.6632507058607584,8.989413289913242e-09,-4.7799712773142285e-08
4.6029205841168235,PASSED,-0.26709476277613386,-1.7010797951912984e-09,1.3146470221973036e-08,2.6632507058697104,8.921186400109475e-09,-8.1845007824184e-08
4.6039207841568315,PASSED,-0.26709476277782884,-1.6886478721092071e-09,1.1955558322169967e-08,2.663250705878597,8.848480368093296e-09,-6.661338147750938e-08
4.6049209841968395,PASSED,-0.2670947627795116,-1.6768254452703203e-09,1.1733672516697995e-08,2.6632507058874197,8.793258948006566e-09,-4.762677915954335e-08
4.6059211842368475,PASSED,-0.2670947627811824,-1.6648724873850982e-09,1.2099148130904932e-08,2.663250705896178,8.728611299143698e-09,-7.599489533175165e-08
4.6069213842768555,PASSED,-0.2670947627828414,-1.653003682712274e-09,1.1715242367436975e-08,2.663250705904879,8.668113518273206e-09,-5.01663712296535e-08
4.6079215843168635,PASSED,-0.267094762784489,-1.642011086320637e-09,1.051083240777053e-08,2.6632507059135158,8.608499476654264e-09,-6.59124885451349e-08
4.6089217843568715,PASSED,-0.2670947627861255,-1.6310171365243443e-09,1.1316028055307209e-08,2.663250705922097,8.550253603898549e-09,-5.313479556276909e-08
4.6099219843968795,PASSED,-0.26709476278775096,-1.6198784651313218e-09,1.1020433618165913e-08,2.6632507059306176,8.493074747700759e-09,-5.987489662113737e-08
4.6109221844368875,PASSED,-0.26709476278936584,-1.609576661874518e-09,9.822716349229069e-09,2.6632507059390846,8.43857307623636e-09,-5.0919521359906786e-08
4.6119223844768955,PASSED,-0.2670947627909702,-1.5992794797458312e-09,1.061349264832533e-08,2.6632507059474952,8.383846106213683e-09,-5.726526913118964e-08
4.6129225845169035,PASSED,-0.26709476279256444,-1.589100593005556e-09,9.889149468241863e-09,2.663250705955855,8.333068918376245e-09,-4.6451800308268384e-08
4.6139227845569115,PASSED,-0.26709476279414873,-1.5793296695088714e-09,9.692106182313061e-09,2.663250705964163,8.284106833127398e-09,-5.063560854256524e-08
4.6149229845969195,PASSED,-0.26709476279572325,-1.569696793351919e-09,9.593389473378188e-09,2.663250705972418,8.227911489717727e-09,-5.990183332107489e-08
4.6159231846369275,PASSED,-0.26709476279728833,-1.5603869345284108e-09,9.120838390261656e-09,2.6632507059806234,8.178968152412038e-09,-4.163767329543337e-08
4.6169233846769355,PASSED,-0.2670947627988441,-1.551206741467817e-09,9.219762840815687e-09,2.6632507059887787,8.133218214757341e-09,-4.8491447227538005e-08
4.6179235847169435,PASSED,-0.26709476280039074,-1.5420846569220628e-09,9.056965682379743e-09,2.663250705996886,8.082891085302462e-09,-5.155091760644244e-08
4.6189237847569515,PASSED,-0.26709476280192856,-1.5334111378406856e-09,8.417888014042187e-09,2.6632507060049493,8.040099982515703e-09,-3.695122624030224e-08
4.6199239847969595,PASSED,-0.2670947628034577,-1.5249014210090351e-09,8.570936043389358e-09,2.663250706012967,7.997028199315595e-09,-4.715215450664411e-08
4.6209241848369675,PASSED,-0.26709476280497824,-1.5162920884734987e-09,8.6349301969679e-09,2.6632507060209396,7.948636741118226e-09,-4.921766065785376e-08
4.6219243848769755,PASSED,-0.2670947628064905,-1.5081306579811916e-09,7.845764022533567e-09,2.6632507060288706,7.909565273352441e-09,-3.23073391710724e-08
4.6229245849169835,PASSED,-0.26709476280799466,-1.5002222907401197e-09,7.950102720097263e-09,2.6632507060367554,7.863920712067901e-09,-5.45360426935193e-08
4.6239247849569916,PASSED,-0.2670947628094909,-1.4922253989861077e-09,8.028084443288556e-09,2.6632507060446007,7.822115492498857e-09,-3.3318004152728453e-08
4.6249249849969996,PASSED,-0.2670947628109793,-1.4844783527210809e-09,7.559687479519103e-09,2.663250706052404,7.785458738262272e-09,-3.8882587625822996e-08
4.625925185037008,PASSED,-0.2670947628124601,-1.4769960524746495e-09,7.430708757706109e-09,2.663250706060167,7.742150343089913e-09,-4.625893353671568e-08
4.626925385077016,PASSED,-0.26709476281393335,-1.469574726475711e-09,7.415070826426674e-09,2.663250706067892,7.704498654904435e-09,-3.191352461798574e-08
4.627925585117024,PASSED,-0.2670947628153993,-1.4622040947284214e-09,7.341005694531834e-09,2.663250706075578,7.669051143001445e-09,-3.780350342632562e-08
4.628925785157032,PASSED,-0.26709476281685796,-1.4550603487568142e-09,7.012239489657522e-09,2.663250706083225,7.626412286442734e-09,-4.586242531363527e-08
4.62992598519704,PASSED,-0.2670947628183097,-1.44825044567692e-09,6.675012140051928e-09,2.663250706090835,7.590465583616502e-09,-2.9336221167963053e-08
4.630926185237048,PASSED,-0.26709476281975436,-1.4412568516949812e-09,7.205981876529781e-09,2.663250706098411,7.561726064225556e-09,-2.834171820626952e-08
4.631926385277056,PASSED,-0.2670947628211922,-1.4343735190404776e-09,6.668233173153023e-09,2.6632507061059494,7.519674427725482e-09,-5.119158202927582e-08
4.632926585317064,PASSED,-0.26709476282262334,-1.4279199135434163e-09,6.310520379666823e-09,2.663250706113452,7.480792809820857e-09,-3.06749751548582e-08
4.633926785357072,PASSED,-0.26709476282404787,-1.4212667827660367e-09,6.881537709187947e-09,2.6632507061209227,7.458567338702403e-09,-1.6592468427518533e-08
4.63492698539708,PASSED,-0.26709476282546585,-1.414650721304825e-09,6.439077295894194e-09,2.663250706128356,7.416917921005796e-09,-5.8354050542664526e-08
4.635927185437088,PASSED,-0.26709476282687744,-1.4084591603857355e-09,6.0265500012200745e-09,2.6632507061357575,7.379356632385308e-09,-2.3699447339035935e-08
4.636927385477096,PASSED,-0.26709476282828276,-1.4022278949118664e-09,6.367742455634818e-09,2.663250706143126,7.356880649957434e-09,-2.166033915376506e-08
4.637927585517104,PASSED,-0.26709476282968175,-1.3957573632196431e-09,6.5390578499491186e-09,2.663250706150459,7.316734838851341e-09,-5.246945907431215e-08
4.638927785557112,PASSED,-0.26709476283107464,-1.389738402132249e-09,5.672229912357416e-09,2.6632507061577617,7.2826199393676605e-09,-2.1878526423259037e-08
4.63992798559712,PASSED,-0.26709476283246136,-1.3838307256926355e-09,6.0646407911173314e-09,2.6632507061650337,7.2613859543005065e-09,-2.080429082975042e-08
4.640928185637128,PASSED,-0.2670947628338421,-1.3776595926090894e-09,6.242127945165125e-09,2.663250706172273,7.2242641648761995e-09,-4.800012182067749e-08
4.641928385677136,PASSED,-0.2670947628352168,-1.3716942180732875e-09,5.780872262892978e-09,2.663250706179479,7.184231272416244e-09,-3.472140621947366e-08
4.642928585717144,PASSED,-0.2670947628365857,-1.3659723257188891e-09,5.682572415401891e-09,2.6632507061866546,7.163055901608154e-09,-1.2144680533833899e-08
4.643928785757152,PASSED,-0.26709476283794853,-1.3599241562531602e-09,6.291900832613598e-09,2.6632507061938044,7.14011014313337e-09,-3.0146477102083895e-08
4.64492898579716,PASSED,-0.2670947628393056,-1.3540855102653542e-09,5.536476091267541e-09,2.6632507062009174,7.092019621747703e-09,-6.00532175747238e-08
4.645929185837168,PASSED,-0.26709476284065686,-1.3484860181101159e-09,5.641502864552333e-09,2.663250706208003,7.066862467954848e-09,-1.8931112716094717e-09
4.646929385877176,PASSED,-0.26709476284200234,-1.3425968852824013e-09,6.054219469822426e-09,2.6632507062150554,7.045208701355868e-09,-3.482753681722752e-08
4.647929585917184,PASSED,-0.2670947628433421,-1.3368275140036945e-09,5.5794724846298625e-09,2.663250706222081,7.007333977294908e-09,-3.9906182223449064e-08
4.648929785957192,PASSED,-0.26709476284467604,-1.3311519784527438e-09,5.739577595164571e-09,2.6632507062290727,6.974461829399545e-09,-2.8182791676638103e-08
4.6499299859972,PASSED,-0.26709476284600436,-1.3254365144203962e-09,5.699388323802812e-09,2.6632507062360387,6.954632539360734e-09,-1.4260288946927352e-08
4.650930186037208,PASSED,-0.26709476284732697,-1.3197866957755043e-09,5.616772192284703e-09,2.6632507062429713,6.918598453879905e-09,-5.0549949836763897e-08
4.651930386077216,PASSED,-0.2670947628486438,-1.3140156354001334e-09,5.8739191640950866e-09,2.663250706249878,6.8879542943097755e-09,-1.7373632725706845e-08
4.652930586117224,PASSED,-0.267094762849955,-1.3082716006736974e-09,5.6574451013299396e-09,2.6632507062567514,6.862532945363933e-09,-3.0786493092599564e-08
4.653930786157232,PASSED,-0.26709476285126044,-1.3026430996849516e-09,5.609204913689642e-09,2.6632507062635944,6.825610703012764e-09,-4.1012741856882714e-08
4.65493098619724,PASSED,-0.2670947628525602,-1.2969080032176205e-09,5.819024169758577e-09,2.6632507062704103,6.800372092639298e-09,-1.4722522717855334e-08
4.655931186237248,PASSED,-0.2670947628538542,-1.2911177368200039e-09,5.771094549522113e-09,2.6632507062771937,6.771476124895114e-09,-3.834493109506994e-08
4.656931386277256,PASSED,-0.2670947628551424,-1.2852845582007165e-09,5.874567999131001e-09,2.6632507062839483,6.736300889155093e-09,-3.306210550332194e-08
4.657931586317264,PASSED,-0.26709476285642486,-1.2795477394825289e-09,5.644985864225408e-09,2.6632507062906723,6.70949542481966e-09,-2.2634370223506076e-08
4.658931786357272,PASSED,-0.26709476285770156,-1.2738742636457568e-09,5.692469151803112e-09,2.663250706297366,6.680781872407453e-09,-3.276634053800788e-08
4.65993198639728,PASSED,-0.2670947628589724,-1.2678737441161504e-09,6.20588644814211e-09,2.6632507063040296,6.646438441961503e-09,-3.539482371791187e-08
4.660932186437288,PASSED,-0.2670947628602374,-1.262054682440219e-09,5.5611784944577385e-09,2.6632507063106607,6.614807429452462e-09,-2.912180503646033e-08
4.661932386477296,PASSED,-0.26709476286149647,-1.2561695657177997e-09,6.101075541060341e-09,2.663250706317262,6.587234592409209e-09,-2.6540191714447644e-08
4.662932586517304,PASSED,-0.2670947628627496,-1.250125953099745e-09,6.005304002717734e-09,2.663250706323832,6.554448426460047e-09,-3.6950148772304734e-08
4.663932786557312,PASSED,-0.26709476286399675,-1.2442201637064883e-09,5.839446320282488e-09,2.6632507063303725,6.524558817728568e-09,-2.518258203759623e-08
4.66493298659732,PASSED,-0.26709476286523787,-1.2380604982319243e-09,6.373144910751803e-09,2.6632507063368784,6.4909768339164525e-09,-3.918158499512956e-08
4.665933186637328,PASSED,-0.26709476286647293,-1.2319448270108027e-09,5.944022094701699e-09,2.6632507063433546,6.459408206804467e-09,-2.6493321856556345e-08
4.666933386677336,PASSED,-0.2670947628677018,-1.22576891064527e-09,6.33051254608647e-09,2.6632507063497988,6.429951093727184e-09,-3.1432973891100236e-08
4.667933586717344,PASSED,-0.26709476286892453,-1.2197095506892199e-09,5.8785915626925825e-09,2.663250706356207,6.389498419735402e-09,-4.646580739223589e-08
4.668933786757352,PASSED,-0.26709476287014106,-1.2134484795152379e-09,6.516057581508575e-09,2.6632507063625854,6.361115326758028e-09,-1.6327950034132006e-08
4.66993398679736,PASSED,-0.2670947628713512,-1.2067841669388488e-09,6.763149239642921e-09,2.6632507063689324,6.33578286892198e-09,-3.133546303732639e-08
4.670934186837368,PASSED,-0.267094762872555,-1.2007165119175303e-09,5.6039922091021185e-09,2.6632507063752424,6.289642025877791e-09,-5.601109638209834e-08
4.671934386877376,PASSED,-0.2670947628737524,-1.1943192264874602e-09,6.926147577382416e-09,2.663250706381521,6.258402457492242e-09,-1.4725216387849086e-08
4.672934586917384,PASSED,-0.26709476287494327,-1.187435574282476e-09,6.855321956718661e-09,2.6632507063877635,6.230401434666783e-09,-3.685156045053338e-08
4.673934786957392,PASSED,-0.26709476287612754,-1.1809703104187848e-09,6.205225135006452e-09,2.663250706393972,6.187732193510542e-09,-4.654769496004598e-08
4.6749349869974,PASSED,-0.26709476287730527,-1.174568511268262e-09,6.532848494200272e-09,2.663250706400147,6.156287906205468e-09,-2.1375348868426015e-08
4.675935187037408,PASSED,-0.2670947628784762,-1.167480447245727e-09,7.458207708091573e-09,2.6632507064062874,6.127187758275758e-09,-3.4250013970566925e-08
4.676935387077416,PASSED,-0.2670947628796404,-1.1606766199303777e-09,6.367573720187859e-09,2.663250706412391,6.083557307918946e-09,-4.9884074614308205e-08
4.677935587117424,PASSED,-0.2670947628807977,-1.154017086315768e-09,6.854173544224341e-09,2.6632507064184585,6.047224763802809e-09,-2.7298190450689683e-08
4.678935787157432,PASSED,-0.26709476288194817,-1.1469685394349055e-09,7.178129105287729e-09,2.663250706424492,6.019785640538045e-09,-2.7533078474144927e-08
4.67993598719744,PASSED,-0.26709476288309153,-1.1398152345676634e-09,7.136755375211718e-09,2.6632507064304853,5.9739875400638606e-09,-5.797478180754413e-08
4.680936187237448,PASSED,-0.2670947628842279,-1.1329248896138027e-09,6.726071339626568e-09,2.663250706436441,5.932582384362288e-09,-3.035873829759162e-08
4.681936387277456,PASSED,-0.2670947628853571,-1.1256796037166522e-09,7.591428935499812e-09,2.663250706442363,5.90935788491655e-09,-1.8468340211167987e-08
4.682936587317464,PASSED,-0.26709476288647904,-1.1181956133118945e-09,7.412364717596177e-09,2.6632507064482462,5.865341593269834e-09,-6.104825927041608e-08
4.683936787357472,PASSED,-0.26709476288759376,-1.1110741159289993e-09,6.927585826427829e-09,2.6632507064540882,5.8144479311418666e-09,-4.4123930699667203e-08
4.68493698739748,PASSED,-0.26709476288870104,-1.1036742891358379e-09,7.71465410431732e-09,2.6632507064598947,5.7917564551144924e-09,-8.403172912511252e-09
4.685937187437488,PASSED,-0.2670947628898009,-1.0960735536723823e-09,7.524789702881075e-09,2.6632507064656616,5.752931835266936e-09,-5.910558447092156e-08
4.686937387477496,PASSED,-0.2670947628908932,-1.0885241433153665e-09,7.565824126438993e-09,2.663250706471388,5.698689402602736e-09,-5.1000331459719366e-08
4.687937587517504,PASSED,-0.2670947628919779,-1.0809172377707048e-09,7.634293156809979e-09,2.663250706477076,5.669944172631402e-09,-1.3908495645743235e-08
4.688937787557512,PASSED,-0.26709476289305495,-1.0731316646583344e-09,7.8864264160774e-09,2.6632507064827218,5.63025887134744e-09,-5.686983837610673e-08
4.68993798759752,PASSED,-0.26709476289412426,-1.0653968022178707e-09,7.633819790054637e-09,2.66325070648833,5.5828751689681326e-09,-4.105961171477402e-08
4.690938187637528,PASSED,-0.2670947628951857,-1.0575552821026514e-09,7.979986998662552e-09,2.6632507064938933,5.5423143171894014e-09,-4.02283451547019e-08
4.691938387677536,PASSED,-0.2670947628962393,-1.0496128575510623e-09,7.917382920206612e-09,2.6632507064994178,5.505527835805917e-09,-3.4491905536005925e-08
4.692938587717544,PASSED,-0.2670947628972849,-1.0416397707300474e-09,8.01022275488682e-09,2.6632507065049,5.462689863161267e-09,-4.840201738374541e-08
4.693938787757552,PASSED,-0.2670947628983224,-1.0333975520397554e-09,8.3968826472285e-09,2.66325070651034,5.416930336041393e-09,-4.3997866943959574e-08
4.69493898779756,PASSED,-0.26709476289935186,-1.0253802669233137e-09,7.764220095917003e-09,2.6632507065157376,5.376557933415425e-09,-3.795542641397328e-08
4.695939187837568,PASSED,-0.2670947629003731,-1.01722859408348e-09,8.40997466911151e-09,2.663250706521091,5.3322000844135005e-09,-4.8626130727225646e-08
4.696939387877576,PASSED,-0.2670947629013861,-1.008792402112879e-09,8.453670171594361e-09,2.6632507065264024,5.289102010994254e-09,-3.941270188059355e-08
4.697939587917584,PASSED,-0.2670947629023908,-1.0005685990452811e-09,8.070558331600208e-09,2.6632507065316693,5.246337629413834e-09,-4.499883471363812e-08
4.698939787957592,PASSED,-0.2670947629033872,-9.921785927936184e-10,8.60297153170438e-09,2.6632507065368936,5.201589306009615e-09,-4.458131586460643e-08
4.6999399879976,PASSED,-0.2670947629043751,-9.835714587556369e-10,8.609909042166316e-09,2.6632507065420734,5.158234687460164e-09,-4.2536820339348055e-08
4.700940188037608,PASSED,-0.2670947629053545,-9.75167345150499e-10,8.266916647119173e-09,2.6632507065472097,5.114723297317075e-09,-4.4161103345580996e-08
4.701940388077616,PASSED,-0.2670947629063254,-9.66694352404735e-10,8.610376811527134e-09,2.6632507065522977,5.064228298348184e-09,-5.471759605109824e-08
4.702940588117624,PASSED,-0.2670947629072877,-9.579540418557751e-10,8.82693304058167e-09,2.663250706557343,5.022047904422409e-09,-3.382225917555898e-08
4.703940788157632,PASSED,-0.2670947629082413,-9.492687674470796e-10,8.59083532077152e-09,2.6632507065623443,4.981977731569741e-09,-4.4235448637408574e-08
4.70494098819764,PASSED,-0.26709476290918627,-9.405887991067183e-10,8.739390353420871e-09,2.663250706567298,4.929234918864463e-09,-5.841438875052459e-08
4.705941188237648,PASSED,-0.26709476291012246,-9.3180863681675e-10,8.807343581000374e-09,2.663250706572208,4.885440693372031e-09,-3.404744998703671e-08
4.706941388277656,PASSED,-0.26709476291104983,-9.229253748965678e-10,8.933874146303429e-09,2.6632507065770694,4.840523961719802e-09,-5.216291942902308e-08
4.707941588317664,PASSED,-0.2670947629119684,-9.141332107455096e-10,8.697690820894798e-09,2.6632507065818856,4.790369981372121e-09,-4.881468762678834e-08
4.708941788357672,PASSED,-0.26709476291287804,-9.051590808588072e-10,9.15842259724076e-09,2.6632507065866533,4.744419526923089e-09,-4.404096566385962e-08
4.70994198839768,PASSED,-0.26709476291377876,-8.962243384433435e-10,8.785622294278883e-09,2.663250706591376,4.701792091525152e-09,-4.1685081887323414e-08
4.710942188437688,PASSED,-0.26709476291467055,-8.873248709090464e-10,8.975364360975958e-09,2.663250706596051,4.651660414765019e-09,-5.576274000867433e-08
4.711942388477696,PASSED,-0.2670947629155534,-8.783470874983855e-10,8.979396110450866e-09,2.663250706600681,4.604947436214155e-09,-4.067980424565487e-08
4.712942588517704,PASSED,-0.2670947629164272,-8.692847705616404e-10,9.11759748760795e-09,2.663250706605261,4.557613081869134e-09,-5.177072107793267e-08
4.713942788557712,PASSED,-0.26709476291729195,-8.602086204543468e-10,9.048518520417361e-09,2.6632507066097983,4.513512208984613e-09,-3.898764075557936e-08
4.71494298859772,PASSED,-0.26709476291814765,-8.512124305692538e-10,8.961304128210109e-09,2.663250706614283,4.46103025128153e-09,-6.147816900141903e-08
4.715943188637728,PASSED,-0.2670947629189943,-8.421519941992093e-10,9.126524531267325e-09,2.66325070661872,4.409451319507153e-09,-4.49794402896831e-08
4.716943388677736,PASSED,-0.26709476291983186,-8.329568128358868e-10,9.240952584692533e-09,2.6632507066231144,4.375286856495588e-09,-2.6954478159486822e-08
4.717943588717744,PASSED,-0.2670947629206603,-8.238564309059593e-10,9.006668160084134e-09,2.6632507066274558,4.318222535145932e-09,-7.713755014310159e-08
4.718943788757752,PASSED,-0.26709476292147966,-8.148979864246212e-10,8.926295362174314e-09,2.663250706631751,4.26430883796777e-09,-3.843112853487003e-08
4.71994398879776,PASSED,-0.2670947629222899,-8.056842204157996e-10,9.405413106586407e-09,2.663250706636001,4.23329801603809e-09,-2.6063950859552145e-08
4.720944188837768,PASSED,-0.2670947629230909,-7.964046715970143e-10,9.195639293584702e-09,2.6632507066401994,4.174309444591697e-09,-8.09383185042868e-08
4.721944388877776,PASSED,-0.26709476292388296,-7.875150759497278e-10,8.6855665497544e-09,2.663250706644352,4.121250933763151e-09,-3.4471972378052156e-08
4.722944588917784,PASSED,-0.2670947629246658,-7.782564609717574e-10,9.640647263447625e-09,2.663250706648457,4.088718080540201e-09,-3.1240107119547535e-08
4.723944788957792,PASSED,-0.26709476292543954,-7.690927126306647e-10,8.845815726189406e-09,2.6632507066525135,4.032856752209755e-09,-7.227547580437778e-08
4.7249449889978,PASSED,-0.26709476292620415,-7.601938224400511e-10,8.93427316689637e-09,2.663250706656523,3.979907496636156e-09,-4.006510875308048e-08
4.725945189037808,PASSED,-0.26709476292695966,-7.510302774563033e-10,9.316392861648611e-09,2.663250706660481,3.936885384710733e-09,-4.499344737365061e-08
4.726945389077816,PASSED,-0.2670947629277062,-7.419523998503801e-10,8.918867435439623e-09,2.6632507066643973,3.894841829220642e-09,-4.007696090105299e-08
4.727945589117824,PASSED,-0.26709476292844364,-7.329657662931225e-10,9.031810971802843e-09,2.6632507066682645,3.843814453314185e-09,-5.832765257672575e-08
4.728945789157832,PASSED,-0.267094762929172,-7.237963016000538e-10,9.261233840579212e-09,2.6632507066720814,3.7887686605110485e-09,-5.28578862874113e-08
4.72994598919784,PASSED,-0.2670947629298914,-7.14890557215643e-10,8.668751413631918e-09,2.663250706675853,3.749738675263168e-09,-2.981138455486105e-08
4.730946189237848,PASSED,-0.2670947629306018,-7.059635670552737e-10,9.099149324860924e-09,2.6632507066795807,3.7092073461075687e-09,-4.7677958889424655e-08
4.731946389277856,PASSED,-0.26709476293130335,-6.969950383296241e-10,8.881448326175332e-09,2.6632507066832574,3.6485335069662842e-09,-6.933775930919096e-08
4.732946589317864,PASSED,-0.26709476293199585,-6.880974766657609e-10,8.908303888988582e-09,2.6632507066868882,3.6042349187042225e-09,-2.7605807563976252e-08
4.733946789357872,PASSED,-0.2670947629326796,-6.793134214014441e-10,8.701222847869033e-09,2.6632507066904734,3.569019385661095e-09,-4.0288683362561964e-08
4.73494698939788,PASSED,-0.2670947629333545,-6.70548179968936e-10,8.807920488933923e-09,2.6632507066940123,3.513849684038245e-09,-6.509038046304154e-08
4.735947189437888,PASSED,-0.2670947629340206,-6.616332191725576e-10,8.986321001341502e-09,2.6632507066975037,3.464068292124099e-09,-3.957539954821622e-08
4.736947389477896,PASSED,-0.26709476293467804,-6.53062556753192e-10,8.293556698048326e-09,2.6632507067009494,3.427381692023983e-09,-3.476073380138246e-08
4.737947589517904,PASSED,-0.26709476293532675,-6.444887677076859e-10,8.760610610477999e-09,2.663250706704353,3.382966090737392e-09,-5.0852179610062965e-08
4.738947789557912,PASSED,-0.26709476293596685,-6.35694003519423e-10,8.817533240119469e-09,2.663250706707709,3.329698335623731e-09,-5.487813878272591e-08
4.73994798959792,PASSED,-0.26709476293659845,-6.272632271372006e-10,8.172938476957658e-09,2.6632507067110196,3.2873199030800154e-09,-3.404529505104171e-08
4.740948189637928,PASSED,-0.2670947629372215,-6.188471402778738e-10,8.578185780906192e-09,2.6632507067142863,3.247621133446085e-09,-4.346775268918902e-08
4.741948389677936,PASSED,-0.2670947629378361,-6.103537316252419e-10,8.436890567115755e-09,2.663250706717508,3.1984013178522364e-09,-5.305452419695526e-08
4.742948589717944,PASSED,-0.2670947629384424,-6.021646710733491e-10,8.023840541744267e-09,2.6632507067206865,3.155188494091256e-09,-3.665169013699692e-08
4.743948789757952,PASSED,-0.2670947629390404,-5.938511776119468e-10,8.506595407840893e-09,2.6632507067238214,3.115308602086946e-09,-4.2032026582518776e-08
4.74494898979796,PASSED,-0.26709476293963014,-5.855950350390368e-10,8.089174016289527e-09,2.6632507067269158,3.0735619967769657e-09,-4.155632446162203e-08
4.745949189837968,PASSED,-0.2670947629402118,-5.776662957333803e-10,7.821782831901197e-09,2.663250706729963,3.0239220764108912e-09,-5.502898430237606e-08
4.746949389877976,PASSED,-0.2670947629407853,-5.696077375257982e-10,8.216408458035996e-09,2.663250706732971,2.98631510314731e-09,-2.5992299237718322e-08
4.747949589917984,PASSED,-0.2670947629413509,-5.615412021100567e-10,7.96662005421193e-09,2.6632507067359374,2.949774176720456e-09,-4.357334455294413e-08
4.748949789957992,PASSED,-0.26709476294190865,-5.537821493354046e-10,7.620674588278703e-09,2.6632507067388604,2.899295770758726e-09,-5.508178023425362e-08
4.749949989998,PASSED,-0.26709476294245854,-5.459821809828768e-10,7.919497528693906e-09,2.663250706741743,2.8603646970730157e-09,-2.8163935986681832e-08
4.750950190038008,PASSED,-0.2670947629430007,-5.382587008503226e-10,7.592801868461129e-09,2.663250706744587,2.8288872237536184e-09,-3.368649820787384e-08
4.751950390078016,PASSED,-0.26709476294353524,-5.307662443308015e-10,7.4255596202277325e-09,2.6632507067473874,2.777720531235085e-09,-6.282015539230668e-08
4.752950590118024,PASSED,-0.26709476294406226,-5.232916061002365e-10,7.507357304123152e-09,2.663250706750151,2.740786436735943e-09,-1.9676720570365495e-08
4.753950790158032,PASSED,-0.2670947629445818,-5.15770352127908e-10,7.530518417798827e-09,2.6632507067528737,2.7085169166915828e-09,-4.0664719693689855e-08
4.75495099019804,PASSED,-0.26709476294509404,-5.08624896352773e-10,6.888747346692511e-09,2.6632507067555613,2.667079005962886e-09,-4.19533714187012e-08
4.755951190238048,PASSED,-0.26709476294559903,-5.014172018990322e-10,7.420325858439602e-09,2.66325070675821,2.628606933644111e-09,-3.6151206252157655e-08
4.756951390278056,PASSED,-0.2670947629460969,-4.942167399506416e-10,7.053886008357689e-09,2.6632507067608193,2.5906746727920837e-09,-3.911963058527325e-08
4.757951590318064,PASSED,-0.26709476294658774,-4.872991332728715e-10,6.826753790711753e-09,2.663250706763392,2.5538833428026106e-09,-3.523912959227295e-08
4.758951790358072,PASSED,-0.26709476294707163,-4.80497771219274e-10,6.784434228854789e-09,2.66325070676593,2.521026818193212e-09,-3.126812128748257e-08
4.75995199039808,PASSED,-0.2670947629475487,-4.73627455533675e-10,6.92756999009527e-09,2.66325070676843,2.482020321747676e-09,-4.4165413217571e-08
4.760952190438088,PASSED,-0.26709476294801904,-4.669472246259641e-10,6.515338186121294e-09,2.663250706770897,2.448593924314399e-09,-2.626705357708111e-08
4.761952390478096,PASSED,-0.2670947629484828,-4.604315682037092e-10,6.51586857967732e-09,2.663250706773327,2.4145047763158592e-09,-3.9303877612845936e-08
4.762952590518104,PASSED,-0.26709476294894,-4.540298448998661e-10,6.325626453287017e-09,2.663250706775726,2.38156226976026e-09,-2.8701592517434895e-08
4.763952790558112,PASSED,-0.26709476294939094,-4.4776643646304845e-10,6.221929759171443e-09,2.663250706778091,2.349140180247454e-09,-3.490242084305385e-08
4.76495299059812,PASSED,-0.26709476294983553,-4.414836827966528e-10,6.323302937878518e-09,2.6632507067804205,2.3110787309825266e-09,-4.016746821284308e-08
4.765953190638128,PASSED,-0.267094762950274,-4.3537241693480944e-10,5.969907811153232e-09,2.6632507067827196,2.2828129742700805e-09,-2.0331282378847426e-08
4.766953390678136,PASSED,-0.26709476295070644,-4.294152399364745e-10,5.948689789789437e-09,2.6632507067849867,2.2541718277073055e-09,-3.418105601872685e-08
4.767953590718144,PASSED,-0.267094762951133,-4.2358822126338264e-10,5.745904595293446e-09,2.6632507067872226,2.2189240783710527e-09,-3.5958878214603704e-08
4.768953790758152,PASSED,-0.26709476295155377,-4.178633906697407e-10,5.710781259207556e-09,2.6632507067894293,2.1913755921045435e-09,-2.1941558301112854e-08
4.76995399079816,PASSED,-0.2670947629519688,-4.1216474330327725e-10,5.6905581046340735e-09,2.6632507067916067,2.1646306814705707e-09,-2.994714552254619e-08
4.770954190838168,PASSED,-0.2670947629523783,-4.0669819086641457e-10,5.3172153250150896e-09,2.663250706793753,2.130202131052818e-09,-3.741615368122397e-08
4.771954390878176,PASSED,-0.26709476295278234,-4.01422872252977e-10,5.247387472385848e-09,2.6632507067958717,2.1030427184802065e-09,-2.0321585166869916e-08
4.772954590918184,PASSED,-0.2670947629531811,-3.960903687077535e-10,5.389247593781971e-09,2.663250706797963,2.079534629457527e-09,-2.5632424926552947e-08
4.773954790958192,PASSED,-0.26709476295357465,-3.9097426811902855e-10,4.934002585353606e-09,2.663250706800025,2.046904049887204e-09,-3.72960159995026e-08
4.7749549909982,PASSED,-0.2670947629539631,-3.8604259634776675e-10,4.9301178952005886e-09,2.6632507068020614,2.021968100274236e-09,-1.6695905355278638e-08
4.775955191038208,PASSED,-0.26709476295434664,-3.810817438279285e-10,4.981342269596643e-09,2.6632507068040727,2.0018658875916574e-09,-2.2373084234112053e-08
4.776955391078216,PASSED,-0.26709476295472534,-3.76298096535397e-10,4.65185064115471e-09,2.6632507068060574,1.9702571786701645e-09,-3.7765792046413086e-08
4.777955591118224,PASSED,-0.2670947629550993,-3.71633764154227e-10,4.67265354118015e-09,2.6632507068080193,1.947743808102778e-09,-1.2345089581369108e-08
4.778955791158232,PASSED,-0.26709476295546875,-3.671425424489903e-10,4.37026714794107e-09,2.6632507068099556,1.9275921396391143e-09,-2.535605438519391e-08
4.779955991198239,PASSED,-0.26709476295583373,-3.628008825192707e-10,4.3225884509052586e-09,2.6632507068118674,1.89728210289501e-09,-3.361269165004501e-08
4.780956191238247,PASSED,-0.2670947629561943,-3.583362584967383e-10,4.559314403617185e-09,2.6632507068137588,1.880113296835628e-09,-6.206215665606464e-09
4.781956391278255,PASSED,-0.26709476295655066,-3.543159434764459e-10,3.6609820980758846e-09,2.663250706815629,1.862760782482672e-09,-2.478338014452206e-08
4.782956591318263,PASSED,-0.26709476295690293,-3.5031321791770487e-10,4.230554532517819e-09,2.6632507068174758,1.8320478804543014e-09,-3.4665916617602355e-08
4.783956791358271,PASSED,-0.2670947629572512,-3.4614325292190887e-10,4.129571971314797e-09,2.6632507068193005,1.8125804041690506e-09,-9.335182730349722e-09
4.784956991398279,PASSED,-0.2670947629575956,-3.4245099640838323e-10,3.400712874999529e-09,2.663250706821106,1.799530542770516e-09,-1.5526313843991173e-08
4.785957191438287,PASSED,-0.2670947629579363,-3.390064214870789e-10,3.4738162855075355e-09,2.663250706822892,1.7747349872376221e-09,-3.097504999216226e-08
4.786957391478295,PASSED,-0.2670947629582734,-3.352181315510229e-10,3.997939036421676e-09,2.663250706824659,1.7555032609502246e-09,-1.1402843817554377e-08
4.787957591518303,PASSED,-0.2670947629586069,-3.316654346493527e-10,3.255868811835863e-09,2.663250706826408,1.7434400369970017e-09,-1.2503477377001773e-08
4.788957791558311,PASSED,-0.2670947629589371,-3.2861465310642726e-10,2.9140566969851057e-09,2.6632507068281406,1.7238721406943838e-09,-2.4277508919695284e-08
4.789957991598319,PASSED,-0.26709476295926393,-3.251911007264917e-10,3.763216168569135e-09,2.663250706829853,1.7001438172130146e-09,-2.3362199855818083e-08
4.790958191638327,PASSED,-0.2670947629595876,-3.2201157011059226e-10,2.7904069141196177e-09,2.6632507068315494,1.68865488370246e-09,-3.573422613712472e-09
4.791958391678335,PASSED,-0.26709476295990825,-3.1925222874626495e-10,2.7386309977991573e-09,2.663250706833232,1.678607925612961e-09,-1.4362648406689959e-08
4.792958591718343,PASSED,-0.26709476296022594,-3.162412769635492e-10,3.192498972660122e-09,2.663250706834897,1.6545066904576567e-09,-3.0593626321046864e-08
4.793958791758351,PASSED,-0.26709476296054074,-3.1332881804118395e-10,2.7257655555019906e-09,2.663250706836548,1.64169063961458e-09,-9.643338577635044e-10
4.794958991798359,PASSED,-0.2670947629608529,-3.1088809931623706e-10,2.2506875045768853e-09,2.6632507068381854,1.6346784778868429e-09,-1.1044046974386502e-08
4.795959191838367,PASSED,-0.26709476296116236,-3.0824595398465117e-10,2.9031172162585507e-09,2.6632507068398072,1.6121361234303234e-09,-3.020789277794146e-08
4.796959391878375,PASSED,-0.26709476296146933,-3.0560923682041003e-10,2.459117129562868e-09,2.663250706841415,1.5983323576739373e-09,-2.8676810753492366e-09
4.797959591918383,PASSED,-0.26709476296177387,-3.0338491691615615e-10,2.0677884207145636e-09,2.6632507068430127,1.597514990451033e-09,5.495086787255724e-10
4.798959791958391,PASSED,-0.2670947629620761,-3.011948475265093e-10,2.271590035601732e-09,2.663250706844597,1.5788397763843447e-09,-3.149169589696405e-08
4.799959991998399,PASSED,-0.26709476296237616,-2.988814512467533e-10,2.3412671091921765e-09,2.663250706846169,1.5600119928492104e-09,-1.0385175293914566e-08
4.800960192038407,PASSED,-0.26709476296267404,-2.9682455302999e-10,1.8673189551440474e-09,2.6632507068477316,1.5611542166733613e-09,8.827156569527944e-09
4.801960392078415,PASSED,-0.26709476296296997,-2.9496616356712424e-10,1.8524364680136604e-09,2.6632507068492837,1.5501922727603844e-09,-2.4154677567980156e-08
4.802960592118423,PASSED,-0.2670947629632639,-2.92912242534135e-10,2.1882440763063034e-09,2.663250706850826,1.5316474323213938e-09,-1.480494901966417e-08
4.803960792158431,PASSED,-0.267094762963556,-2.9112659542436044e-10,1.5172491320866665e-09,2.6632507068523545,1.5231547218182902e-09,-4.284551492063213e-09
4.804960992198439,PASSED,-0.2670947629638464,-2.897164257158652e-10,1.3387834261008958e-09,2.663250706853878,1.522906473191666e-09,2.442619950335044e-09
4.805961192238447,PASSED,-0.26709476296413515,-2.879040209371713e-10,2.12815234708925e-09,2.6632507068553926,1.510788082876971e-09,-2.182573049138148e-08
4.806961392278455,PASSED,-0.2670947629644223,-2.863094373461986e-10,1.2388710868950775e-09,2.6632507068569,1.4998368058971694e-09,-3.7016413054151053e-09
4.807961592318463,PASSED,-0.2670947629647079,-2.8492729157530384e-10,1.4776622268944904e-09,2.6632507068583973,1.49569717385077e-09,-4.431625873722116e-09
4.808961792358471,PASSED,-0.2670947629649922,-2.835774907319671e-10,1.264559920964861e-09,2.663250706859887,1.4857730471129863e-09,-1.358579398049165e-08
4.809961992398479,PASSED,-0.2670947629652751,-2.8234995487696595e-10,1.2028531443587188e-09,2.6632507068613687,1.4758848000595193e-09,-7.423215768783981e-09
4.810962192438487,PASSED,-0.2670947629655568,-2.8103502651483825e-10,1.3896451739737242e-09,2.6632507068628475,1.4789513817272074e-09,1.0059779958669227e-08
4.811962392478495,PASSED,-0.26709476296583734,-2.798787281117385e-10,1.0007338891837552e-09,2.663250706864316,1.466563732159937e-09,-2.735260258456349e-08
4.812962592518503,PASSED,-0.26709476296611667,-2.7884240440717165e-10,1.060050248155532e-09,2.6632507068657816,1.4579813763194412e-09,3.931141988882844e-09
4.813962792558511,PASSED,-0.2670947629663951,-2.7797373758868506e-10,7.410778653740377e-10,2.6632507068672435,1.4646435764415902e-09,8.482905544326335e-09
4.814962992598519,PASSED,-0.26709476296667245,-2.767509484959315e-10,1.5439299110065575e-09,2.6632507068686953,1.4472940789990273e-09,-3.457109943382226e-08
4.815963192638527,PASSED,-0.2670947629669489,-2.7587757856006995e-10,4.263299524315745e-10,2.663250706870146,1.4440194382610218e-09,1.758966505920582e-08
4.816963392678535,PASSED,-0.26709476296722456,-2.7546999988761136e-10,3.9507781914327607e-10,2.6632507068715903,1.4480879574195862e-09,-4.945578108530151e-09
4.817963592718543,PASSED,-0.2670947629674994,-2.7445378536479293e-10,1.430305658601875e-09,2.6632507068730313,1.43601331230559e-09,-1.6827356450973775e-08
4.818963792758551,PASSED,-0.2670947629677735,-2.736421603773389e-10,3.991712066888234e-10,2.6632507068744697,1.435473393092042e-09,1.0318372278069496e-08
4.819963992798559,PASSED,-0.26709476296804696,-2.733396988551951e-10,2.3798839911385674e-10,2.663250706875902,1.433949530103176e-09,-9.41868650015606e-09
4.820964192838567,PASSED,-0.2670947629683198,-2.7253616779093577e-10,1.1805595076896411e-09,2.6632507068773332,1.4278127033766086e-09,-3.948920210841613e-09
4.821964392878575,PASSED,-0.2670947629685921,-2.7185575273235843e-10,3.469854258358244e-10,2.6632507068787614,1.4276550698085742e-09,2.3698908605037183e-09
4.822964592918583,PASSED,-0.2670947629688638,-2.716690964055841e-10,7.977026073333755e-11,2.6632507068801856,1.4225852596399323e-09,-1.0029610854739196e-08
4.823964792958591,PASSED,-0.2670947629691351,-2.7104337237962703e-10,9.896932027727974e-10,2.6632507068816085,1.420861957324729e-09,3.814236711153973e-09
4.824964992998599,PASSED,-0.26709476296940593,-2.705018213212313e-10,2.4278962881105945e-10,2.6632507068830282,1.4204840892980054e-09,-3.1726045186420543e-09
4.825965193038607,PASSED,-0.2670947629696763,-2.7023890488595973e-10,2.7633430624516683e-10,2.663250706884444,1.4127253499947994e-09,-1.0816162492915016e-08
4.826965393078615,PASSED,-0.26709476296994633,-2.6981373070792577e-10,5.244007592264504e-10,2.6632507068858597,1.4146522937615304e-09,1.0422347939828355e-08
4.827965593118623,PASSED,-0.2670947629702161,-2.69583189719829e-10,3.4634474010272167e-11,2.663250706887275,1.4178560371053e-09,-1.6086597202691754e-09
4.828965793158631,PASSED,-0.26709476297048557,-2.6938723608680746e-10,3.0349973902906736e-10,2.6632507068886877,1.4091784330938254e-09,-1.3390233538945196e-08
4.829965993198639,PASSED,-0.26709476297075474,-2.690158988200397e-10,4.1656228526024317e-10,2.6632507068900986,1.4086599554934278e-09,8.062693025300898e-09
4.830966193238647,PASSED,-0.2670947629710236,-2.6872337437290447e-10,2.098325550519115e-10,2.6632507068915103,1.4151371543604057e-09,5.420202761429395e-09
4.831966393278655,PASSED,-0.2670947629712923,-2.686705028741581e-10,-5.176920545737013e-11,2.6632507068929185,1.4058686668991014e-09,-1.90609476097936e-08
4.832966593318663,PASSED,-0.2670947629715608,-2.6846008015838546e-10,3.8521732992595915e-10,2.6632507068943245,1.4010309433371211e-09,4.644425803228587e-09
4.833966793358671,PASSED,-0.26709476297182916,-2.6819994523838547e-10,1.767466467160424e-10,2.6632507068957327,1.4131241209006745e-09,1.7059012070436518e-08
4.834966993398679,PASSED,-0.2670947629720973,-2.680420927716969e-10,1.4525634667024976e-10,2.663250706897138,1.4055383152110675e-09,-2.4015684196302513e-08
4.835967193438687,PASSED,-0.2670947629723653,-2.6793146038127403e-10,8.754975292461258e-11,2.6632507068985434,1.3994909183282926e-09,5.931461326243678e-09
4.836967393478695,PASSED,-0.2670947629726331,-2.677694195923843e-10,2.1170147953309912e-10,2.6632507068999467,1.4068640318351928e-09,8.334214960671181e-09
4.837967593518703,PASSED,-0.26709476297290086,-2.6760556852844345e-10,1.3195078687943433e-10,2.663250706901351,1.404712328244183e-09,-9.142315958797022e-09
4.838967793558711,PASSED,-0.26709476297316853,-2.675946849801049e-10,-6.982794402202537e-11,2.6632507069027542,1.40040180977338e-09,-1.0893201454736346e-09
4.839967993598719,PASSED,-0.267094762973436,-2.673770123691711e-10,4.093396475711002e-10,2.663250706904156,1.402611157902256e-09,4.408460311775842e-09
4.840968193638727,PASSED,-0.2670947629737034,-2.673273009390696e-10,-1.9004071487818905e-10,2.6632507069055595,1.4050853476649179e-09,1.1846760632524838e-09
4.841968393678735,PASSED,-0.2670947629739706,-2.672658475792582e-10,2.2911607627109704e-10,2.66325070690696,1.3990982889900033e-09,-1.0768215167026215e-08
4.842968593718743,PASSED,-0.2670947629742378,-2.6701569053392875e-10,2.641843580349478e-10,2.6632507069083604,1.3980499126284348e-09,5.431516175403157e-09
4.8439687937587514,PASSED,-0.2670947629745048,-2.669014988049065e-10,1.4196643013805298e-11,2.663250706909761,1.4034927422178117e-09,5.4503718653594265e-09
4.8449689937987594,PASSED,-0.2670947629747717,-2.6688493660337756e-10,1.8139240539001e-11,2.6632507069111595,1.3979445362582793e-09,-1.2880591176127166e-08
4.8459691938387675,PASSED,-0.2670947629750385,-2.666746614814921e-10,3.383657094497801e-10,2.663250706912559,1.396887432405931e-09,6.825221030170859e-09
4.8469693938787755,PASSED,-0.26709476297530504,-2.6648556156200537e-10,8.958939284465407e-11,2.663250706913955,1.3978975586535882e-09,-2.8666036073517355e-09
4.8479695939187835,PASSED,-0.2670947629755715,-2.6633928619560846e-10,1.8406601543180774e-10,2.6632507069153535,1.3980868697807492e-09,2.226587616836069e-09
4.8489697939587915,PASSED,-0.26709476297583773,-2.660963001558895e-10,2.82266055910475e-10,2.663250706916749,1.3948791398053885e-09,-6.830608370158364e-09
4.8499699939987995,PASSED,-0.26709476297610385,-2.659791584154002e-10,7.058863541775194e-12,2.6632507069181433,1.3923799527851848e-09,3.8842721309915454e-10
4.8509701940388075,PASSED,-0.2670947629763697,-2.658308893865416e-10,2.424091390698196e-10,2.663250706919538,1.3962364262418407e-09,6.168504285693925e-09
4.8519703940788155,PASSED,-0.26709476297663537,-2.655074428250652e-10,3.7747150974742427e-10,2.6632507069209312,1.393697480652529e-09,-8.343912172648691e-09
4.8529705941188235,PASSED,-0.26709476297690077,-2.6523512346720977e-10,2.0221792326082573e-10,2.663250706922324,1.3903159550891716e-09,-7.326782383007631e-11
4.8539707941588315,PASSED,-0.2670947629771659,-2.650255291952737e-10,2.14511837719567e-10,2.663250706923713,1.3882625165795341e-09,-3.373552300176014e-09
4.8549709941988395,PASSED,-0.2670947629774307,-2.646483001550651e-10,4.857071752011926e-10,2.6632507069251004,1.3863551827303576e-09,-9.298548818434684e-10
4.8559711942388475,PASSED,-0.2670947629776952,-2.6438526612178776e-10,1.1458527199480352e-10,2.663250706926488,1.38829440963226e-09,3.851948091066512e-09
4.8569713942788555,PASSED,-0.2670947629779593,-2.6394976938924345e-10,6.494377062440426e-10,2.663250706927873,1.3838487766745704e-09,-9.977353656860391e-09
4.8579715943188635,PASSED,-0.2670947629782231,-2.635582570178789e-10,2.1956214811158944e-10,2.6632507069292557,1.3798685021450016e-09,1.7778221958768517e-11
4.8589717943588715,PASSED,-0.26709476297848644,-2.631608571713334e-10,5.159583121679897e-10,2.663250706930638,1.383608716804727e-09,6.2218389515702305e-09
4.8599719943988795,PASSED,-0.26709476297874934,-2.626423270133158e-10,5.202447219173901e-10,2.663250706932014,1.3733184664413925e-09,-2.1298309906604684e-08
4.8609721944388875,PASSED,-0.26709476297901175,-2.6219620617481286e-10,3.967049162265678e-10,2.66325070693339,1.3730311057264588e-09,1.3719938746180539e-08
4.8619723944788955,PASSED,-0.2670947629792737,-2.6176884534839823e-10,4.477980998733636e-10,2.6632507069347633,1.376621013600533e-09,-3.1634460406632946e-09
4.8629725945189035,PASSED,-0.26709476297953505,-2.6101151575135936e-10,9.636839284825614e-10,2.663250706936133,1.3653015658059852e-09,-1.6756782297137453e-08
4.8639727945589115,PASSED,-0.2670947629797958,-2.6038502311508744e-10,4.016984414648885e-10,2.6632507069375007,1.3652873432284182e-09,1.114748390214661e-08
4.8649729945989195,PASSED,-0.26709476298005597,-2.5998422204791375e-10,4.002028176462126e-10,2.663250706938864,1.366080790661778e-09,-6.109243545831363e-09
4.8659731946389275,PASSED,-0.2670947629803154,-2.591910148162399e-10,1.0552101743589596e-09,2.663250706940225,1.356808316568883e-09,-1.1381294457604354e-08
4.8669733946789355,PASSED,-0.2670947629805742,-2.5839236568921166e-10,6.27608428807749e-10,2.663250706941582,1.3536980974472962e-09,2.4038311024250035e-09
4.8679735947189435,PASSED,-0.26709476298083223,-2.576793230859362e-10,7.699987195872918e-10,2.6632507069429354,1.354073271804026e-09,-9.772634737335179e-10
4.8689737947589515,PASSED,-0.2670947629810896,-2.56934017826976e-10,7.288429518754903e-10,2.663250706944284,1.345558365460174e-09,-1.3540001590597853e-08
4.8699739947989595,PASSED,-0.267094762981346,-2.5591217635782304e-10,1.2171738140045564e-09,2.663250706945629,1.3408816156170204e-09,1.2320846551425333e-09
4.8709741948389675,PASSED,-0.2670947629816016,-2.5516394368246545e-10,4.356052495930023e-10,2.6632507069469686,1.34026508842885e-09,-1.8489350837119257e-09
4.8719743948789755,PASSED,-0.26709476298185625,-2.5425859203211464e-10,1.2185159175226808e-09,2.6632507069483045,1.3327639717238468e-09,-1.1269237785864237e-08
4.8729745949189835,PASSED,-0.26709476298211,-2.531790323335049e-10,9.869222193344227e-10,2.663250706949633,1.323765174502317e-09,-7.485170178640296e-09
4.8739747949589916,PASSED,-0.2670947629823627,-2.5218267717322105e-10,1.0026437875834929e-09,2.663250706950958,1.3234669313606089e-09,4.49304154957968e-09
4.8749749949989996,PASSED,-0.26709476298261436,-2.511817546257639e-10,9.997750540395588e-10,2.6632507069522777,1.3195476415196986e-09,-9.527510767903674e-09
4.875975195039008,PASSED,-0.26709476298286494,-2.5007689867794636e-10,1.1749098770029444e-09,2.663250706953591,1.3078683194139855e-09,-1.3113862997586158e-08
4.876975395079016,PASSED,-0.26709476298311446,-2.489357353456759e-10,1.1186656357822233e-09,2.6632507069549005,1.3073411143228082e-09,7.86390017976194e-09
4.877975595119024,PASSED,-0.2670947629833627,-2.476978970257128e-10,1.3172867760835918e-09,2.6632507069562013,1.2989463456606773e-09,-1.9233881223392533e-08
4.878975795159032,PASSED,-0.26709476298360985,-2.4650311167926544e-10,1.1131177266899063e-09,2.663250706957498,1.2905920897952527e-09,-1.1011722934461468e-09
4.87997599519904,PASSED,-0.26709476298385565,-2.4512167138521115e-10,1.5603220056305418e-09,2.663250706958787,1.2879713643849309e-09,-3.633760821572535e-09
4.880976195239048,PASSED,-0.2670947629841002,-2.4380102516915476e-10,1.16086235634029e-09,2.663250706960068,1.2767566464797402e-09,-1.6268689294269445e-08
4.881976395279056,PASSED,-0.26709476298434326,-2.424408196644792e-10,1.4931009368991253e-09,2.6632507069613434,1.2706651811558676e-09,6.933506563919721e-10
4.882976595319064,PASSED,-0.267094762984585,-2.4112971972952343e-10,1.1897659336601855e-09,2.663250706962612,1.2681070566362004e-09,-4.725774637039922e-09
4.883976795359072,PASSED,-0.2670947629848253,-2.395603902350396e-10,1.822371868366302e-09,2.6632507069638707,1.2521532034908007e-09,-2.3439238817639414e-08
4.88497699539908,PASSED,-0.2670947629850641,-2.3794770253394324e-10,1.4728982562496992e-09,2.6632507069651234,1.2469088435065636e-09,6.885559238030921e-09
4.885977195439088,PASSED,-0.2670947629853014,-2.36622152003831e-10,1.2273187126873244e-09,2.663250706966367,1.2430395481807374e-09,-1.1039198368397748e-08
4.886977395479096,PASSED,-0.26709476298553714,-2.349478775601061e-10,1.972244931083287e-09,2.663250706967601,1.2265434053921954e-09,-2.013410573530472e-08
4.887977595519104,PASSED,-0.2670947629857712,-2.3310116789259427e-10,1.7630194917975385e-09,2.6632507069688303,1.22489865049401e-09,1.0681478993227375e-08
4.888977795559112,PASSED,-0.26709476298600365,-2.317104537564558e-10,1.1425105656991103e-09,2.6632507069700484,1.2178600908003338e-09,-1.8851918818278385e-08
4.88997799559912,PASSED,-0.2670947629862343,-2.2985163757317004e-10,2.336353261676858e-09,2.6632507069712577,1.2005335434261178e-09,-1.6309633078174488e-08
4.890978195639128,PASSED,-0.2670947629864633,-2.279061613516427e-10,1.6848915280943098e-09,2.663250706972458,1.196708424288189e-09,4.497890155568435e-09
4.891978395679136,PASSED,-0.26709476298669044,-2.2630931803725482e-10,1.5381445052502812e-09,2.6632507069736495,1.1899588415114425e-09,-1.424789806495609e-08
4.892978595719144,PASSED,-0.2670947629869158,-2.2450261197629368e-10,1.98574709810167e-09,2.6632507069748317,1.1742511898034719e-09,-1.6680820803313624e-08
4.893978795759152,PASSED,-0.2670947629871393,-2.2244977513806931e-10,2.0975633316395283e-09,2.6632507069760027,1.1657150573400691e-09,-3.1063402367957352e-09
4.89497899579916,PASSED,-0.26709476298736085,-2.2064719508362186e-10,1.605924536319381e-09,2.6632507069771636,1.1578047182896149e-09,-1.1113004926226575e-08
4.895979195839168,PASSED,-0.2670947629875805,-2.1878682986730262e-10,2.029992336319156e-09,2.6632507069783173,1.1486680051644049e-09,-7.819185257865645e-09
4.896979395879176,PASSED,-0.2670947629877981,-2.165883004870489e-10,2.3108874095434343e-09,2.6632507069794586,1.1353356316569256e-09,-1.7007832340555213e-08
4.897979595919184,PASSED,-0.26709476298801377,-2.1459106944368941e-10,1.7881267992368586e-09,2.663250706980587,1.1204398520850722e-09,-1.3487744392719048e-08
4.898979795959192,PASSED,-0.2670947629882273,-2.1255494268349647e-10,2.2014600674970314e-09,2.6632507069817066,1.115448158346249e-09,6.723400304407002e-10
4.8999799959992,PASSED,-0.26709476298843887,-2.10482944194098e-10,1.985690770666073e-09,2.6632507069828173,1.1082680193577013e-09,-1.241512500120668e-08
4.900980196039208,PASSED,-0.26709476298864826,-2.0825109838647008e-10,2.3959491656025056e-09,2.6632507069839138,1.087157081135862e-09,-2.6908147035594276e-08
4.901980396079216,PASSED,-0.2670947629888554,-2.059527356839743e-10,2.2333050604246025e-09,2.6632507069850013,1.081149011834996e-09,7.925315855619505e-09
4.902980596119224,PASSED,-0.26709476298906043,-2.0401164614705186e-10,1.7462791879209992e-09,2.6632507069860765,1.0739693038336473e-09,-1.7249723905994216e-08
4.903980796159232,PASSED,-0.26709476298926327,-2.0178847142703632e-10,2.5411050747452517e-09,2.663250706987138,1.051225139621196e-09,-2.6407124416756253e-08
4.90498099619924,PASSED,-0.26709476298946383,-1.9926633410892724e-10,2.5094921470182865e-09,2.663250706988189,1.0447302702790588e-09,6.779967374275812e-09
4.905981196239248,PASSED,-0.2670947629896621,-1.9708054324031506e-10,1.9699900163414755e-09,2.663250706989229,1.0393955107298314e-09,-1.3411244164896468e-08
4.906981396279256,PASSED,-0.2670947629898581,-1.9494291369907404e-10,2.2493892245073804e-09,2.663250706990257,1.0185225851886401e-09,-2.5847379792054422e-08
4.907981596319264,PASSED,-0.2670947629900518,-1.92444224021438e-10,2.664889979721792e-09,2.6632507069912723,1.0070400087392708e-09,-1.9060408875794853e-09
4.908981796359272,PASSED,-0.2670947629902431,-1.90091506308749e-10,2.144602868000475e-09,2.6632507069922764,1.0016248700774296e-09,-7.754537178015576e-09
4.90998199639928,PASSED,-0.26709476299043206,-1.8792370313362793e-10,2.183270046534768e-09,2.663250706993267,9.836494714751183e-10,-2.4789306218508318e-08
4.910982196439288,PASSED,-0.26709476299061863,-1.853793974082414e-10,2.7849961779543444e-09,2.6632507069942455,9.694168734557268e-10,-7.1947925533137436e-09
4.911982396479296,PASSED,-0.2670947629908027,-1.8276781481094331e-10,2.4959735435272955e-09,2.6632507069952087,9.584980282626499e-10,-1.3401546952918958e-08
4.912982596519304,PASSED,-0.26709476299098445,-1.8059336494530438e-10,1.9601007470467122e-09,2.663250706996164,9.50736379795851e-10,-4.0017161427191675e-09
4.913982796559312,PASSED,-0.2670947629911637,-1.7805100824244292e-10,2.9305273400712727e-09,2.6632507069971014,9.299381227868866e-10,-3.1995950919794574e-08
4.91498299659932,PASSED,-0.2670947629913405,-1.7545173870866756e-10,2.378430996244743e-09,2.66325070699803,9.19602511020857e-10,4.104614336480525e-09
4.915983196639328,PASSED,-0.2670947629915148,-1.7310312637060275e-10,2.3287332326115273e-09,2.663250706998943,9.109316950577664e-10,-1.7187769496137903e-08
4.916983396679336,PASSED,-0.2670947629916866,-1.705963231887491e-10,2.6255164813483593e-09,2.6632507069998446,8.92972350728618e-10,-1.847372755115549e-08
4.917983596719344,PASSED,-0.26709476299185597,-1.6812086839963907e-10,2.3754136609511576e-09,2.6632507070007336,8.823940931695512e-10,-5.314610897674285e-09
4.918983796759352,PASSED,-0.2670947629920228,-1.6552312829393624e-10,2.745957735537321e-09,2.663250707001606,8.657751190292941e-10,-2.415521630197891e-08
4.91998399679936,PASSED,-0.26709476299218704,-1.629112112594899e-10,2.52255656705235e-09,2.663250707002467,8.520030308320345e-10,-6.850002794113384e-09
4.920984196839368,PASSED,-0.2670947629923488,-1.6052001298932617e-10,2.303626072237972e-09,2.6632507070033165,8.466560958944352e-10,-4.3448896999232755e-09
4.921984396879376,PASSED,-0.267094762992508,-1.5797949600332938e-10,2.698444261836005e-09,2.6632507070041505,8.263783636750635e-10,-3.089962723233718e-08
4.922984596919384,PASSED,-0.26709476299266466,-1.5533833833660904e-10,2.602966603309928e-09,2.6632507070049733,8.136545440925728e-10,-6.066144825931319e-10
4.923984796959392,PASSED,-0.2670947629928188,-1.5295769899978028e-10,2.232421159174665e-09,2.6632507070057816,8.051695913590512e-10,-1.3737178234140558e-08
4.9249849969994,PASSED,-0.2670947629929704,-1.5041054054387862e-10,2.756983320386333e-09,2.6632507070065747,7.840799870035624e-10,-2.599122176972082e-08
4.925985197039408,PASSED,-0.2670947629931194,-1.475974297196714e-10,2.850529160087851e-09,2.663250707007356,7.728220626316719e-10,-1.4357261066702455e-09
4.926985397079416,PASSED,-0.26709476299326596,-1.4526778653446242e-10,1.9823858686230514e-09,2.6632507070081233,7.644095157475824e-10,-1.3063760735702356e-08
4.927985597119424,PASSED,-0.2670947629934099,-1.4275553530319467e-10,2.865494806364216e-09,2.6632507070088782,7.469742518524185e-10,-2.0349599334804944e-08
4.928985797159432,PASSED,-0.26709476299355134,-1.400359960139018e-10,2.6222356112452906e-09,2.66325070700962,7.336990918956064e-10,-8.558867038150165e-09
4.92998599719944,PASSED,-0.2670947629936902,-1.376900260888848e-10,2.1617928008648764e-09,2.6632507070103477,7.233019567069196e-10,-1.1622647289044606e-08
4.930986197239448,PASSED,-0.2670947629938266,-1.352241292375239e-10,2.668632885024908e-09,2.6632507070110627,7.081808785767885e-10,-1.7453365357521928e-08
4.931986397279456,PASSED,-0.26709476299396046,-1.32536698771707e-10,2.69996218634492e-09,2.6632507070117666,6.969783360599696e-10,-7.035327289683578e-09
4.932986597319464,PASSED,-0.26709476299409185,-1.3012831198185228e-10,2.214003192194577e-09,2.663250707012456,6.841890064232308e-10,-1.6625331201442316e-08
4.933986797359472,PASSED,-0.2670947629942207,-1.2766013114905855e-10,2.6376325931932016e-09,2.66325070701313,6.649641759310173e-10,-2.0957830019394328e-08
4.93498699739948,PASSED,-0.2670947629943471,-1.2508130906171462e-10,2.5396150834444115e-09,2.6632507070137934,6.577796193236798e-10,1.9976256673670806e-09
4.935987197439488,PASSED,-0.26709476299447105,-1.2271504345817922e-10,2.250699283596072e-09,2.6632507070144427,6.461571875282347e-10,-2.0702470103986562e-08
4.936987397479496,PASSED,-0.2670947629945925,-1.2026244141667322e-10,2.5872038801126225e-09,2.6632507070150795,6.273097940755457e-10,-1.7610675685157093e-08
4.937987597519504,PASSED,-0.2670947629947115,-1.1784389309518468e-10,2.3061112824058084e-09,2.6632507070157034,6.176873583770622e-10,-4.296942374034476e-09
4.938987797559512,PASSED,-0.26709476299482815,-1.154629638049739e-10,2.430807962080749e-09,2.663250707016316,6.087813311501172e-10,-1.1978750462218726e-08
4.93998799759952,PASSED,-0.26709476299494245,-1.1305319208221196e-10,2.395747563216072e-09,2.6632507070169127,5.882085881930297e-10,-2.6302071286999895e-08
4.940988197639528,PASSED,-0.2670947629950543,-1.1063763780691862e-10,2.428758750011522e-09,2.6632507070175016,5.821316686871235e-10,7.406515014822714e-09
4.941988397679536,PASSED,-0.2670947629951639,-1.0838495256220607e-10,2.1353029078465823e-09,2.6632507070180753,5.712628180091306e-10,-2.305242780653651e-08
4.942988597719544,PASSED,-0.2670947629952711,-1.0610198816122055e-10,2.3814053964114764e-09,2.663250707018639,5.538134392831994e-10,-1.3714012672194284e-08
4.943988797759552,PASSED,-0.267094762995376,-1.0371113731102401e-10,2.3971478193865756e-09,2.6632507070191873,5.426148833979713e-10,-9.521584693917417e-09
4.94498899779956,PASSED,-0.26709476299547863,-1.0150810327343537e-10,2.073624849723346e-09,2.6632507070197255,5.332468378936978e-10,-9.2656860445109e-09
4.945989197839568,PASSED,-0.267094762995579,-9.928868337091581e-11,2.3166166043836904e-09,2.6632507070202527,5.216499420897934e-10,-1.3151035643499947e-08
4.946989397879576,PASSED,-0.26709476299567714,-9.697046023871115e-11,2.3192941507519757e-09,2.663250707020768,5.086411322219637e-10,-1.29139926840497e-08
4.947989597919584,PASSED,-0.2670947629957731,-9.490181766976752e-11,1.9015415144047404e-09,2.6632507070212696,4.955458016739345e-10,-1.3216222457348765e-08
4.948989797959592,PASSED,-0.26709476299586693,-9.275074488429948e-11,2.3174269661768877e-09,2.663250707021762,4.875612250784524e-10,-4.496812687570933e-09
4.9499899979996,PASSED,-0.26709476299595863,-9.058522913927603e-11,2.0642415975878292e-09,2.6632507070222426,4.76159674222495e-10,-1.600470963488167e-08
4.950990198039608,PASSED,-0.26709476299604823,-8.860852498986731e-11,1.9183458506226515e-09,2.663250707022711,4.610707046386896e-10,-1.447847621642133e-08
4.951990398079616,PASSED,-0.2670947629961357,-8.644794179066212e-11,2.3220747649268798e-09,2.6632507070231703,4.5468778422149293e-10,-9.858832177135268e-10
4.952990598119624,PASSED,-0.2670947629962212,-8.444560314565639e-11,1.7891812317249658e-09,2.6632507070236184,4.440415384317839e-10,-1.7086487504372797e-08
4.953990798159632,PASSED,-0.26709476299630475,-8.262146093360886e-11,1.847449532262578e-09,2.663250707024056,4.298393250099218e-10,-1.227936403352154e-08
4.95499099819964,PASSED,-0.26709476299638624,-8.048451677800885e-11,2.329940571158305e-09,2.663250707024484,4.245594085817671e-10,-6.136180245768891e-10
4.955991198239648,PASSED,-0.2670947629964659,-7.861559862354601e-11,1.5615698766658385e-09,2.6632507070249014,4.1402974482938766e-10,-1.714036090424785e-08
4.956991398279656,PASSED,-0.2670947629965436,-7.693001055583547e-11,1.7682668617403578e-09,2.66325070702531,4.018346387932707e-10,-8.898269457363018e-09
4.957991598319664,PASSED,-0.26709476299661944,-7.483360336577916e-11,2.315167408933628e-09,2.663250707025707,3.924957926717295e-10,-9.632563897660033e-09
4.958991798359672,PASSED,-0.26709476299669355,-7.315016099667123e-11,1.2622923425574639e-09,2.663250707026097,3.85819585465613e-10,-4.7053027450874e-09
4.95999199839968,PASSED,-0.2670947629967658,-7.152250450704475e-11,1.8712325876724785e-09,2.663250707026476,3.7471573901736524e-10,-1.5369542250354756e-08
4.960992198439688,PASSED,-0.26709476299683643,-6.971366615903913e-11,1.7672421882276953e-09,2.6632507070268456,3.6293966028547644e-10,-9.38043638624477e-09
4.961992398479696,PASSED,-0.2670947629969053,-6.804074134133808e-11,1.6100465706832932e-09,2.663250707027205,3.551211215084093e-10,-6.777273704282059e-09
4.962992598519704,PASSED,-0.26709476299697255,-6.644040081632307e-11,1.5938698279028325e-09,2.663250707027558,3.4984045085265627e-10,-4.282935290066961e-09
4.963992798559712,PASSED,-0.2670947629970382,-6.491102388260398e-11,1.486381670929947e-09,2.6632507070279035,3.420616706446969e-10,-1.0109343486554278e-08
4.96499299859972,PASSED,-0.2670947629971023,-6.329696517104603e-11,1.6991767386432992e-09,2.6632507070282383,3.288973821448277e-10,-1.520091850874583e-08
4.965993198639728,PASSED,-0.26709476299716484,-6.17548463255927e-11,1.4374135833266902e-09,2.663250707028567,3.2403175216171215e-10,2.0245623673046087e-09
4.966993398679736,PASSED,-0.2670947629972259,-6.043398895433345e-11,1.243153229880947e-09,2.6632507070288858,3.168142250336511e-10,-1.3378920124971434e-08
4.967993598719744,PASSED,-0.2670947629972855,-5.88889547079035e-11,1.7462882574626254e-09,2.6632507070291975,3.058596079030572e-10,-9.338415134342227e-09
4.968993798759752,PASSED,-0.26709476299734375,-5.7471405106323805e-11,1.1983904976577403e-09,2.663250707029503,3.024972612700552e-10,6.216990345581475e-10
4.96999399879976,PASSED,-0.2670947629974007,-5.6430901213022107e-11,9.352461570643448e-10,2.6632507070298024,2.978960419335264e-10,-8.08316491725342e-09
4.970994198839768,PASSED,-0.2670947629974563,-5.495105381310096e-11,1.8429148951590068e-09,2.663250707030094,2.869298958953593e-10,-1.2888133452109673e-08
4.971994398879776,PASSED,-0.2670947629975106,-5.349012838795059e-11,1.2062657784779372e-09,2.6632507070303775,2.781359253401544e-10,-6.064528623935066e-09
4.972994598919784,PASSED,-0.2670947629975637,-5.253444574873964e-11,7.886272130329685e-10,2.663250707030658,2.8061108482401396e-10,8.168284889056007e-09
4.973994798959792,PASSED,-0.2670947629976157,-5.154628413483608e-11,1.1211845478172857e-09,2.6632507070309317,2.716321130136381e-10,-2.041047627666376e-08
4.9749949989998,PASSED,-0.2670947629976665,-5.0089840213354136e-11,1.6799501705917153e-09,2.663250707031197,2.558775914477762e-10,-1.2650551758660676e-08
4.975995199039808,PASSED,-0.26709476299771623,-4.9192333763340244e-11,3.75877302962018e-10,2.6632507070314566,2.5857384736472303e-10,1.2927461034018465e-08
4.976995399079816,PASSED,-0.26709476299776497,-4.84223604341876e-11,1.0327040132797333e-09,2.663250707031711,2.559673445319681e-10,-1.2962478743937251e-08
4.977995599119824,PASSED,-0.26709476299781265,-4.7086491914253126e-11,1.537978191037635e-09,2.6632507070319633,2.475738688314343e-10,-5.34747367159807e-09
4.978995799159832,PASSED,-0.26709476299785945,-4.628463273206108e-11,3.1111317629499695e-10,2.663250707032209,2.4369843193802227e-10,-2.8940790412880144e-09
4.97999599919984,PASSED,-0.2670947629979053,-4.555775669533707e-11,1.0040512770100212e-09,2.6632507070324474,2.3548413916547297e-10,-1.17611019267235e-08
4.980996199239848,PASSED,-0.2670947629979503,-4.4463411625571835e-11,1.1545409316020444e-09,2.6632507070326845,2.3509495772477555e-10,7.192098883319991e-09
4.981996399279856,PASSED,-0.26709476299799445,-4.3683002599450564e-11,5.30987755800751e-10,2.663250707032917,2.332744677961976e-10,-7.828882469843155e-09
4.982996599319864,PASSED,-0.26709476299803786,-4.317443726928898e-11,4.936170464021378e-10,2.6632507070331433,2.2093476555481603e-10,-1.5346915422407235e-08
4.983996799359872,PASSED,-0.26709476299808055,-4.228449985847871e-11,1.1541509870823494e-09,2.6632507070333675,2.2114153166353648e-10,1.0575887129472265e-08
4.98499699939988,PASSED,-0.2670947629981225,-4.1515943703999267e-11,5.114929327441729e-10,2.6632507070335882,2.2339462499311108e-10,-3.2954358703571823e-09
4.985997199439888,PASSED,-0.2670947629981638,-4.109086805723815e-11,3.6746412277240976e-10,2.663250707033804,2.111842189114296e-10,-1.8153719555897656e-08
4.986997399479896,PASSED,-0.26709476299820456,-4.0516075998776615e-11,7.13010682254287e-10,2.6632507070340186,2.1116266955147956e-10,1.2066564104015068e-08
4.987997599519904,PASSED,-0.26709476299824475,-3.9812117649707264e-11,6.979234602793974e-10,2.663250707034228,2.1202475169628023e-10,-6.607572494675632e-09
4.988997799559912,PASSED,-0.26709476299828444,-3.9413011570432736e-11,1.9989449193795437e-10,2.6632507070344347,2.020516001646101e-10,-1.2216870889666474e-08
4.98999799959992,PASSED,-0.26709476299832363,-3.8969512348828105e-11,6.059023747157444e-10,2.6632507070346407,2.0481983094378996e-10,1.2758298558410788e-08
4.990998199639928,PASSED,-0.2670947629983623,-3.8396825852466975e-11,5.505425774580524e-10,2.663250707034845,2.0728453898807378e-10,-4.39768563180083e-09
4.991998399679936,PASSED,-0.2670947629984006,-3.813240130385903e-11,7.367919604119597e-11,2.6632507070350466,1.9771500696826758e-10,-1.3017429611809808e-08
4.992998599719944,PASSED,-0.2670947629984386,-3.784757459089744e-11,4.2559172424185713e-10,2.663250707035244,1.9354822272833125e-10,1.7336460079793056e-09
4.993998799759952,PASSED,-0.26709476299847623,-3.7462574585852794e-11,3.5793885891317013e-10,2.6632507070354405,1.98825553233292e-10,7.639786836281707e-09
4.99499899979996,PASSED,-0.2670947629985136,-3.727376503406338e-11,7.60566803735744e-11,2.663250707035638,1.983158031236742e-10,-5.9427747402174395e-09
4.995999199839968,PASSED,-0.26709476299855067,-3.697309613614101e-11,4.5041037628823833e-10,2.663250707035831,1.8768927499831938e-10,-1.374903038211307e-08
4.996999399879976,PASSED,-0.2670947629985876,-3.6787876202805485e-11,8.426304700384285e-12,2.6632507070360263,1.9516647191377815e-10,2.1628015113840025e-08
4.997999599919984,PASSED,-0.2670947629986243,-3.661891944461682e-11,2.7597706051419077e-10,2.663250707036218,1.9561545282833686e-10,-1.3670375218295488e-08
4.998999799959992,PASSED,-0.26709476299866086,-3.6423343311914454e-11,1.4197551416114848e-10,2.663250707036408,1.841421426037459e-10,-1.0008600228787924e-08
5.0,PASSED,-0.26709476299869733,-3.647965582179322e-11,-1.8850452590537275e-10,2.6632507070365996,1.9232486556396843e-10,2.0310271752896152e-08
