time,status,q_yH,dq_yH,ddq_yH,q_phiO,dq_phiO,ddq_phiO
0.0,PASSED,-0.29787191067074986,0.0,0.0,2.8280282978593627,0.0,0.0
0.0010002000400080016,PASSED,-0.29787043167881794,0.0022047084699398016,3.674514116566336,2.8280201703524637,-0.01211553823430661,-20.192563723844348
0.002000400080016003,PASSED,-0.29786640626336414,0.005854551668167899,3.633395919335938,2.8279980496077237,-0.032172337451971796,-19.96628954687908
0.0030006001200240046,PASSED,-0.2978587517140684,0.009463052682492834,3.5919044109842697,2.827955986307937,-0.05200121218413204,-19.737264855681023
0.004000800160032006,PASSED,-0.2978475095560626,0.013029843728741218,3.5500488030911264,2.827894209595252,-0.0715996468379109,-19.505881185844082
0.005001000200040008,PASSED,-0.2978327216756325,0.01655456925197197,3.5078433366571677,2.8278129510226715,-0.09096538166216363,-19.272303916525157
0.006001200240048009,PASSED,-0.2978144303042918,0.020036892718468962,3.4653102197235506,2.827712444448547,-0.11009613105076016,-19.036379703310796
0.007001400280056011,PASSED,-0.2977926780029864,0.023476493835680772,3.4224617155373185,2.827592925931633,-0.12898969735538382,-18.798357372165558
0.008001600320064013,PASSED,-0.2977675076464366,0.02687306515076613,3.3793110481173794,2.8274546336267865,-0.14764409766695422,-18.55842893784027
0.009001800360072015,PASSED,-0.29773896240762066,0.030226316285055885,3.335877858404668,2.8272978076813815,-0.1660573836523462,-18.316524017093133
0.010002000400080016,PASSED,-0.29770708574240445,0.03353597302833575,3.2921759998633253,2.82712269013246,-0.18422767650509123,-18.072805409846254
0.011002200440088018,PASSED,-0.2976719213743175,0.03680177445723358,3.2482183815874968,2.8269295248047195,-0.2021532747557624,-17.827460144554443
0.012002400480096018,PASSED,-0.2976335132794854,0.04002347534926621,3.2040225656627137,2.8267185572093383,-0.21983254690484696,-17.58048015210465
0.01300260052010402,PASSED,-0.29759190567171595,0.04320084619417729,3.159603031076671,2.8264900344437187,-0.23726392689132847,-17.33197987606607
0.014002800560112022,PASSED,-0.2975471429877453,0.0463336709806488,3.1149726234013992,2.8262442050921837,-0.2544459957697148,-17.082128213266525
0.015003000600120024,PASSED,-0.29749926987264724,0.0494217484076276,3.070147296030402,2.825981319127694,-0.27137742278530613,-16.83095955047461
0.016003200640128026,PASSED,-0.29744833116540764,0.05246489225122559,3.0251415419763754,2.8257016278145644,-0.2880569446748602,-16.578563448940304
0.017003400680136026,PASSED,-0.29739437188466683,0.05546292977126629,2.979968172083585,2.825405383612314,-0.3044834224365227,-16.325087303477336
0.01800360072014403,PASSED,-0.2973374372146324,0.05841570218251416,2.9346419040240685,2.8250928400806097,-0.320655812521333,-16.070591939032305
0.01900380076015203,PASSED,-0.2972775724911665,0.06132306507747197,2.889176888913626,2.8247642517853815,-0.3365731424532816,-15.81515526055944
0.020004000800160033,PASSED,-0.29721482318804626,0.06418488733033206,2.8435858288244265,2.8244198742061157,-0.35223454742573235,-15.5589047803783
0.021004200840168033,PASSED,-0.29714923490340284,0.06700105114473694,2.797882471458528,2.8240599636444053,-0.36763925875735604,-15.301915699120574
0.022004400880176037,PASSED,-0.2970808533463394,0.06977145239828789,2.752080441612588,2.8236847771337144,-0.38278658178689556,-15.044261249818815
0.023004600920184037,PASSED,-0.29700972432372935,0.07249599990713658,2.7061922203394255,2.8232945723504623,-0.39767591758142357,-14.786052157667479
0.024004800960192037,PASSED,-0.2969358937271969,0.07517461525559005,2.6602307671961567,2.822889607526406,-0.41230676039131187,-14.527369911368886
0.02500500100020004,PASSED,-0.2968594075202817,0.07780723301802477,2.614209092593769,2.822470141362352,-0.42667867992775577,-14.26828595316057
0.02600520104020804,PASSED,-0.296780311725788,0.08039380026627765,2.568139352025632,2.822036432943226,-0.44079133291979644,-14.008897684627431
0.027005401080216044,PASSED,-0.2966986524133192,0.08293427630382162,2.5220338278895396,2.8215887416545247,-0.4546444645503309,-13.749287594472523
0.028005601120224044,PASSED,-0.29661447568700045,0.08542863276666995,2.4759048861542032,2.8211273271001684,-0.4682378952634479,-13.48952612554664
0.029005801160232048,PASSED,-0.2965278276733876,0.0878768532847836,2.429764272753256,2.820652449021747,-0.4815715258784655,-13.229700274665005
0.030006001200240048,PASSED,-0.2964387545095647,0.09027893318744265,2.383623655929564,2.8201643672192076,-0.49464534022563234,-12.969890395501393
0.03100620124024805,PASSED,-0.29634730233143103,0.09263487950416165,2.3374947572452776,2.819663341472976,-0.5074593958012092,-12.710165695627277
0.03200640128025605,PASSED,-0.2962535172621761,0.0949447107168165,2.291388849594568,2.819149631467532,-0.5200138250413349,-12.45060493645791
0.033006601320264055,PASSED,-0.29615744540094485,0.09720845647022937,2.245317022625073,2.8186234967164316,-0.5323088378145391,-12.191284664368446
0.03400680136027205,PASSED,-0.2960591328116921,0.09942615749960189,2.1992903672041493,2.818085196488819,-0.5443447149748881,-11.932272157669498
0.035007001400280055,PASSED,-0.2959586255122267,0.101597865430319,2.153319639725766,2.8175349897373914,-0.5561218075659475,-11.673639546652783
0.03600720144028806,PASSED,-0.2958559694634452,0.10372364250798921,2.1074153696331765,2.8169731350278453,-0.567640538601052,-11.41545869407236
0.03700740148029606,PASSED,-0.2957512105587546,0.1058035614768847,2.0615880350703537,2.8163998904698206,-0.5789013986516671,-11.157794288310217
0.03800760152030406,PASSED,-0.2956443946136846,0.10783770540102115,2.0158478501805077,2.815815513649305,-0.589904944075441,-10.900712847416546
0.03900780156031206,PASSED,-0.2955355673556882,0.10982616741810443,1.9702047950184558,2.8152202615625272,-0.600651797959625,-10.644281242028894
0.040008001600320066,PASSED,-0.2954247744141311,0.11176905058548242,1.9246687489510257,2.814614390551351,-0.6111426470465223,-10.388560983476369
0.04100820164032806,PASSED,-0.2953120613104676,0.1136664677123576,1.8792493788246114,2.8139981562401193,-0.6213782396231611,-10.133613638747079
0.042008401680336066,PASSED,-0.29519747344860514,0.11551854113192728,1.8339561133997113,2.813371813473992,-0.6313593857115448,-9.87950105480831
0.04300860172034407,PASSED,-0.29508105610545377,0.11732540253140729,1.7887982568668779,2.812735616258749,-0.6410869548460199,-9.626281187586148
0.04400880176035207,PASSED,-0.294962854421662,0.11908719278616978,1.7437849200262363,2.8120898177020655,-0.6505618739125029,-9.374010985747624
0.04500900180036007,PASSED,-0.29484291339253726,0.12080406174864987,1.698924990782662,2.8114346699562263,-0.6597851267867152,-9.122747466522096
0.04600920184036807,PASSED,-0.2947212778591498,0.12247616807116775,1.6542272103413482,2.810770424162316,-0.6687577525986844,-8.872544708934116
0.04700940188037608,PASSED,-0.2945979924996197,0.12410367903868261,1.6097001389638654,2.81009733039583,-0.6774808436921296,-8.62345534978598
0.048009601920384073,PASSED,-0.29447310182058517,0.12568677037216677,1.5653521298310409,2.8094156376137205,-0.685955544869609,-8.375531729275016
0.04900980196039208,PASSED,-0.29434665014885225,0.1272256260485305,1.5211913740521965,2.8087255936028637,-0.6941830519366737,-8.128823958924608
0.05001000200040008,PASSED,-0.29421868162322334,0.12872043813313333,1.4772258916365775,2.8080274449299343,-0.7021646098287414,-7.883380514162991
0.051010202040408084,PASSED,-0.2940892401865038,0.13017140659464269,1.4334635080912357,2.8073214368926895,-0.7099015115737519,-7.63924923224229
0.05201040208041608,PASSED,-0.2939583695776866,0.13157873912402862,1.3899118769157344,2.8066078134726036,-0.7173950970477996,-7.396476301917831
0.053010602120424084,PASSED,-0.29382611332431147,0.13294265097020666,1.346578492352913,2.805886817288896,-0.7246467512502816,-7.155106136191506
0.05401080216043209,PASSED,-0.29369251473499913,0.13426336476087927,1.3034706562190785,2.8051586895539216,-0.731657903085587,-6.9151823013811775
0.05501100220044009,PASSED,-0.29355761689215826,0.1355411103267484,1.2605955056358114,2.804423670029865,-0.7384300242504214,-6.676747073803196
0.05601120224044809,PASSED,-0.2934214626448643,0.13677612453703022,1.2179600133791677,2.803681996986797,-0.7449646276426638,-6.439840937868584
0.05701140228045609,PASSED,-0.2932840946019081,0.1379686511280822,1.1755709761671544,2.802933907162019,-0.7512632660956207,-6.204503463015713
0.058011602320464095,PASSED,-0.29314555512501306,0.13911894053235888,1.1334350230163341,2.802179635720691,-0.7573275312995038,-5.970773031128138
0.05901180236047209,PASSED,-0.2930058863222205,0.140227249714886,1.0915586222010139,2.8014194162177537,-0.7631590523389719,-5.7386863783612325
0.060012002400480095,PASSED,-0.2928651300414392,0.14129384200954595,1.0499480762991942,2.8006534805610994,-0.7687594944337801,-5.508279239106239
0.0610122024404881,PASSED,-0.29272332786415994,0.14231898695278133,1.00860952119283,2.7998820589759834,-0.7741305578655612,-5.279586226897648
0.0620124024804961,PASSED,-0.2925805210993329,0.1433029601216562,0.9675489339962376,2.7991053799706354,-0.779273976692041,-5.052640559534697
0.0630126025205041,PASSED,-0.2924367507774049,0.14424604297763438,0.9267721372994555,2.798323670303126,-0.7841915174322819,-4.827474194044968
0.0640128025605121,PASSED,-0.29229205764451727,0.14514852270454207,0.8862847866465299,2.7975371549493633,-0.7888849780610516,-4.6041182519196555
0.0650130026005201,PASSED,-0.2921464821568605,0.14601069205100467,0.8460923863399957,2.7967460570722866,-0.7933561868310752,-4.382602448759684
0.06601320264052811,PASSED,-0.2920000644751858,0.1468328491785612,0.8062002883675612,2.795950597992201,-0.7976070010015939,-4.162955318357827
0.06701340268053611,PASSED,-0.2918528444594705,0.14761529750553284,0.7666136860410249,2.795150997158244,-0.8016393058300282,-3.945204501818678
0.0680136027205441,PASSED,-0.29170486166373727,0.1483583455539243,0.727337623291697,2.794347472120958,-0.8054550134947526,-3.729376439994911
0.0690138027605521,PASSED,-0.29155615533102347,0.14906230680189542,0.688376997757398,2.793540238505953,-0.8090560619209208,-3.5154964169507186
0.07001400280056011,PASSED,-0.2914067643885011,0.14972749953368375,0.6497365544756027,2.792729509988657,-0.8124444137412687,-3.3035887559461075
0.07101420284056811,PASSED,-0.291256727442744,0.1503542466912045,0.6114208928841786,2.7919154982700944,-0.815622055332358,-3.093676814517936
0.07201440288057612,PASSED,-0.2911060827751417,0.1509428757301292,0.5734344696183948,2.7910984130537178,-0.8185909957052565,-2.8857827451522553
0.07301460292058412,PASSED,-0.29095486833745837,0.15149371847564302,0.5357815961107784,2.7902784620232555,-0.8213532654831182,-2.67992779966787
0.07401480296059212,PASSED,-0.29080312174753353,0.15200711098025715,0.4984664436163356,2.789455850821541,-0.8239109160126447,-2.476132349432429
0.07501500300060011,PASSED,-0.29065088028512553,0.1524833933830318,0.4614930422134934,2.7886307830303405,-0.8262660183196315,-2.274415612023145
0.07601520304060812,PASSED,-0.29049818088789386,0.1529229097706256,0.42486528451396505,2.787803460151118,-0.8284206621503428,-2.0747959765033683
0.07701540308061612,PASSED,-0.2903450601475198,0.15332600804070137,0.38858692711701776,2.7869740815867625,-0.8303769550965409,-1.8772909259945665
0.07801560312062412,PASSED,-0.2901915543059636,0.15369303976572782,0.3526615902994146,2.786142844624223,-0.8321370216449507,-1.6819169633535844
0.07901580316063213,PASSED,-0.2900376992518563,0.15402436005879558,0.31709276157999433,2.785309944418041,-0.8337030022930164,-1.4886897712070057
0.08001600320064013,PASSED,-0.2898835305170246,0.15432032744216376,0.28188379789367024,2.7844755739747926,-0.8350770526645098,-1.2976241050177382
0.08101620324064814,PASSED,-0.28972908327314784,0.15458130371554896,0.24703792371292246,2.78363992413838,-0.836261342651315,-1.1087339079968643
0.08201640328065612,PASSED,-0.28957439232854437,0.1548076538272959,0.2125582371029499,2.782803183576175,-0.8372580555899548,-0.9220322924017283
0.08301660332066413,PASSED,-0.2894194921250864,0.15499974574705191,0.17844770819143807,2.7819655387659896,-0.8380693874346833,-0.7375315462796551
0.08401680336067213,PASSED,-0.2892644167352417,0.15515795033996502,0.14470918272754854,2.7811271739838785,-0.838697545917414,-0.5552431070314416
0.08501700340068014,PASSED,-0.28910919985924044,0.15528264124187763,0.11134538136934444,2.7802882712927173,-0.8391447498047714,-0.3751777409080413
0.08601720344068814,PASSED,-0.2889538748223656,0.15537419473588482,0.07835890243244797,2.779449010531589,-0.8394132280966279,-0.19734532582205971
0.08701740348069614,PASSED,-0.2887984745723651,0.1554329896334226,0.04575222760804611,2.778609569305893,-0.8395052192911561,-0.02175510699902691
0.08801760352070415,PASSED,-0.28864303167698496,0.15545940715234768,0.013527713136428962,2.7777701229782368,-0.8394229706388103,0.15158449190880954
0.08901780356071214,PASSED,-0.2884875783216207,0.15545383079902092,-0.018312397635565546,2.7769308446600505,-0.8391687373914233,0.32266575103910144
0.09001800360072014,PASSED,-0.288332146307087,0.15541664625266136,-0.04976597884222437,2.776091905203905,-0.8387447821447703,0.49148157706218043
0.09101820364072814,PASSED,-0.2881767670475019,0.15534824125040594,-0.080831017864185,2.7752534731965355,-0.8381533741277075,0.6580256437299712
0.09201840368073615,PASSED,-0.28802147156828684,0.15524900547266773,-0.1115056176542215,2.7744157149525512,-0.8373967885016754,0.8222922809001049
0.09301860372074415,PASSED,-0.2878662905042783,0.15511933043101084,-0.14178799099200706,2.773578794508808,-0.8364773057338982,0.9842764256953267
0.09401880376075215,PASSED,-0.28771125409795145,0.1549596093587923,-0.17167645970290074,2.772742873619432,-0.8353972109552841,1.1439736805600074
0.09501900380076016,PASSED,-0.28755639219775336,0.15477023710155496,-0.20116945559364469,2.771908111751489,-0.8341587932913942,1.3013803194431666
0.09601920384076815,PASSED,-0.2874017342565448,0.15455161000840784,-0.2302655181827686,2.7710746660812764,-0.8327643452666527,1.4564931616071184
0.09701940388077615,PASSED,-0.28724730933014875,0.15430412582695371,-0.2589632903017086,2.77024269149122,-0.8312161622222553,1.6093096329242491
0.09801960392078415,PASSED,-0.28709314607600467,0.15402818359836953,-0.2872615207725322,2.769412340567359,-0.8295165417143928,1.7598277578212822
0.09901980396079216,PASSED,-0.28693927275192666,0.15372418355333448,-0.31515906121003806,2.7685837635974315,-0.8276677829138918,1.9080461622877025
0.10002000400080016,PASSED,-0.2867857172149641,0.1533925270110621,-0.3426548629806262,2.767757108569513,-0.8256721860714188,2.053963962596417
0.10102020404080816,PASSED,-0.28663250692036396,0.15303361627809436,-0.3697479796258399,2.766932521171216,-0.8235320519823429,2.1975808400621935
0.10202040408081617,PASSED,-0.2864796689206325,0.1526478545492216,-0.39643756170400674,2.7661101447894345,-0.8212496814066909,2.3388970660451935
0.10302060412082417,PASSED,-0.28632722986469544,0.152235645810436,-0.42272285684003036,2.7652901205105946,-0.8188273746006558,2.477913299361679
0.10402080416083216,PASSED,-0.28617521599715584,0.15179739474126178,-0.4486032107303818,2.764472587121472,-0.8162674307501493,2.6146308846031237
0.10502100420084017,PASSED,-0.2860236531576466,0.15133350662122647,-0.47407805957194643,2.7636576811104567,-0.8135721475040837,2.7490514870405343
0.10602120424084817,PASSED,-0.28587256678027856,0.15084438723480775,-0.49914693764990375,2.7628455366693503,-0.8107438205081985,2.8811773351150785
0.10702140428085617,PASSED,-0.2857219818931802,0.15033044278021573,-0.5238094658868014,2.762036285695623,-0.8077847428792861,3.0110111581106533
0.10802160432086418,PASSED,-0.28557192311813057,0.14979207977744907,-0.548065360686589,2.761230057795166,-0.8046972047504993,3.138556109237583
0.10902180436087218,PASSED,-0.2854224146702812,0.14922970497910784,-0.571914423444292,2.7604269802854544,-0.8014834928879341,3.2638156981170643
0.11002200440088018,PASSED,-0.28527348035796796,0.14864372528239397,-0.5953565455602444,2.75962717819923,-0.7981458901365651,3.3867941202035983
0.11102220444088817,PASSED,-0.28512514358261054,0.14803454764045995,-0.6183917061831963,2.758830774288541,-0.7946866750661599,3.5074957038729506
0.11202240448089618,PASSED,-0.2849774273386981,0.14740257897787953,-0.6410199668452461,2.7580378890292674,-0.7911081215624197,3.625925370318113
0.11302260452090418,PASSED,-0.28483035421386016,0.14674822610686425,-0.6632414737953161,2.7572486406260457,-0.7874124983205185,3.7420884896232165
0.11402280456091218,PASSED,-0.28468394638902217,0.14607189564123096,-0.6850564601919273,2.7564631450175887,-0.7836020685355563,3.8559906485214785
0.11502300460092019,PASSED,-0.2845382256386424,0.1453739939167804,-0.7064652339563402,2.755681515882413,-0.7796790895113187,3.96763794138159
0.11602320464092819,PASSED,-0.2843932133310318,0.1446549269101167,-0.7274681884686666,2.75490386464495,-0.775645812199017,4.077036892915001
0.1170234046809362,PASSED,-0.2842489304287526,0.14391510015756565,-0.7480657952726553,2.7541303004820374,-0.7715044808859751,4.184194259793072
0.11802360472094418,PASSED,-0.2841053974890974,0.14315491867824764,-0.7682586020149258,2.7533609303297863,-0.7672573328302076,4.289117253083875
0.11902380476095219,PASSED,-0.28396263466464444,0.14237478689722424,-0.7880472336956744,2.7525958588907793,-0.7629065978933142,4.3918133927664185
0.12002400480096019,PASSED,-0.283820661703891,0.14157510856756686,-0.8074323936318379,2.7518351886416634,-0.7584544981694693,4.492290611230324
0.1210242048409682,PASSED,-0.2836794979519606,0.14075628669760923,-0.8264148541748131,2.7510790198410433,-0.7539032476913501,4.5905570560453555
0.1220244048809762,PASSED,-0.2835391623513861,0.139918723476682,-0.8449954654288705,2.750327450537747,-0.7492550520760948,4.686621321395261
0.1230246049209842,PASSED,-0.283399673442964,0.1390628202022588,-0.8631751470861062,2.7495805765793766,-0.7445121082025616,4.780492241625138
0.1240248049609922,PASSED,-0.28326104936668195,0.13818897720926623,-0.8809548902635086,2.7488384916212136,-0.7396766039079257,4.872178996643207
0.1250250050010002,PASSED,-0.2831233078627163,0.1372975937995452,-0.8983357560260298,2.7481012871354245,-0.7347507176512245,4.961691096739885
0.1260252050410082,PASSED,-0.2829864662724992,0.1363890681736434,-0.9153188724856152,2.747369052420548,-0.729736618266919,5.049038242682541
0.1270254050810162,PASSED,-0.2828505415398542,0.13546379736218248,-0.9319054374445083,2.7466418746113104,-0.7246364646329333,5.134230561521126
0.1280256051210242,PASSED,-0.28271555021219913,0.1345221771594982,-0.9480967128440941,2.7459198386886983,-0.71945240539089,5.217278362391442
0.1290258051610322,PASSED,-0.2825815084418147,0.13356460205862491,-0.9638940262261269,2.745203027490342,-0.7141865786747741,5.298192285265466
0.1300260052010402,PASSED,-0.28244843198717867,0.13259146518598677,-0.9792987702461788,2.7444915217211516,-0.708841111843099,5.376983195948286
0.13102620524104822,PASSED,-0.28231633621436336,0.13160315823859275,-0.9943123988259368,2.7437853999642154,-0.7034181212297164,5.453662225005423
0.13202640528105622,PASSED,-0.2821852360984962,0.13060007142186983,-1.0089364286541909,2.7430847386919894,-0.6979197118372971,5.528240837361852
0.13302660532106422,PASSED,-0.28205514622528194,0.12958259338835054,-1.0231724367626935,2.742389612277707,-0.6923479771331803,5.600730615286772
0.13402680536107223,PASSED,-0.28192608079258513,0.12855111117790693,-1.0370220595641906,2.7417000930070583,-0.6867049988006637,5.671143477336657
0.13502700540108023,PASSED,-0.28179805361207283,0.12750601015803312,-1.0504869934136265,2.741016251090096,-0.6809928464786912,5.739491551729911
0.1360272054410882,PASSED,-0.2816710781109146,0.12644767396752268,-1.0635689885749453,2.7403381546733936,-0.675213577534763,5.805787205393585
0.1370274054810962,PASSED,-0.28154516733354085,0.12537648445794392,-1.0762698569146278,2.7396658698524083,-0.6693692368681845,5.870042974035023
0.1380276055211042,PASSED,-0.28142033394345706,0.12429282163846994,-1.088591461180213,2.7389994606840955,-0.6634618566494526,5.932271715196669
0.13902780556111222,PASSED,-0.2812965902251133,0.12319706362219479,-1.100535719671799,2.7383389891997143,-0.6574934561225393,5.9924864013909716
0.14002800560112022,PASSED,-0.28117394808582746,0.12208958657097252,-1.1121046055892267,2.7376845154178757,-0.6514660413982164,6.050700272943974
0.14102820564112822,PASSED,-0.2810524190577628,0.12097076464344228,-1.1233001421575852,2.737036097357758,-0.645381605257941,6.106926718496334
0.14202840568113623,PASSED,-0.28093201429995585,0.11984096994409997,-1.134124404132116,2.7363937910525578,-0.6392421269391363,6.161179385676919
0.14302860572114423,PASSED,-0.28081274460039746,0.11870057247113404,-1.1445795188551267,2.7357576505631185,-0.633049571941182,6.213472072805782
0.14402880576115223,PASSED,-0.2806946203781618,0.1175499400687119,-1.1546676581334772,2.7351277279917614,-0.6268058918468192,6.263818775400845
0.14502900580116024,PASSED,-0.28057765168558607,0.11638943837743326,-1.1643910467087415,2.734504073496278,-0.6205130241633351,6.312233622206377
0.14602920584116824,PASSED,-0.28046184821049724,0.11521943078624662,-1.1737519541718868,2.7338867353041345,-0.6141728920936438,6.358731034681193
0.14702940588117624,PASSED,-0.2803472192784862,0.11404027838771812,-1.1827526947662508,2.7332757597268356,-0.6077874043728532,6.40332551153017
0.14802960592118425,PASSED,-0.2802337738552279,0.11285233993091492,-1.1913956314944891,2.7326711911744495,-0.6013584551628315,6.446031675682852
0.14902980596119225,PASSED,-0.28012152054884626,0.11165597177739403,-1.1996831682051605,2.7320730721703193,-0.5948879238177541,6.486864458006998
0.15003000600120023,PASSED,-0.2800104676123236,0.11045152785794564,-1.2076177536105555,2.7314814433659134,-0.5883776747391585,6.525838825654696
0.15103020604120823,PASSED,-0.2799006229459529,0.10923935962917317,-1.2152018788804109,2.7308963435558584,-0.5818295572485909,6.562969933842861
0.15203040608121624,PASSED,-0.27979199409983174,0.10801981603311595,-1.2224380741751009,2.7303178096930965,-0.5752454054221531,6.598273088167783
0.15303060612122424,PASSED,-0.2796845882763981,0.1067932434560696,-1.229328912293854,2.729745876904205,-0.5686270379444264,6.631763737432694
0.15403080616123224,PASSED,-0.27957841233300584,0.10555998568755298,-1.2358770059984543,2.729180578504862,-0.5619762579591275,6.663457483876291
0.15503100620124025,PASSED,-0.2794734727845395,0.10432038388415732,-1.2420850016604565,2.728621946015444,-0.5552948529482732,6.6933700288395235
0.15603120624124825,PASSED,-0.2793697758060675,0.10307477653030427,-1.2479555886481195,2.728070009176757,-0.5485845946017447,6.721517224987825
0.15703140628125625,PASSED,-0.2792673272355322,0.10182349940017163,-1.2534914911223032,2.727524795965895,-0.5418472386779232,6.747915056377196
0.15803160632126426,PASSED,-0.2791661325764771,0.10056688552471937,-1.258695465005564,2.7269863326122428,-0.5350845248669753,6.772579647328515
0.15903180636127226,PASSED,-0.2790661970008087,0.09930526515468834,-1.2635703067146753,2.7264546436135815,-0.528298176700303,6.795527179568278
0.16003200640128026,PASSED,-0.2789675253515933,0.09803896572615628,-1.268118843077004,2.7259297517523065,-0.5214899014431971,6.816773975464269
0.16103220644128827,PASSED,-0.2788701221458875,0.09676831182898306,-1.2723439332373594,2.725411678111792,-0.5146613899161214,6.836336561483219
0.16203240648129627,PASSED,-0.2787739915776009,0.0954936251741414,-1.276248469244536,2.724900442092832,-0.5078143164471438,6.85423140730724
0.16303260652130427,PASSED,-0.2786791375203911,0.09421522456127088,-1.279835375287839,2.724396061430199,-0.5009503387882099,6.870475160018353
0.16403280656131225,PASSED,-0.27858556353058916,0.09293342584933313,-1.283107603037693,2.7238985522093166,-0.4940710979258337,6.88508466394812
0.16503300660132025,PASSED,-0.2784932728501553,0.09164854192743029,-1.286068134479611,2.723407928883001,-0.4871782180640662,6.898076660313747
0.16603320664132826,PASSED,-0.27840226840966364,0.09036088268453882,-1.288719981832714,2.7229242042883484,-0.48027330650025446,6.909468166143722
0.16703340668133626,PASSED,-0.27831255283131506,0.08907075498339494,-1.2910661806846653,2.7224473896636447,-0.473357953543433,6.919276150606595
0.16803360672134426,PASSED,-0.2782241284319772,0.08777846263349019,-1.293109796051493,2.7219774946654334,-0.4664337324133366,6.927517783089643
0.16903380676135227,PASSED,-0.2781369972262513,0.08648430636362395,-1.2948539190760833,2.721514527385606,-0.459502199185434,6.934210191111206
0.17003400680136027,PASSED,-0.27805116092956433,0.08518858379799048,-1.2963016633383855,2.721058494368625,-0.45256489268308386,6.939370709842827
0.17103420684136827,PASSED,-0.277966620961286,0.08389158943211761,-1.297456167562535,2.720609400628783,-0.4456233344163993,6.943016637912435
0.17203440688137628,PASSED,-0.2778833784478691,0.08259361460902284,-1.2983205934495896,2.7201672496675644,-0.4386790285175231,6.9451654061854216
0.17303460692138428,PASSED,-0.2778014342260139,0.08129494749569023,-1.2988981265879507,2.719732043491057,-0.4317334616598499,6.9458344919984345
0.17403480696139229,PASSED,-0.27772078884585344,0.07999587306297595,-1.2991919701318377,2.719303782627436,-0.424788103004264,6.945041431310847
0.1750350070014003,PASSED,-0.27764144257416123,0.07869667306450585,-1.299205350695609,2.7188824661445232,-0.4178444041188809,6.9428038547645405
0.1760352070414083,PASSED,-0.2775633953975785,0.07739762601481798,-1.298941515682735,2.718468091667391,-0.41090379893372764,6.939139405412466
0.1770354070814163,PASSED,-0.2774866470258619,0.07609900717189344,-1.2984037277524116,2.718060655396023,-0.40396770370743845,6.934065773540369
0.17803560712142427,PASSED,-0.2774111968951493,0.07480108851923933,-1.2975952692552322,2.7176601521230443,-0.39703751692773304,6.927600783815452
0.17903580716143228,PASSED,-0.2773370441712446,0.07350413874579413,-1.2965194429051952,2.717266575251482,-0.3901146192893221,6.919762208141244
0.18003600720144028,PASSED,-0.27726418775291817,0.07220842323154295,-1.2951795618151924,2.7168799168125863,-0.38320037366791126,6.910567896923917
0.18103620724144828,PASSED,-0.27719262627522545,0.07091420403063173,-1.2935789603085674,2.7165001674836855,-0.37629612504712845,6.90003577002208
0.1820364072814563,PASSED,-0.2771223581128399,0.06962173985547307,-1.2917209850587144,2.7161273166060944,-0.3694032004752719,6.888183773079442
0.1830366073214643,PASSED,-0.27705338138340146,0.06833128606368477,-1.2896089962746888,2.715761352203046,-0.36252290906437895,6.875029836101995
0.1840368073614723,PASSED,-0.27698569395087835,0.0670430946439055,-1.2872463687823477,2.7154022609976662,-0.3556565419360488,6.860591989815618
0.1850370074014803,PASSED,-0.2769192934289429,0.0657574142020309,-1.2846364906027476,2.715050028430974,-0.34880537218339325,6.844888261215516
0.1860372074414883,PASSED,-0.27685417718435906,0.06447448995059059,-1.2817827586653638,2.7147046386799247,-0.34197065484917105,6.82793671622662
0.1870374074814963,PASSED,-0.2767903423403824,0.06319456369681264,-1.2786885838529938,2.7143660746754508,-0.3351536269274493,6.809755392051789
0.1880376075215043,PASSED,-0.27672778578017043,0.06191787383170869,-1.27535738593792,2.714034318120555,-0.32835550730772195,6.790362438177708
0.1890378075615123,PASSED,-0.2766665041502032,0.06064465532055653,-1.271792594628323,2.7137093495083997,-0.32157749677046327,6.769775936646033
0.19003800760152031,PASSED,-0.2766064938637137,0.05937513969432247,-1.2679976473045447,2.713391148140431,-0.3148207779766734,6.748014031885783
0.19103820764152832,PASSED,-0.2765477511041264,0.05810955504075825,-1.2639759910706536,2.7130796921445057,-0.3080865154448709,6.725094865080291
0.1920384076815363,PASSED,-0.27649027182850416,0.05684812599676914,-1.2597310792680816,2.712774958493017,-0.301375855575525,6.701036538856365
0.1930386077215443,PASSED,-0.27643405177100244,0.05559107374169238,-1.255266372282547,2.712476923021056,-0.2946899265967203,6.6758572721036815
0.1940388077615523,PASSED,-0.27637908644632925,0.05433861599193864,-1.2505853347345215,2.712185560444566,-0.28802983856126274,6.649575211026793
0.1950390078015603,PASSED,-0.2763253711532119,0.053090966994392114,-1.2456914394211975,2.711900844378484,-0.28139668341455076,6.622208437168687
0.1960392078415683,PASSED,-0.2762729009778678,0.05184833752174137,-1.2405881614704475,2.711622747354899,-0.27479153493619435,6.5937751724815605
0.1970394078815763,PASSED,-0.2762216707974807,0.05061093486983662,-1.2352789788609417,2.7113512408412035,-0.26821544872562625,6.564293569292541
0.19803960792158432,PASSED,-0.27617167528367975,0.04937896285326027,-1.229767375053294,2.711086295258239,-0.26166946227196514,6.533781709906847
0.19903980796159232,PASSED,-0.2761229089060216,0.04815262180224896,-1.2240568349833167,2.7108278799984205,-0.2551545949502536,6.502257729581235
0.20004000800160032,PASSED,-0.2760753659354751,0.046932108562384924,-1.2181508431178427,2.71057596344387,-0.24867184797641975,6.46973980333564
0.20104020804160833,PASSED,-0.27602904044790766,0.045717616491853,-1.2120528888079745,2.710330512984516,-0.24222220448970755,6.436245942296546
0.20204040808161633,PASSED,-0.27598392632757196,0.04450933546134498,-1.2057664583080563,2.7100914950361954,-0.23580662955736326,6.401794259042775
0.20304060812162433,PASSED,-0.2759400172705934,0.04330745185474215,-1.1992950387993477,2.709858875058713,-0.2294260701618203,6.36640281987645
0.20404080816163234,PASSED,-0.2758973067884575,0.04211214856839912,-1.1926421180388076,2.7096326175738983,-0.2230814552618519,6.3300896200296854
0.20504100820164034,PASSED,-0.27585578821149476,0.04092360501429063,-1.1858111781549474,2.7094126861836316,-0.21677369580085531,6.2928726883078925
0.20604120824164834,PASSED,-0.27581545469236596,0.03974199712097198,-1.178805703427791,2.709199043587829,-0.2105036847467655,6.254769964611083
0.20704140828165632,PASSED,-0.27577629920954305,0.03856749733593007,-1.1716291727846653,2.7089916516024317,-0.20427229709128214,6.215799449398229
0.20804160832166432,PASSED,-0.2757383145707885,0.03740027463016923,-1.164285061078292,2.708790471177319,-0.19808038993467142,6.175978961419039
0.20904180836167233,PASSED,-0.2757014934166304,0.03624049450095914,-1.1567768412979478,2.7085954624142135,-0.19192880250376954,6.135326410557157
0.21004200840168033,PASSED,-0.2756658282238335,0.035088318976316916,-1.14910798020508,2.7084065845845577,-0.18581835612847925,6.093859685112384
0.21104220844168833,PASSED,-0.275631311308865,0.033943906621938316,-1.1412819371609415,2.708223796147314,-0.1797498543930405,6.051596435656293
0.21204240848169634,PASSED,-0.2755979348313558,0.032807412544376406,-1.1333021711625626,2.7080470547667668,-0.1737240831080479,6.008554517883436
0.21304260852170434,PASSED,-0.2755656907975548,0.03167898839894123,-1.1251721282835885,2.7078763173302374,-0.1677418103498955,5.964751584998436
0.21404280856171234,PASSED,-0.2755345710637768,0.030558782397076774,-1.1168952509183736,2.7077115399657887,-0.16180378655348604,5.920205270683487
0.21504300860172035,PASSED,-0.2755045673398438,0.029446939312317535,-1.108474973986486,2.7075526780598533,-0.15591074453849343,5.87493317786536
0.21604320864172835,PASSED,-0.2754756711925171,0.028343600489379447,-1.0999147222391532,2.70739968627483,-0.15006339954546621,5.828952869801805
0.21704340868173636,PASSED,-0.27544787404892274,0.027248903853302083,-1.0912179119695051,2.7072525185666065,-0.14426244932869742,5.782281781413441
0.21804360872174436,PASSED,-0.27542116719996634,0.02616298391765163,-1.0823879514377535,2.707111128202043,-0.13850857419374216,5.734937370649809
0.21904380876175236,PASSED,-0.2753955418037399,0.025085971794109745,-1.0734282382779683,2.70697546777639,-0.13280243703897632,5.686937010843232
0.22004400880176037,PASSED,-0.27537098888891715,0.02401799520461554,-1.064342156971698,2.706845489230637,-0.12714468346103922,5.638297955999691
0.22104420884176834,PASSED,-0.2753474993581394,0.022959178490994204,-1.0551330847210956,2.7067211438688217,-0.12153594177625979,5.589037503965921
0.22204440888177635,PASSED,-0.27532506399138984,0.021909642625057426,-1.045804386747235,2.7066023823752374,-0.11597682311979335,5.539172758133452
0.22304460892178435,PASSED,-0.2753036734493556,0.020869505223532668,-1.036359411376438,2.706489154831617,-0.11046792148741955,5.488720881867371
0.22404480896179235,PASSED,-0.27528331827677877,0.01983888055847271,-1.026801500848973,2.7063814107342057,-0.10500981381958875,5.437698858473058
0.22504500900180036,PASSED,-0.2752639889057935,0.018817879570275794,-1.0171339797622072,2.7062790990107892,-0.09960306009274515,5.386123639090628
0.22604520904180836,PASSED,-0.2752456756592508,0.017806609882202274,-1.0073601602810642,2.706182168037639,-0.09424820335066472,5.334012144073621
0.22704540908181636,PASSED,-0.2752283687540288,0.01680517581378489,-0.9974833405082658,2.706090565656378,-0.08894576981433912,5.281381131160263
0.22804560912182437,PASSED,-0.27521205830432954,0.015813678394829025,-0.9875068045875955,2.706004239190775,-0.08369626896296582,5.228247331515318
0.22904580916183237,PASSED,-0.2751967343249604,0.014832215381493766,-0.9774338191670363,2.7059231354634554,-0.07850019359038421,5.174627399959172
0.23004600920184037,PASSED,-0.2751823867346005,0.013860881271134063,-0.9672676378214806,2.7058472008125296,-0.07335801990796868,5.1205378707197395
0.23104620924184838,PASSED,-0.27516900535905187,0.012899767317454732,-0.957011497584568,2.705776381108142,-0.06827020762478174,5.065995224831726
0.23204640928185638,PASSED,-0.27515657993447357,0.011948961548533837,-0.9466686164784468,2.7057106217689255,-0.06323720003398704,5.011015834770025
0.23304660932186438,PASSED,-0.2751451001106,0.011008548782888894,-0.9362421984226056,2.705649867778372,-0.05825942410456519,4.955615992523063
0.2340468093618724,PASSED,-0.2751345554539417,0.010078610645989802,-0.9257354292167485,2.7055940637011258,-0.05333729055402054,4.899811922559036
0.23504700940188036,PASSED,-0.2751249354509688,0.009159225589284148,-0.9151514750315912,2.7055431536991454,-0.048471193991660666,4.843619655560424
0.23604720944188837,PASSED,-0.27511622951127623,0.00825046890794227,-0.9044934855487379,2.705497081547842,-0.04366151292835277,4.787055335139551
0.23704740948189637,PASSED,-0.27510842697073096,0.007352412759240566,-0.8937645908036819,2.7054557906520373,-0.0389086099566588,4.730134729396924
0.23804760952190437,PASSED,-0.27510151709460035,0.00646512618098642,-0.8829679032211212,2.7054192240618944,-0.03421283182546719,4.672873732388073
0.23904780956191238,PASSED,-0.27509548908066045,0.005588675113426584,-0.8721065104523144,2.705387324488709,-0.0295745094854062,4.615288078509602
0.24004800960192038,PASSED,-0.2750903320622862,0.0047231224157811185,-0.8611834891075654,2.7053600343206257,-0.024993958257679073,4.55739332720548
0.24104820964192838,PASSED,-0.2750860351115198,0.00386852788840223,-0.8502018862264379,2.7053372956382162,-0.020471477946585704,4.499204967018627
0.2420484096819364,PASSED,-0.2750825872421201,0.0030249482944458028,-0.8391647324430863,2.7053190502300066,-0.016007352850003438,4.440738516291361
0.2430486097219444,PASSED,-0.27507997741259,0.002192437378393727,-0.8280750384580687,2.7053052396078425,-0.011601851957224154,4.382009143771235
0.2440488097619524,PASSED,-0.27507819452918375,0.0013710458884886997,-0.8169357908696667,2.7052958050221836,-0.007255229059528035,4.323032066979374
0.2450490098019604,PASSED,-0.27507722744889135,0.0005608215997353198,-0.805749954009189,2.7052906874772784,-0.0029677227747555547,4.263822429967884
0.2460492098419684,PASSED,-0.2750770649824021,-0.00023819066503619156,-0.7945204719463929,2.7052898277462267,0.0012604432693090546,4.204395120129093
0.2470494098819764,PASSED,-0.27507769589704517,-0.0010259490133490195,-0.7832502658904513,2.7052931663859274,0.0054290603096806235,4.1447649871998875
0.2480496099219844,PASSED,-0.2750791089197077,-0.0018024144586985611,-0.7719422316556019,2.7053006437519196,0.009537934397982506,4.084946822369878
0.24904980996199239,PASSED,-0.2750812927397297,-0.0025675508977804668,-0.7605992440327747,2.7053122000130987,0.013586886244045434,4.024955195191627
0.2500500100020004,PASSED,-0.27508423601177573,-0.003321325087743536,-0.7492241539165986,2.7053277751663303,0.01757575108901027,3.964804611480309
0.2510502100420084,PASSED,-0.27508792735868287,-0.004063706621666895,-0.7378197872612011,2.7053473090509255,0.021504378607812544,3.904509457016921
0.2520504100820164,PASSED,-0.27509235537428445,-0.004794667904086363,-0.7263889458583113,2.705370741363022,0.025372632800609245,3.844084016649883
0.2530506101220244,PASSED,-0.2750975086262095,-0.0055141841265882435,-0.7149344069309274,2.705398011669806,0.029180391811847582,3.78354234096397
0.2540508101620324,PASSED,-0.2751033756586577,-0.006222233243832673,-0.7034589241200987,2.7054290594236674,0.03292754788530423,3.722898561785095
0.2550510102020404,PASSED,-0.27510994499514924,-0.006918795947760555,-0.6919652237997379,2.7054638239761646,0.03661400718928403,3.6621664654429433
0.2560512102420484,PASSED,-0.2751172051412491,-0.007603855641430035,-0.6804560069159742,2.7055022445919232,0.040239689684633276,3.601359848620112
0.2570514102820564,PASSED,-0.27512514458726617,-0.008277398414408922,-0.6689339503541637,2.7055442604623683,0.04380452904034872,3.540492360445661
0.2580516103220644,PASSED,-0.27513375181092653,-0.008939413016864652,-0.6574017038567743,2.705589810719349,0.04730847247151002,3.4795774783050644
0.2590518103620724,PASSED,-0.27514301528002044,-0.009589890832623403,-0.6458618903600697,2.7056388344486275,0.05075148061048246,3.4186285794173417
0.2600520104020804,PASSED,-0.27515292345502257,-0.010228825852383267,-0.6343171060263938,2.705691270703239,0.0541335273927441,3.3576589174911757
0.26105221044208843,PASSED,-0.2751634647916863,-0.010856214647847525,-0.6227699217561689,2.7057470585167094,0.05745459990390836,3.2966815736129873
0.26205241048209643,PASSED,-0.27517462774361084,-0.011472056344712244,-0.6112228802704183,2.7058061369161712,0.060714698278658295,3.2357095755078977
0.26305261052210444,PASSED,-0.2751864007647808,-0.01207635259410061,-0.5996784954669957,2.7058684449353008,0.06391383552579537,3.174755694889869
0.26405281056211244,PASSED,-0.2751987723120789,-0.012669107546105621,-0.5881392563636899,2.705933921627156,0.06705203740445828,3.1138326678449246
0.26505301060212044,PASSED,-0.27521173084777084,-0.013250327822526562,-0.5766076231257724,2.706002506076874,0.07012934233929817,3.05295311283654
0.26605321064212845,PASSED,-0.275225264841962,-0.013820022487330073,-0.5650860259220044,2.7060741374142014,0.07314580118848382,2.9921293400850373
0.26705341068213645,PASSED,-0.2752393627750269,-0.014378203019487602,-0.5535768696478783,2.7061487548259304,0.07610147716809433,2.9313737392941652
0.26805361072214445,PASSED,-0.2752540131400094,-0.014924883285164562,-0.5420825296963485,2.706226297568161,0.07899644572929826,2.8706984424770954
0.26905381076215246,PASSED,-0.275269204444995,-0.015460079507561257,-0.5306053508635923,2.706306704978441,0.08183079435281387,2.8101154108746167
0.27005401080216046,PASSED,-0.2752849252154542,-0.015983810239126556,-0.5191476520331048,2.7063899164877547,0.08460462244316862,2.7496365433414955
0.2710542108421684,PASSED,-0.27530116399655763,-0.016496096333293464,-0.5077117222561117,2.706475871632385,0.08731804122148089,2.689273601626126
0.2720544108821764,PASSED,-0.2753179093554608,-0.016996960913291746,-0.4962998184930623,2.706564510065613,0.08997117351445315,2.629038087203001
0.2730546109221844,PASSED,-0.2753351498835609,-0.01748642934428967,-0.4849141726678331,2.706655771569282,0.09256415363020692,2.5689414681209564
0.2740548109621924,PASSED,-0.2753528741987236,-0.017964529204592714,-0.4735569853931819,2.7067495960652264,0.09509712726793394,2.5089950841310613
0.2750550110022004,PASSED,-0.2753710709474806,-0.018431290254023354,-0.46223042545561166,2.706845923626537,0.09757025129631185,2.4492099912091234
0.2760552110422084,PASSED,-0.27538972880719664,-0.018886744405152197,-0.450936634911,2.7069446944886932,0.09998369363145837,2.38959723110478
0.27705541108221643,PASSED,-0.2754088364882081,-0.01933092569424607,-0.4396777252157863,2.7070458490605467,0.1023376331330375,2.3301676818953387
0.27805561112222443,PASSED,-0.27542838273593,-0.019763870249482632,-0.42845577525041717,2.7071493279351575,0.10463225940466137,2.2709319981095644
0.27905581116223244,PASSED,-0.27544835633293424,-0.020185616261400047,-0.417272836362085,2.7072550719004713,0.10686777263555274,2.2119007194125806
0.28005601120224044,PASSED,-0.27546874610099636,-0.020596203953785915,-0.40613092973505616,2.707363021949863,0.10904438351053145,2.1530843120228025
0.28105621124224844,PASSED,-0.2754895409031132,-0.020995675551645818,-0.3950320432764663,2.7074731192925166,0.11116231302139411,2.094492976755898
0.28205641128225645,PASSED,-0.2755107296454886,-0.02138407525028117,-0.38397813554127813,2.7075853053636725,0.11322179230363941,2.036136819238237
0.28305661132226445,PASSED,-0.2755323012794899,-0.021761449186972648,-0.37297113745828203,2.707699521834697,0.11522306250644322,1.9780257918475381
0.28405681136227245,PASSED,-0.2755542448035728,-0.02212784540837559,-0.3620129440327138,2.707815710623036,0.11716637466338962,1.9201697336789763
0.28505701140228046,PASSED,-0.2755765492651759,-0.02248331383964531,-0.3511054227610577,2.707933813901979,0.11905198948475224,1.862578213151705
0.28605721144228846,PASSED,-0.275599203762584,-0.022827906254302355,-0.3402504092543713,2.708053774110302,0.12088017723611794,1.8052607768416797
0.28705741148229647,PASSED,-0.2756221974467608,-0.023161676243022143,-0.3294497083633994,2.7081755339617373,0.12265121760614052,1.7482267654765238
0.28805761152230447,PASSED,-0.2756455195231504,-0.023484679182262776,-0.3187050931587876,2.708299036454296,0.12436539950653423,1.6914853236718348
0.28905781156231247,PASSED,-0.2756691592534476,-0.0237969722034053,-0.308018306465015,2.7084242248794452,0.12602302095082069,1.6350455246962388
0.2900580116023205,PASSED,-0.2756931059573375,-0.02409861416190328,-0.2973910598532926,2.708551042831117,0.12762438889793706,1.5789162287298646
0.2910582116423285,PASSED,-0.27571734901420303,-0.024389665604878895,-0.28682503172382795,2.708679434214565,0.12916981906781183,1.5231061306380411
0.2920584116823365,PASSED,-0.2757418778648023,-0.02467018874130065,-0.2763218728870377,2.7088093432550875,0.13065963584072002,1.467623867754944
0.2930586117223445,PASSED,-0.2757666820129139,-0.02494024740993054,-0.26588319912512154,2.7089407145065585,0.13209417205126156,1.4124777723992763
0.2940588117623525,PASSED,-0.2757917510269511,-0.02519990704784657,-0.255510597109973,2.7090734928598392,0.13347376884456957,1.3576761405805244
0.2950590118023605,PASSED,-0.2758170745415449,-0.025449234659671506,-0.2452056216349086,2.7092076235510127,0.13479877555688408,1.303227093470503
0.2960592118423685,PASSED,-0.2758426422590953,-0.02568829878551692,-0.23496979531908727,2.7093430521694555,0.1360695494912768,1.2491384950075626
0.2970594118823765,PASSED,-0.27586844395129184,-0.02591716947036716,-0.22480461120433776,2.7094797246657922,0.13728645583404994,1.1954182412834669
0.2980596119223845,PASSED,-0.275894469460602,-0.026135918231901246,-0.214711528420587,2.7096175873596455,0.1384498674643275,1.1420738896069653
0.29905981196239245,PASSED,-0.27592070870172875,-0.026344618029588065,-0.20469197719764068,2.709756586947262,0.13956016476876637,1.0891129143268357
0.30006001200240046,PASSED,-0.27594715166303674,-0.02654334323381421,-0.19474735557848724,2.7098966705089698,0.14061773554472465,1.0365426837125702
0.30106021204240846,PASSED,-0.2759737884079467,-0.026732169593166728,-0.18487902853520624,2.7100377855164797,0.1416229748100743,0.9843703197743735
0.30206041208241646,PASSED,-0.27600060907629914,-0.026911174204381494,-0.17508833300114157,2.7101798798400356,0.14257628463651345,0.9326028308823642
0.30306061212242447,PASSED,-0.27602760388568603,-0.027080435480543345,-0.16537657160232402,2.7103229017554034,0.1434780740252935,0.8812470940451334
0.30406081216243247,PASSED,-0.276054763132752,-0.027240033119887732,-0.15574501783910044,2.7104667999507,0.1443287587217487,0.8303097647285566
0.3050610122024405,PASSED,-0.2760820771944635,-0.027390048074587926,-0.1461949126075863,2.7106115235330823,0.1451287610754029,0.7797974129379811
0.3060612122424485,PASSED,-0.2761095365293472,-0.027530562519477865,-0.13672746641150935,2.710757022035252,0.14587850987324846,0.7297163877839945
0.3070614122824565,PASSED,-0.27613713167869763,-0.02766165982095788,-0.12734385819235075,2.710903245421835,0.14657844019776115,0.680072948998489
0.3080616123224645,PASSED,-0.2761648532677526,-0.027783424506367574,-0.11804523688792287,2.711050144095584,0.14722899326096026,0.6308731393328642
0.3090618123624725,PASSED,-0.276192692006839,-0.027895942232570182,-0.1088327190790613,2.7111976689034294,0.1478306162358534,0.5821228652666784
0.3100620124024805,PASSED,-0.2762206386924865,-0.0279992997546759,-0.09970739079015213,2.7113457711423767,0.14838376212517967,0.5338279053660704
0.3110622124424885,PASSED,-0.276248684208511,-0.028093584896199366,-0.09067030867900676,2.7114944025652545,0.14888888960801752,0.48599386781905074
0.3120624124824965,PASSED,-0.27627681952706734,-0.028178886517898242,-0.08172249704545387,2.7116435153862968,0.1493464628548998,0.43862616625775375
0.3130626125225045,PASSED,-0.27630503570967047,-0.02825529448581978,-0.07286494850559767,2.711793062286566,0.14975695137815384,0.39173009458492214
0.3140628125625125,PASSED,-0.2763333239081874,-0.028322899643370668,-0.06409863024774755,2.711942996419242,0.15012082992119694,0.3453108420152185
0.3150630126025205,PASSED,-0.27636167536579725,-0.02838179377885178,-0.05542447230335325,2.712093271414738,0.1504385782601379,0.2993733368914346
0.3160632126425285,PASSED,-0.27639008141792176,-0.028432069594529246,-0.04684337792687664,2.7122438413856758,0.15071068105207786,0.2539224286389507
0.3170634126825365,PASSED,-0.276418533493125,-0.028473820678915445,-0.038356222025746345,2.7123946609316794,0.15093762768516122,0.20896276937964808
0.3180636127225445,PASSED,-0.2764470231139835,-0.02850714147517161,-0.029963845743109722,2.712545685144065,0.15111991216660844,0.1644989561589183
0.3190638127625525,PASSED,-0.2764755418979254,-0.028532127249634255,-0.021667060275673316,2.7126968696103284,0.15125803291465112,0.12053527596522055
0.3200640128025605,PASSED,-0.2765040815580406,-0.02854887406465537,-0.013466651518076389,2.7128481704185083,0.1513524926039362,0.0770759648317148
0.32106421284256853,PASSED,-0.2765326339038605,-0.02855747874768997,-0.0053633707122835005,2.7129995441613883,0.15140379807498047,0.034125141852590093
0.32206441288257653,PASSED,-0.27656119084210806,-0.028558038860531446,0.0026420590723963684,2.713150947940557,0.15141246014521198,-0.008313310849212174
0.32306461292258454,PASSED,-0.2765897443774188,-0.028550652671808393,0.010548941823484715,2.7133023393702915,0.1513789934103467,-0.050235684209300524
0.32406481296259254,PASSED,-0.27661828661303156,-0.028535419126513525,0.018356614275792306,2.713453676581337,0.15130391620207728,-0.09163822430951898
0.32506501300260054,PASSED,-0.27664680975145134,-0.02851243781717064,0.026064439387620427,2.7136049182244872,0.15118775036551793,-0.1325175780592416
0.32606521304260855,PASSED,-0.2766753060950814,-0.02848180895433117,0.03367181180736441,2.7137560234740303,0.15103102106028699,-0.17287045667876688
0.32706541308261655,PASSED,-0.2767037680468277,-0.028443633338207368,0.04117815233476172,2.7139069520310852,0.15083425677415382,-0.21269350576944548
0.3280656131226245,PASSED,-0.27673218811067457,-0.028398012330923452,0.048582910583352006,2.714057664126729,0.15059798904139246,-0.2519838840892817
0.3290658131626325,PASSED,-0.27676055889223034,-0.02834504782552048,0.055885568616052164,2.714208120525021,0.15032275227598474,-0.29073868628669003
0.3300660132026405,PASSED,-0.27678887309924655,-0.028284842219670984,0.06308563067179278,2.7143582825258616,0.15000908376351793,-0.3289550632535605
0.3310662132426485,PASSED,-0.2768171235421075,-0.028217498387727063,0.07018263279200336,2.7145081119677053,0.14965752340153318,-0.36663056113888487
0.3320664132826565,PASSED,-0.2768453031342924,-0.02814311965091752,0.0771761394879063,2.7146575712301484,0.14926861356899968,-0.4037626801299164
0.3330666133226645,PASSED,-0.2768734048928094,-0.02806180975124302,0.0840657397989012,2.7148066232363406,0.14884289903277975,-0.44034910694660323
0.3340668133626725,PASSED,-0.276901421938602,-0.027973672823168715,0.09085105359123602,2.7149552314552876,0.14838092677254108,-0.47638769576670764
0.3350670134026805,PASSED,-0.2769293474969281,-0.02787881336673669,0.09753172499254949,2.715103359903972,0.1478832457991194,-0.5118764918583492
0.33606721344268853,PASSED,-0.27695717489771154,-0.0277773362194541,0.10410742880927741,2.7152509731493857,0.14735040711060476,-0.5468134862854441
0.33706741348269653,PASSED,-0.2769848975758671,-0.027669346530527536,0.11057786233808899,2.7153980363103614,0.14678296347518308,-0.5811970681792265
0.33806761352270454,PASSED,-0.27701250907159763,-0.027554949733325007,0.11694275377881719,2.715544515059313,0.14618146927932893,-0.6150256143040541
0.33906781356271254,PASSED,-0.27704000303066595,-0.027434251519072923,0.12320185456760006,2.7156903756238133,0.14554648047707555,-0.6482975942195961
0.34006801360272054,PASSED,-0.2770673732046389,-0.02730735781030167,0.12935494490701763,2.7158355847880333,0.14487855437096536,-0.6810117807039487
0.34106821364272855,PASSED,-0.27709461345110625,-0.027174374735443867,0.13540182815833207,2.7159801098940672,0.14417824950134828,-0.7131669288925251
0.34206841368273655,PASSED,-0.27712171773387323,-0.027035408602595765,0.14134233597461474,2.7161239188430732,0.1434461255080089,-0.7447620363039699
0.34306861372274455,PASSED,-0.27714868012312693,-0.026890565872746786,0.14717632576521983,2.7162669800963526,0.14268274303371475,-0.7757960996209259
0.34406881376275256,PASSED,-0.27717549479557807,-0.026739953136465582,0.15290367662519758,2.716409262676215,0.14188866352351062,-0.8062684505928815
0.34506901380276056,PASSED,-0.2772021560345768,-0.026583677088034757,0.15852429630124604,2.7165507361667744,0.1410644491272608,-0.836178360021106
0.34606921384276856,PASSED,-0.27722865823020354,-0.02642184449881345,0.16403811783468775,2.71669137071458,0.14021066260577061,-0.8655252958028915
0.34706941388277657,PASSED,-0.27725499587933533,-0.026254562194897933,0.16944509463606933,2.7168311370291223,0.13932786712529108,-0.8943089369306388
0.34806961392278457,PASSED,-0.27728116358568733,-0.02608193703229242,0.17474520791847264,2.7169700063832143,0.13841662616635617,-0.9225289736044108
0.3490698139627926,PASSED,-0.2773071560598303,-0.0259040758710945,0.17993846338422526,2.717107950613248,0.1374775034352142,-0.9501852361669713
0.3500700140028006,PASSED,-0.2773329681191838,-0.025721085552870768,0.18502488811673456,2.7172449421193146,0.13651106267032395,-0.9772777840391328
0.3510702140428086,PASSED,-0.27735859468798535,-0.025533072877626257,0.1900045333296951,2.717380953865199,0.13551786752929454,-1.0038067123562788
0.3520704140828166,PASSED,-0.2773840307972373,-0.02534014457933616,0.1948774749303698,2.7175159593782587,0.13449848151755978,-1.0297722113204124
0.3530706141228246,PASSED,-0.2774092715846283,-0.02514240730188586,0.1996438124635854,2.7176499327491728,0.13345346781820192,-1.055174691382832
0.3540708141628326,PASSED,-0.2774343122944341,-0.024939967579035997,0.20430366310738166,2.7177828486315687,0.1323833891620081,-1.0800146327345181
0.3550710142028406,PASSED,-0.2774591482773938,-0.02473293180997577,0.20885717302879175,2.7179146822415285,0.13128880774325338,-1.1042926094348051
0.35607121424284854,PASSED,-0.27748377499056465,-0.024521406235538553,0.21330450870949424,2.7180454093569795,0.13017028508965442,-1.1280093497084183
0.35707141428285655,PASSED,-0.27750818799715427,-0.024305496919532068,0.2176458542044804,2.7181750063169585,0.12902838192249091,-1.1511657121335888
0.35807161432286455,PASSED,-0.2775323829663308,-0.024085309724869112,0.22188142163526942,2.7183034500207643,0.1278636580583784,-1.1737626320984695
0.35907181436287255,PASSED,-0.2775563556730122,-0.02386095029171789,0.22601144082852148,2.718430717927001,0.12667667231204255,-1.195801155827478
0.36007201440288056,PASSED,-0.2775801019976329,-0.023632524017694143,0.23003616282056666,2.7185567880524806,0.12546798232928083,-1.21728253405125
0.36107221444288856,PASSED,-0.2776036179258906,-0.02340013603582074,0.2339558612419654,2.7186816389710597,0.12423814454113899,-1.2382079575355731
0.36207241448289657,PASSED,-0.2776268995484716,-0.023163891194495377,0.23777082804762656,2.7188052498123048,0.12298771399928995,-1.2585789313913485
0.36307261452290457,PASSED,-0.27764994306075563,-0.02292389403640314,0.24148137812197373,2.7189276002601104,0.1217172442931437,-1.278396889316165
0.3640728145629126,PASSED,-0.27767274476250087,-0.022680248779299722,0.24508784309104562,2.7190486705511434,0.12042728743002928,-1.2976635123132534
0.3650730146029206,PASSED,-0.2776953010575083,-0.022433059295993745,0.24859057678259294,2.7191684414732404,0.1191183937407123,-1.3163804739861336
0.3660732146429286,PASSED,-0.27771760845326743,-0.022182429094125343,0.2519899519256109,2.719286894363658,0.1177911117714648,-1.3345496327550868
0.3670734146829366,PASSED,-0.2777396635605816,-0.02192846129773986,0.2552863593587277,2.7194040111072284,0.11644598814850395,-1.3521729497646908
0.3680736147229446,PASSED,-0.277761463093175,-0.021671258628306548,0.2584802094830366,2.7195197741344317,0.11508356754147013,-1.369252378546553
0.3690738147629526,PASSED,-0.2777830038672805,-0.021410923385737034,0.26157193129383044,2.7196341664193353,0.11370439250650556,-1.3857901392432352
0.3700740148029606,PASSED,-0.27780428280120933,-0.021147557430162892,0.26456197176101437,2.7197471714774455,0.11230900337151209,-1.401788465493634
0.3710742148429686,PASSED,-0.2778252969149021,-0.020881262164230734,0.26745079537958477,2.719858773363475,0.1108979382213182,-1.4172496066607283
0.3720744148829766,PASSED,-0.2778460433294627,-0.02061213851532765,0.270238884585415,2.7199689566689993,0.10947173274780485,-1.432176051415092
0.3730746149229846,PASSED,-0.2778665192666737,-0.020340286917111997,0.2729267406358161,2.720077706520005,0.10803092010063055,-1.446570377680422
0.3740748149629926,PASSED,-0.2778867220484953,-0.02006580729419944,0.2755148777637115,2.720185008574372,0.10657603089818919,-1.4604350856153112
0.3750750150030006,PASSED,-0.277906649096547,-0.019788799044513486,0.2780038309674513,2.7202908490192432,0.10510759310345384,-1.4737729341486872
0.3760752150430086,PASSED,-0.2779262979315723,-0.019509361021680695,0.2803941507430215,2.7203952145683052,0.10362613185992171,-1.486586783121072
0.3770754150830166,PASSED,-0.2779456661728877,-0.019227591520469357,0.282686401523545,2.720498092458989,0.10213216949770773,-1.4988794149425866
0.3780756151230246,PASSED,-0.2779647515378149,-0.018943588260601524,0.28488116543068825,2.720599470449569,0.10062622542215814,-1.5106538492875765
0.3790758151630326,PASSED,-0.2779835518410981,-0.01865744837012091,0.28697904051389816,2.7206993368161903,0.0991088159805489,-1.5219131698236985
0.38007601520304063,PASSED,-0.2780020649943048,-0.018369268370862214,0.2889806384218963,2.720797680349796,0.09758045442828928,-1.532660473883564
0.38107621524304863,PASSED,-0.2780202890052124,-0.018079144163757017,0.29088658622739444,2.7208944903529875,0.09604165084887614,-1.5428989830995126
0.38207641528305664,PASSED,-0.27803822197717976,-0.017787171013612234,0.2926975260897024,2.7209897566367744,0.09449291200909048,-1.5526320775764397
0.38307661532306464,PASSED,-0.27805586210850364,-0.01749344353464536,0.2944141142183227,2.7210834695172874,0.09293474136130969,-1.5618630279170147
0.3840768153630726,PASSED,-0.2780732076917618,-0.017198055677224676,0.2960370195555871,2.721175619812375,0.0913676389396627,-1.5705953508003332
0.3850770154030806,PASSED,-0.2780902571131412,-0.016901100712763604,0.2975669277313965,2.721266198838142,0.08979210123295067,-1.578832610653137
0.3860772154430886,PASSED,-0.2781070088517541,-0.016602671221947335,0.29900453287285117,2.7213551984054023,0.0882086211675706,-1.5865783685313688
0.3870774154830966,PASSED,-0.2781234614789388,-0.01630285908044987,0.3003505472472076,2.721442610816064,0.08661768803301534,-1.5938363119045036
0.3880776155231046,PASSED,-0.27813961365754947,-0.016001755445753857,0.3016056929952141,2.721528428859445,0.0850197873783163,-1.6006102165620884
0.3890778155631126,PASSED,-0.2781554641412316,-0.015699450745845375,0.3027707045173311,2.721612645808513,0.08341540095919707,-1.6069038874906558
0.3900780156031206,PASSED,-0.27817101177368625,-0.01539603466645707,0.3038463293022897,2.7216952554160474,0.08180500666594025,-1.6127212304342786
0.3910782156431286,PASSED,-0.27818625548792186,-0.015091596139130298,0.3048333260097577,2.721776251910763,0.08018907847648209,-1.6180661621407526
0.3920784156831366,PASSED,-0.27820119430549384,-0.014786223328690987,0.30573246672568155,2.721855629993338,0.07856808637076428,-1.622942734769171
0.3930786157231446,PASSED,-0.2782158273357333,-0.014480003623410053,0.30654453098443496,2.7219333848323743,0.07694249623153093,-1.6273550755427775
0.3940788157631526,PASSED,-0.2782301537749646,-0.014173023624154728,0.307270311435918,2.7220095120603403,0.07531276988480663,-1.6313071941786446
0.3950790158031606,PASSED,-0.27824417290571146,-0.013865369131500363,0.30791061346666293,2.722084007769396,0.07367936495370908,-1.6348034223768433
0.39607921584316863,PASSED,-0.2782578840958934,-0.01355712513737796,0.3084662478929009,2.7221568685071946,0.07204273478293338,-1.6378480030416065
0.39707941588317663,PASSED,-0.27827128679801105,-0.013248375814960535,0.3089380387671097,2.722228091272616,0.07040332847900468,-1.640445171186758
0.39807961592318464,PASSED,-0.27828438054832216,-0.012939204507421392,0.30932682005383033,2.7222976735114433,0.0687615907863717,-1.6425993735971405
0.39907981596319264,PASSED,-0.27829716496600787,-0.01262969371961021,0.30963343298274837,2.722365613111983,0.06711796200726436,-1.6443150494474983
0.40008001600320064,PASSED,-0.2783096397523291,-0.01231992510855794,0.30985872976528733,2.722431908400646,0.06547287803445559,-1.6455965883829573
0.40108021604320865,PASSED,-0.2783218046897746,-0.012009979474592387,0.31000357009906376,2.7224965581374487,0.0638267702348141,-1.6464486071471902
0.40208041608321665,PASSED,-0.27833365964120005,-0.01169993675303952,0.31006882252206674,2.722559561511498,0.06218006540665766,-1.6468756421625963
0.40308061612322466,PASSED,-0.27834520454895834,-0.011389876004812222,0.31005536536412065,2.7226209181364047,0.06053318577095151,-1.6468822980685256
0.40408081616323266,PASSED,-0.2783564394340222,-0.011079875409820283,0.3099640814104845,2.7226806280456546,0.05888654888091401,-1.6464732846834733
0.40508101620324066,PASSED,-0.27836736439509857,-0.010770012258444477,0.30979586468602077,2.7227386916879532,0.057240567611270686,-1.6456532596165592
0.40608121624324867,PASSED,-0.27837797960773586,-0.01046036294454973,0.3095516133672314,2.72279510992249,0.05559565008564277,-1.6444270363021634
0.40708141628325667,PASSED,-0.2783882853234232,-0.010151002957688837,0.30923223585666615,2.7228498840142037,0.05395219966429129,-1.6427993447176912
0.4080816163232647,PASSED,-0.2783982818686836,-0.009842006876852952,0.3088386441553657,2.722903015628965,0.05231061488278538,-1.640775072698058
0.4090818163632727,PASSED,-0.2784079696441596,-0.009533448363741962,0.30837175908140624,2.7229545068287693,0.05067128943664034,-1.6383590284430125
0.4100820164032807,PASSED,-0.2784173491236932,-0.009225400156537618,0.30783250595296796,2.723004360066834,0.049034612110437054,-1.635556191376813
0.4110822164432887,PASSED,-0.278426420853399,-0.008917934063920293,0.3072218170602292,2.723052578182714,0.04740096677446232,-1.632371432373349
0.4120824164832967,PASSED,-0.27843518545073204,-0.008611120958842738,0.30654063042244034,2.7230991643973588,0.045770732365505475,-1.6288097266791828
0.41308261652330464,PASSED,-0.27844364360354973,-0.008305030774280983,0.3057898873212973,2.723144122308123,0.044144282780931014,-1.6248761565046457
0.41408281656331264,PASSED,-0.2784517960691686,-0.007999732496822658,0.30497053754967635,2.7231874558837803,0.04252198692923907,-1.6205756484834755
0.41508301660332064,PASSED,-0.2784596436734161,-0.007695294162248075,0.30408353259118803,2.7232291694594792,0.040904208687136664,-1.6159133045150271
0.41608321664332865,PASSED,-0.27846718730967757,-0.007391782851664051,0.3031298292459147,2.723269267731689,0.039291306823628636,-1.610894236170033
0.41708341668333665,PASSED,-0.2784744279379389,-0.007089264686049125,0.30211038986093364,2.7233077557531007,0.03768363500636811,-1.6055235379875261
0.41808361672334465,PASSED,-0.27848136658382466,-0.006787804822314154,0.30102617965099415,2.723344638927526,0.03608154181069693,-1.5998063007936119
0.41908381676335266,PASSED,-0.27848800433763277,-0.006487467450997956,0.2998781657596667,2.723379923004749,0.03448537063453524,-1.5937477597404162
0.42008401680336066,PASSED,-0.27849434235336495,-0.006188315790698859,0.29866732332538437,2.723413614075386,0.032895459718118615,-1.5873530208674274
0.42108421684336866,PASSED,-0.27850038184775455,-0.005890412085644059,0.2973946262077432,2.723445718565689,0.031312142119507946,-1.5806273171061567
0.42208441688337667,PASSED,-0.2785061240992905,-0.005593817603552927,0.29606105268005584,2.7234762432323527,0.029735745663096717,-1.57357588261461
0.42308461692338467,PASSED,-0.27851157044723857,-0.005298592631635694,0.29466758474201804,2.723505195157313,0.028166592992308382,-1.5662038629041548
0.4240848169633927,PASSED,-0.2785167222906606,-0.0050047964746129355,0.29321520520991917,2.723532581742494,0.026605001482233517,-1.5585166081886763
0.4250850170034007,PASSED,-0.27852158108743047,-0.004712487452500121,0.29170490004807775,2.7235584107045776,0.025051283242396055,-1.550519327603318
0.4260852170434087,PASSED,-0.2785261483532486,-0.004421722898832489,0.2901376560806679,2.723582690069746,0.023505745166755007,-1.5422172409995394
0.4270854170834167,PASSED,-0.27853042566065456,-0.00413255915848761,0.2885144631876852,2.723605428168399,0.02196868882971548,-1.533615734399514
0.4280856171234247,PASSED,-0.2785344146380375,-0.0038450515862478497,0.2868363116078116,2.7236266336298787,0.020440410511889117,-1.5247200401109298
0.4290858171634327,PASSED,-0.2785381169686461,-0.003559254546402086,0.28510419200439824,2.723646315377189,0.018921201256526684,-1.5155353988634306
0.4300860172034407,PASSED,-0.2785415343895968,-0.0032752214106921106,0.28331909818035994,2.7236644826216776,0.017411346749968016,-1.5060672450221602
0.4310862172434487,PASSED,-0.278544668690881,-0.002993004557409968,0.28148202334999795,2.7236811448577503,0.015911127372901283,-1.4963207984297808
0.4320864172834567,PASSED,-0.27854752171437264,-0.0027126553726547773,0.27959395902531936,2.7236963118575543,0.014420818246441182,-1.486301345146983
0.4330866173234647,PASSED,-0.27855009535283387,-0.002434224248006508,0.2776559017302358,2.7237099936656564,0.012940689116310992,-1.4760143201189928
0.4340868173634727,PASSED,-0.278552391548922,-0.0021577605812393846,0.2756688434583829,2.723722200593741,0.011471004428982311,-1.465464932135142
0.4350870174034807,PASSED,-0.27855441229419525,-0.0018833127769802855,0.2736337781262429,2.723732943215293,0.01001202335653398,-1.4546584993237928
0.4360872174434887,PASSED,-0.27855615962812014,-0.0016109282464870625,0.2715516987378764,2.7237422323602654,0.008563999687172233,-1.4436004493870502
0.4370874174834967,PASSED,-0.278557635637078,-0.0013406534085473472,0.269423597407608,2.7237500791097857,0.0071271819327645295,-1.4322959577548053
0.4380876175235047,PASSED,-0.2785588424533732,-0.001072533689892903,0.26725046615233483,2.7237564947908277,0.005701813311774611,-1.4207503964799932
0.43908781756351273,PASSED,-0.27855978225424205,-0.0008066135273638075,0.2650332934469359,2.723761490970907,0.004288131684115236,-1.4089691151122963
0.44008801760352073,PASSED,-0.2785604572608624,-0.0005429363676437252,0.2627730705688468,2.7237650794527783,0.0028863696418955417,-1.3969573269579603
0.4410882176435287,PASSED,-0.27856086973736566,-0.00028154466980783653,0.26047078268058316,2.7237672722691433,0.0014967545058441317,-1.3847203421137106
0.4420884176835367,PASSED,-0.2785610219898493,-2.247990727739628e-05,0.2581274157636783,2.7237680816773513,0.00011950826071722992,-1.3722635138023624
0.4430886177235447,PASSED,-0.278560916365392,0.00023421743146454906,0.25574395406079004,2.7237675201541265,-0.0012451523642616701,-1.3595920324299253
0.4440888177635527,PASSED,-0.2785605552510701,0.0004885078403332065,0.2533213787405689,2.723765600390293,-0.0025970158794120586,-1.3467111702973642
0.4450890178035607,PASSED,-0.27855994107297694,0.0007403527918445992,0.250860666691942,2.7237623352855116,-0.003935876093778604,-1.3336262437459996
0.4460892178435687,PASSED,-0.27855907629524423,0.000989714736817345,0.24836279715994816,2.7237577379430413,-0.005261532033801621,-1.320342404207696
0.4470894178835767,PASSED,-0.2785579634190658,0.001236557101183962,0.24582874250439593,2.72375182166449,-0.0065737879525214985,-1.3068649283946652
0.4480896179235847,PASSED,-0.27855660498172485,0.0014808442812603052,0.24325947179097476,2.7237445999446135,-0.007872453317125182,-1.2931989887430295
0.4490898179635927,PASSED,-0.27855500355562324,0.0017225416429057171,0.24065595488170344,2.7237360864660882,-0.009157342810849149,-1.2793498303779274
0.4500900180036007,PASSED,-0.278553161747315,0.001961615517624604,0.23801915461034287,2.7237262950943384,-0.010428276279200666,-1.2653225603339109
0.4510902180436087,PASSED,-0.2785510821965422,0.0021980331981597007,0.23535003115159892,2.7237152398723596,-0.011685078718897962,-1.2511223592728855
0.4520904180836167,PASSED,-0.2785487675752751,0.002431762936137271,0.232649542528218,2.7237029350155666,-0.012927580299466978,-1.2367543947664361
0.4530906181236247,PASSED,-0.2785462205867557,0.002662773937533476,0.22991864064152948,2.7236893949066556,-0.014155616305346726,-1.2222237466219568
0.4540908181636327,PASSED,-0.2785434439645451,0.002891036358663404,0.22715827478886064,2.723674634090496,-0.015369027105043218,-1.2075355017461802
0.45509101820364073,PASSED,-0.2785404404715751,0.003116521302766946,0.22436939031332964,2.7236586672690377,-0.01656765816292728,-1.1926947619759816
0.45609121824364873,PASSED,-0.27853721289920397,0.0033392008147003147,0.2215529263467282,2.7236415092962427,-0.017751360007898065,-1.1777065669673272
0.45709141828365674,PASSED,-0.27853376406627656,0.003559047876970084,0.218709819551797,2.7236231751730364,-0.018919988187552667,-1.162575921446119
0.45809161832366474,PASSED,-0.27853009681818913,0.0037760364056333537,0.21584100140425175,2.7236036800422907,-0.020073403260230098,-1.147307840164975
0.45909181836367274,PASSED,-0.27852621402595873,0.003990141244148236,0.21294739658863743,2.723583039183823,-0.02121147078389798,-1.1319073126698216
0.46009201840368075,PASSED,-0.2785221185852973,0.00420133815977679,0.21002992832182996,2.7235612680094308,-0.022334061255143856,-1.1163792436299116
0.46109221844368875,PASSED,-0.27851781341569154,0.004409603837464557,0.20708951059839195,2.7235383820579426,-0.023441050105926432,-1.1007285888843508
0.46209241848369675,PASSED,-0.27851330145948683,0.004614915875147012,0.20412705573849885,2.723514396990307,-0.02453231767945516,-1.0849602299583132
0.46309261852370476,PASSED,-0.2785085856809776,0.004817252778685721,0.20114346873885053,2.7234893285847006,-0.025607749182463422,-1.0690790183748953
0.46409281856371276,PASSED,-0.2785036690655023,0.005016593955164258,0.19813964830499475,2.7234631927316815,-0.02666723465166901,-1.0530897697593735
0.46509301860372076,PASSED,-0.2784985546185444,0.005212919708159712,0.1951164894557614,2.723436005429345,-0.027710668968777278,-1.036997348674195
0.46609321864372877,PASSED,-0.2784932453648393,0.0054062112319700735,0.19207488004676163,2.7234077827785423,-0.028737951771948492,-1.0208064395025602
0.46709341868373677,PASSED,-0.2784877443474868,0.005596450604761957,0.18901570128863085,2.723378540978105,-0.02974898744707783,-1.0045218322138598
0.4680936187237448,PASSED,-0.27848205462706954,0.0057836207833891025,0.18593983018615506,2.7233482963201223,-0.030743685109257634,-0.9881482154904334
0.4690938187637528,PASSED,-0.27847617928077784,0.005967705597254235,0.18284813631778604,2.7233170651852356,-0.03172195854653514,-0.9716902518022245
0.4700940188037607,PASSED,-0.2784701214015409,0.00614868974076373,0.1797414816373,2.723284864037979,-0.03268372619104429,-0.9551525729804431
0.47109421884376873,PASSED,-0.2784638840971642,0.006326558768005324,0.17662072431112433,2.723251709422136,-0.03362891110889246,-0.9385398144266643
0.47209441888377673,PASSED,-0.278457470489473,0.006501299086373376,0.1734867144060039,2.723217617956167,-0.03455744091571477,-0.9218564684194006
0.47309461892378474,PASSED,-0.27845088371346377,0.00667289794839236,0.1703402937609715,2.723182606328626,-0.035469247780596555,-0.9051071291900425
0.47409481896379274,PASSED,-0.2784441269164607,0.006841343446356949,0.16718230076700177,2.7231466912936537,-0.03636426839168368,-0.8882962656851683
0.47509501900380074,PASSED,-0.2784372032572802,0.007006624505406806,0.16401356457176094,2.7231098896664903,-0.03724244387091343,-0.8714282882594745
0.47609521904380875,PASSED,-0.2784301159054025,0.00716873087488971,0.16083490609033213,2.7230722183190235,-0.03810371978882482,-0.8545076710126629
0.47709541908381675,PASSED,-0.2784228680401495,0.007327653122784262,0.15764714243069822,2.7230336941753808,-0.03894804612105623,-0.8375387730438997
0.47809561912382476,PASSED,-0.27841546284986984,0.007483382628904768,0.1544510819137118,2.7229943342075655,-0.0397753771538511,-0.8205258726288468
0.47909581916383276,PASSED,-0.2784079035311325,0.007635911575390646,0.15124752286732326,2.7229541554311147,-0.04058567151445224,-0.8034733525826693
0.48009601920384076,PASSED,-0.2784001932879263,0.007785232940787664,0.1480372604168145,2.722913174900822,-0.04137889209937184,-0.7863854064775544
0.48109621924384877,PASSED,-0.27839233533086766,0.007931340493455159,0.14482108083461526,2.7228714097064786,-0.042155006013366025,-0.7692662523386116
0.48209641928385677,PASSED,-0.27838433287641556,0.008074228781556291,0.141599759612142,2.7228288769686713,-0.042913984565250474,-0.7521200849150067
0.4830966193238648,PASSED,-0.27837618914609474,0.008213893126597508,0.13837406866060178,2.722785593834609,-0.04365580321594087,-0.7349510278739891
0.4840968193638728,PASSED,-0.2783679073657258,0.008350329617059083,0.13514477166222308,2.7227415774740007,-0.044380441516128244,-0.7177631483962965
0.4850970194038808,PASSED,-0.2783594907646637,0.008483535098094021,0.13191262061674774,2.722696845074981,-0.045087883068349675,-0.7005604881048626
0.4860972194438888,PASSED,-0.27835094257504406,0.008613507164109283,0.12867836294760285,2.722651413840059,-0.045778115521342505,-0.6833470962514735
0.4870974194838968,PASSED,-0.27834226603103734,0.008740244152249808,0.1254427382691389,2.7226053009821265,-0.04645113048823828,-0.6661268806586463
0.4880976195239048,PASSED,-0.2783334643681111,0.0088637451337568,0.12220647699889584,2.7225585237205063,-0.047106923492126446,-0.6489037527078381
0.4890978195639128,PASSED,-0.2783245408223004,0.008984009904082891,0.11897029921088927,2.722511099277054,-0.04774549395328122,-0.6316816001193866
0.4900980196039208,PASSED,-0.27831549862948646,0.009101038976429447,0.11573492110366561,2.7224630448722773,-0.04836684515309484,-0.6144642662764512
0.4910982196439288,PASSED,-0.27830634102468327,0.009214833573744275,0.11250104812226852,2.722414377721532,-0.04897098414108979,-0.5972554691406227
0.4920984196839368,PASSED,-0.2782970712413333,0.009325395618859575,0.10926937644398747,2.722365115031239,-0.049557921722218755,-0.5800589891211968
0.4930986197239448,PASSED,-0.27828769251061036,0.009432727727009932,0.10604059595460144,2.7223152739951675,-0.05012767241961385,-0.562878502911019
0.4940988197639528,PASSED,-0.2782782080607319,0.009536833197751242,0.1028153872657841,2.7222648717907445,-0.050680254403366896,-0.5457176376477388
0.4950990198039608,PASSED,-0.27826862111627965,0.00963771600488268,0.09959442037520463,2.722213925575426,-0.05121568945182723,-0.528579989002075
0.4960992198439688,PASSED,-0.27825893489752845,0.009735380789652451,0.09637836103281443,2.7221624524831047,-0.05173400291917438,-0.5114691195772026
0.4970994198839768,PASSED,-0.2782491526197839,0.009829832851636657,0.09316786261846546,2.722110469620571,-0.05223522367253277,-0.4943885092125229
0.49809961992398477,PASSED,-0.27823927749272864,0.009921078138795445,0.08996357018567033,2.7220579940640173,-0.05271938404743829,-0.4773416187008471
0.4990998199639928,PASSED,-0.2782293127197774,0.010009123240404674,0.08676612255826817,2.7220050428555855,-0.053186519815320916,-0.46033186733714987
0.5001000200040008,PASSED,-0.2782192614974405,0.010093975378264505,0.08357614806087321,2.7219516329999816,-0.053636670099436304,-0.44336256196755497
0.5011002200440088,PASSED,-0.27820912701469647,0.010175642395942996,0.08039426409023753,2.721897781461103,-0.05406987737863054,-0.4264370906786865
0.5021004200840168,PASSED,-0.2781989124523734,0.010254132752222301,0.07722108440535079,2.721843505158758,-0.05448618739461394,-0.4095586328532123
0.5031006201240248,PASSED,-0.2781886209825386,0.010329455511628444,0.07405720940667179,2.721788820965384,-0.054885649127642926,-0.3927304664795107
0.5041008201640328,PASSED,-0.2781782557678985,0.010401620334174338,0.07090323130537428,2.7217337457028616,-0.05526831474186239,-0.3759557127127696
0.5051010202040408,PASSED,-0.2781678199612055,0.010470637468424318,0.06775973621305105,2.7216782961393418,-0.055634239530005646,-0.3592375050969182
0.5061012202440488,PASSED,-0.27815731670467553,0.010536517741322724,0.06462729735531,2.7216224889861467,-0.055983481874048446,-0.3425789033400631
0.5071014202840568,PASSED,-0.27814674912941356,0.010599272549729637,0.061506482441314736,2.7215663408946917,-0.056316103206968816,-0.3259829526405757
0.5081016203240648,PASSED,-0.27813612035484864,0.010658913850553061,0.05839784641149609,2.721509868453489,-0.056632167927934775,-0.3094525665162078
0.5091018203640728,PASSED,-0.2781254334881772,0.0107154541531352,0.055301940029235615,2.7214530881851666,-0.05693174339306278,-0.29299073086918886
0.5101020204040808,PASSED,-0.27811469162381647,0.010768906509367094,0.05221930036700052,2.72139601654357,-0.05721489984535828,-0.2766002665797217
0.5111022204440888,PASSED,-0.2781038978428659,0.01081928450449162,0.049150458296213194,2.7213386699108817,-0.057481710362030945,-0.2602840167346175
0.5121024204840968,PASSED,-0.27809305521257816,0.010866602248397875,0.04609593431294808,2.721281064594814,-0.057732250822401146,-0.2440447561272636
0.5131026205241048,PASSED,-0.27808216678583925,0.010910874366518851,0.04305624065966226,2.721223216825833,-0.05796659984658674,-0.2278852028911402
0.5141028205641128,PASSED,-0.2780712356006575,0.010952115990911105,0.04003188021398455,2.721165142754448,-0.05818483874428371,-0.21180802756752695
0.5151030206041208,PASSED,-0.27806026467966155,0.010990342750525675,0.037023345881624085,2.72110685844853,-0.058387051481599894,-0.19581587714863488
0.5161032206441288,PASSED,-0.27804925702960764,0.011025570762959094,0.034031123467949585,2.7210483798907092,-0.05857332460178134,-0.1799112822033244
0.5171034206841368,PASSED,-0.2780382156408961,0.011057816624693191,0.031055687244863812,2.720989722975785,-0.05874374721071241,-0.16409682674955864
0.5181036207241448,PASSED,-0.2780271434870966,0.011087097401869606,0.028097503797448305,2.720930903508218,-0.05889841090941347,-0.1483749466687292
0.5191038207641528,PASSED,-0.2780160435244825,0.011113430622908498,0.025157032533187986,2.7208719371996484,-0.059037409737452744,-0.13274808228628746
0.5201040208041608,PASSED,-0.2780049186915748,0.011136834266927246,0.02223471834245491,2.7208128396664812,-0.05916084013820671,-0.11721861306575151
0.5211042208441689,PASSED,-0.2779937719086943,0.01115732675587791,0.01933100268946845,2.720753626427508,-0.05926880090512913,-0.10178886949352392
0.5221044208841769,PASSED,-0.27798260607752395,0.011174926945782477,0.016446314714635518,2.720694312901577,-0.05936139313961627,-0.08646114448288979
0.5231046209241849,PASSED,-0.27797142408067915,0.011189654117599323,0.013581076551654126,2.7206349144053252,-0.05943872018152537,-0.07123764019325056
0.5241048209641929,PASSED,-0.2779602287812878,0.011201527967530088,0.010735698850174433,2.7205754461509453,-0.05950088757823566,-0.05612056772165515
0.5251050210042009,PASSED,-0.27794902302257934,0.011210568597787246,0.007910584528477363,2.7205159232440117,-0.059548003035058396,-0.04111204955677478
0.5261052210442089,PASSED,-0.2779378096274824,0.011216796509403331,0.005106129674491168,2.7204563606813514,-0.059580176352887565,-0.026214163344109417
0.5271054210842169,PASSED,-0.27792659139823206,0.01122023259094009,0.0023227161116046455,2.7203967733489534,-0.05959751940556829,-0.011428978905136509
0.5281056211242249,PASSED,-0.2779153711159856,0.011220898110758193,-0.0004392777108989213,2.7203371760199566,-0.05960014605088844,0.003241577069836602
0.5291058211642329,PASSED,-0.2779041515404475,0.011218814708145529,-0.003179485880504929,2.7202775833526425,-0.059588172129011414,0.017795485081809545
0.5301060212042409,PASSED,-0.27789293540950316,0.011214004383673516,-0.005897550199683642,2.7202180098885185,-0.05956171538311734,0.03223091976892001
0.5311062212442489,PASSED,-0.2778817254388621,0.011206489490626291,-0.008593121612251413,2.7201584700504196,-0.059520895409285984,0.04654600987297459
0.5321064212842569,PASSED,-0.2778705243217092,0.011196292726393112,-0.01126585931379879,2.7200989781406713,-0.059465833639351,0.06073894330966132
0.5331066213242649,PASSED,-0.27785933472836566,0.011183437123255048,-0.013915432354241796,2.720039548339299,-0.059396653261241855,0.07480800130879339
0.5341068213642729,PASSED,-0.2778481593059582,0.011167946039352165,-0.016541518268643744,2.7199801947022926,-0.059313479167112465,0.08875148934313085
0.5351070214042809,PASSED,-0.27783700067809736,0.011149843150586123,-0.019143802430973873,2.7199209311598933,-0.05921643795314282,0.10256769705399475
0.5361072214442889,PASSED,-0.2778258614445647,0.011129152441167897,-0.02172198074305877,2.719861771514956,-0.059105657832491464,0.11625506971624669
0.5371074214842969,PASSED,-0.27781474418100854,0.011105898195211732,-0.02427575609823753,2.7198027294413456,-0.05898126857108642,0.1298120558642482
0.5381076215243049,PASSED,-0.27780365143864827,0.01108010498793415,-0.026804841397146142,2.719743818482378,-0.05884340149575204,0.143237088314461
0.5391078215643129,PASSED,-0.27779258574398796,0.011051797676545605,-0.029308958049478848,2.7196850520493197,-0.05869218941165326,0.15652874795498758
0.5401080216043209,PASSED,-0.2777815495985378,0.011021001393326842,-0.03178783333161773,2.7196264434199104,-0.0585277665590978,0.1696855889557732
0.5411082216443288,PASSED,-0.2777705454785448,0.010987741534653638,-0.03424120890092894,2.719568005736971,-0.05835026855993356,0.18270627263654834
0.5421084216843368,PASSED,-0.2777595758347318,0.01095204375350716,-0.036668829310178314,2.7195097520070086,-0.05815983240698258,0.19558940649393158
0.5431086217243448,PASSED,-0.277748643092045,0.0109139339521535,-0.03907044938264831,2.7194516950989094,-0.05795659638487616,0.2083337658480803
0.5441088217643528,PASSED,-0.27773774964941,0.010873438271830616,-0.041445834283043125,2.71939384774265,-0.05774070002221448,0.22093809387074
0.5451090218043608,PASSED,-0.2777268978794962,0.010830583084688998,-0.04379475571400095,2.7193362225280713,-0.0575122840702854,0.2334011906346341
0.5461092218443688,PASSED,-0.2777160901284897,0.01078539498689012,-0.04611699252212892,2.7192788319036882,-0.05727149044440852,0.24572191603837645
0.5471094218843768,PASSED,-0.27770532871587456,0.010737900788619663,-0.04841233543600861,2.71922168817554,-0.057018462185278555,0.25789915452434825
0.5481096219243848,PASSED,-0.2776946159342223,0.010688127506190583,-0.05068058042445856,2.7191648035061027,-0.05675334339772726,0.26993187623592807
0.5491098219643928,PASSED,-0.27768395404898955,0.010636102354451445,-0.052921532615589566,2.7191081899132166,-0.05647627923803274,0.28181901533358195
0.5501100220044008,PASSED,-0.2776733452983241,0.010581852738305947,-0.055135005165437755,2.719051859269094,-0.05618741583855616,0.29355965557189734
0.5511102220444088,PASSED,-0.2776627918928788,0.010525406244423417,-0.05732081969392296,2.718995823299332,-0.055886900284624105,0.30515281950548767
0.5521104220844169,PASSED,-0.2776522960156339,0.010466790632716308,-0.059478806382567515,2.7189400935820074,-0.055574880557968144,0.3165976647562809
0.5531106221244249,PASSED,-0.27764185982172734,0.010406033829385467,-0.061608801296358894,2.718884681546777,-0.0552515055090653,0.327893305000547
0.5541108221644329,PASSED,-0.2776314854382926,0.010343163919058512,-0.06371064968068564,2.718829598474051,-0.0549169248038575,0.33903897201264105
0.5551110222044409,PASSED,-0.27762117496430505,0.010278209135162879,-0.06578420670559748,2.7187748554941837,-0.054571288887888904,0.3500338786058929
0.5561112222444489,PASSED,-0.27761093047043595,0.010211197853561865,-0.06782933153129304,2.7187204635867372,-0.05421474891947304,0.3608773616225074
0.5571114222844569,PASSED,-0.277600753998914,0.010142158585354139,-0.06984589265868152,2.718666433579745,-0.05384745678088702,0.37156865656169585
0.5581116223244649,PASSED,-0.27759064756339497,0.010071119967239174,-0.07183376841915304,2.718612776149057,-0.05346956499676908,0.382107202488762
0.5591118223644729,PASSED,-0.27758061314883903,0.009998110754666275,-0.07379284200872914,2.718559501817698,-0.05308122668285742,0.39249238819359167
0.5601120224044809,PASSED,-0.2775706527113955,0.00992315981561289,-0.07572300374982062,2.7185066209552886,-0.05268259554255194,0.40272364171339137
0.5611122224444889,PASSED,-0.27756076817829484,0.009846296121628047,-0.07762415414152385,2.718454143777479,-0.05227382582025211,0.4128004426907796
0.5621124224844969,PASSED,-0.2775509614477493,0.009767548739199982,-0.07949620128575892,2.7184020803454443,-0.05185507223836087,0.4227223413582252
0.5631126225245049,PASSED,-0.2775412343888595,0.009686946825388277,-0.08133905549567066,2.718350440565424,-0.05142648995087798,0.43248891823266644
0.5641128225645129,PASSED,-0.2775315888415297,0.00960451961916454,-0.08315264004244731,2.7182992341882763,-0.0509882345566437,0.44209971156868405
0.5651130226045209,PASSED,-0.2775220266163891,0.009520296432087374,-0.08493688510031251,2.7182484708090935,-0.05054046202302432,0.45155441498650434
0.5661132226445289,PASSED,-0.2775125494947218,0.009434306644140387,-0.08669172317810314,2.7181981598668323,-0.05008332864476999,0.4608526870995493
0.5671134226845369,PASSED,-0.27750315922840285,0.009346579695813805,-0.0884170984255676,2.7181483106440227,-0.049616991001303845,0.4699942810438799
0.5681136227245449,PASSED,-0.2774938575398414,0.009257145079147,-0.09011296216096473,2.7180989322664595,-0.049141605965912015,0.4789788716237995
0.5691138227645529,PASSED,-0.2774846461219318,0.009166032332942378,-0.09177926890039147,2.7180500337029896,-0.048657330607309555,0.487806349921567
0.5701140228045609,PASSED,-0.2774755266380105,0.009073271035930582,-0.09341598241939819,2.7180016237652778,-0.04816432218983482,0.496476462510194
0.5711142228445689,PASSED,-0.2774665007218211,0.008978890797147688,-0.09502307635855936,2.717953711107663,-0.047662738134925706,0.5049891165083824
0.5721144228845769,PASSED,-0.2774575699774847,0.008882921252329883,-0.09660052379063498,2.7179063042270077,-0.04715273596795754,0.5133442006080172
0.5731146229245849,PASSED,-0.27744873597947856,0.008785392056260378,-0.0981483109220841,2.7178594114626122,-0.046634473300109586,0.521541646007921
0.5741148229645929,PASSED,-0.2774400002726201,0.00868633287476364,-0.0996664285465069,2.7178130409961505,-0.046108107781201564,0.5295814341747613
0.5751150230046009,PASSED,-0.27743136437205856,0.008585773379447695,-0.10115487316223638,2.7177672008516387,-0.045573797076160154,0.5374635522858315
0.5761152230446089,PASSED,-0.2774228297632723,0.00848374324175963,-0.10261364737195004,2.7177218988954506,-0.04503169882320728,0.5451880533975714
0.5771154230846169,PASSED,-0.2774143979020734,0.008380272124870173,-0.10404276323446164,2.7176771428363495,-0.04448197060292816,0.5527549982001626
0.5781156231246249,PASSED,-0.2774060702146178,0.008275389678179375,-0.10544223566168742,2.7176329402255783,-0.043924769891576766,0.5601645201188857
0.579115823164633,PASSED,-0.2773978480974224,0.008169125531927808,-0.1068120866448213,2.717589298456947,-0.0433602540668348,0.5674166944906771
0.580116023204641,PASSED,-0.2773897329173883,0.008061509289565618,-0.10815234617376832,2.717546224767005,-0.042788580312485405,0.5745117942552003
0.581116223244649,PASSED,-0.2773817260118293,0.00795257052232454,-0.10946304795261762,2.7175037262351807,-0.042209905648809325,0.5814499099566709
0.582116423284657,PASSED,-0.2773738286885083,0.0078423387627919,-0.11074423391932277,2.7174618097840098,-0.041624386885083714,0.5882313329049109
0.583116623324665,PASSED,-0.2773660422256774,0.007730843500427371,-0.11199594799466664,2.7174204821793744,-0.04103218052118622,0.5948563845592141
0.584116823364673,PASSED,-0.27735836787212625,0.007618114173143421,-0.11321824681013912,2.7173797500307546,-0.04043344283081701,0.6013252275758698
0.585117023404681,PASSED,-0.2773508068472342,0.007504180163328038,-0.1144111851522129,2.717339619791539,-0.03982832977435593,0.6076382757178972
0.586117223444689,PASSED,-0.2773433603410298,0.007389070792317206,-0.11557482824991062,2.7173000977593627,-0.03921699689974449,0.6137959405404649
0.587117423484697,PASSED,-0.2773360295142548,0.007272815313300951,-0.11670924619381626,2.7172611900764494,-0.03859959944425599,0.6197984654538649
0.588117623524705,PASSED,-0.2773288154984345,0.007155442906899901,-0.11781451320587213,2.717222902730011,-0.03797629224873584,0.6256463488976879
0.589117823564713,PASSED,-0.2773217193959535,0.007036982675476361,-0.11889071023531905,2.7171852415526674,-0.03734722965580945,0.6313400889455218
0.590118023604721,PASSED,-0.2773147422801367,0.006917463637051061,-0.11993792388528904,2.7171482122228885,-0.03671256559283238,0.6368800456647647
0.591118223644729,PASSED,-0.2773078851953355,0.006796914721026017,-0.12095624411821304,2.717111820265474,-0.03607245351409573,0.6422667674512448
0.592118423684737,PASSED,-0.27730114915701987,0.006675364762578732,-0.12194576799999934,2.717076071052043,-0.03542704632506262,0.6475008034210226
0.593118623724745,PASSED,-0.2772945351518754,0.006552842496532064,-0.12290659807778001,2.7170409698015883,-0.03477649637605311,0.6525827127351723
0.594118823764753,PASSED,-0.27728804413790514,0.006429376553547673,-0.1238388395887998,2.717006521581009,-0.034120955491606327,0.6575129989211834
0.595119023804761,PASSED,-0.2772816770445366,0.006304995455317639,-0.12474260399085525,2.7169727313057113,-0.033460574873882126,0.6622923635928727
0.596119223844769,PASSED,-0.2772754347727343,0.006179727607505019,-0.125618010360464,2.71693960374021,-0.03279550508382376,0.6669214077020248
0.597119423884777,PASSED,-0.2772693181951166,0.006053601297192992,-0.12646517694640239,2.7169071434987604,-0.032125896077268,0.671400739124916
0.5981196239247849,PASSED,-0.2772633281560771,0.005926644687782877,-0.1272842310525909,2.716875355046029,-0.031451897112471774,0.6757311152437727
0.5991198239647929,PASSED,-0.27725746547191193,0.005798885812634396,-0.1280753045457415,2.7168442426977695,-0.030773656737363524,0.6799132150179034
0.6001200240048009,PASSED,-0.2772517309309502,0.0056703525723317836,-0.12883853080719163,2.7168138106215323,-0.030091322812587865,0.6839477312808296
0.6011202240448089,PASSED,-0.2772461252936901,0.0055410727295334,-0.12957405079251091,2.7167840628374047,-0.029405042431558316,0.687835480862032
0.6021204240848169,PASSED,-0.27724064929293907,0.0054110739038768065,-0.13028200889931657,2.716755003218762,-0.02871496190932797,0.6915772164758891
0.6031206241248249,PASSED,-0.2772353036339585,0.005280383568780263,-0.13096255256136102,2.7167266354930457,-0.028021226802616886,0.6951737002012135
0.6041208241648329,PASSED,-0.27723008899461243,0.005149029046312952,-0.1316158357379446,2.7166989632425698,-0.027323981833317773,0.6986258153643837
0.6051210242048409,PASSED,-0.27722500602552097,0.0050170375033008596,-0.13224201452819076,2.716671989905348,-0.026623370868745447,0.70193439737762
0.6061212242448489,PASSED,-0.27722005535021765,0.004884435946872201,-0.13284125102897074,2.716645718775924,-0.02591953697463433,0.705100225266782
0.6071214242848569,PASSED,-0.2772152375653105,0.004751251221182509,-0.13341370879683792,2.716620153006252,-0.025212622304322488,0.7081243003418924
0.6081216243248649,PASSED,-0.277210553240648,0.004617510002903285,-0.1339595579341476,2.71659529560659,-0.0245027680772329,0.7110075115880492
0.6091218243648729,PASSED,-0.2772060029194879,0.004483238797043424,-0.13447897114367102,2.7165711494463913,-0.02379011466895327,0.7137506727406877
0.610122024404881,PASSED,-0.2772015871186707,0.004348463933783643,-0.13497212467052006,2.716547717255246,-0.023074801480997848,0.7163548647652478
0.611122224444889,PASSED,-0.2771973063287965,0.00421321156474614,-0.13543919861548936,2.71652500162382,-0.02235696693060415,0.7188210074793316
0.612122424484897,PASSED,-0.2771931610144058,0.004077507658537428,-0.13588037793752802,2.7165030050048293,-0.021636748502690917,0.7211500415358408
0.613122624524905,PASSED,-0.2771891516141629,0.003941377998627178,-0.13629584789206364,2.7164817297140242,-0.020914282669142567,0.7233430282233583
0.614122824564913,PASSED,-0.2771852785410448,0.003804848178249314,-0.1366858020350639,2.716461177931186,-0.020189704882613124,0.7254009587335016
0.615123024604921,PASSED,-0.2771815421825314,0.003667943597914984,-0.13705043253384094,2.7164413517011545,-0.01946314958057689,0.7273248642380512
0.616123224644929,PASSED,-0.2771779429008003,0.0035306894627755657,-0.13738993687646922,2.7164222529348736,-0.018734750131311567,0.7291158392835065
0.617123424684937,PASSED,-0.2771744810329247,0.00339311077748462,-0.1377045175672632,2.7164038834104347,-0.018004638854839897,0.7307749012637824
0.618123624724945,PASSED,-0.2771711568910742,0.003255232344549911,-0.13799437651300664,2.716386244774152,-0.017272947002844173,0.7323031524836837
0.619123824764953,PASSED,-0.2771679707627189,0.00311707876159778,-0.13825972057821384,2.7163693385416656,-0.016539804684776265,0.7337017617907264
0.620124024804961,PASSED,-0.27716492291083644,0.002978674416555708,-0.1385007613513107,2.716353166099023,-0.01580534094219418,0.7349717297763203
0.621124224844969,PASSED,-0.2771620135741222,0.002840043486320502,-0.13871770949113568,2.7163377287038135,-0.015069683694774244,0.7361142591823518
0.622124424884977,PASSED,-0.2771592429672022,0.002701209933513343,-0.13891078168450804,2.716323027486305,-0.014332959661770409,0.7371305488848225
0.623124624924985,PASSED,-0.27715661128084873,0.0025621975032558138,-0.13908019597287635,2.716309063450584,-0.013595294454622642,0.7380216459897289
0.624124824964993,PASSED,-0.277154118682199,0.0024230297212957945,-0.13922617261811454,2.716295837475724,-0.012856812527827364,0.7387887806656467
0.625125025005001,PASSED,-0.27715176531497626,0.002283729890664144,-0.13934893597400824,2.716283350316962,-0.012117637100839514,0.7394331912026523
0.626125225045009,PASSED,-0.27714955129971314,0.0021443210895765665,-0.13944871116329016,2.716271602606891,-0.011377890218254296,0.7399560101735927
0.627125425085017,PASSED,-0.2771474767339781,0.0020048261687649277,-0.13952572724387158,2.716260594856653,-0.010637692754610292,0.7403584326242764
0.628125625125025,PASSED,-0.2771455416926042,0.0018652677490219548,-0.1395802147423739,2.71625032745717,-0.009897164302481424,0.740641798465261
0.629125825165033,PASSED,-0.27714374622791943,0.0017256682196246098,-0.13961240583399248,2.716240800680356,-0.009156423241198247,0.7408072364951194
0.630126025205041,PASSED,-0.2771420903699806,0.001586049735051002,-0.13962253706668468,2.7162320146803713,-0.008415586729663022,0.7408560282286294
0.631126225245049,PASSED,-0.277140574126808,0.00144643421325812,-0.13961084494368006,2.716223969494859,-0.007674770647383557,0.7407894516466881
0.632126425285057,PASSED,-0.2771391974846233,0.001306843334390599,-0.13957756815008177,2.716216665046217,-0.0069340895990191494,0.7406087795095547
0.633126625325065,PASSED,-0.2771379604080892,0.0011672985371122008,-0.13952295003060913,2.7162101011428628,-0.006193656935973879,0.7403152520690799
0.634126825365073,PASSED,-0.27713686284055034,0.0010278210182471923,-0.13944723142127485,2.7162042774805166,-0.005453584719009825,0.7399101935607042
0.635127025405081,PASSED,-0.2771359047042772,0.0008884317306068651,-0.139350658453029,2.716199193643499,-0.004713983687227995,0.7393949239292481
0.636127225445089,PASSED,-0.2771350859007109,0.0007491513800180564,-0.1392334786793285,2.7161948491060213,-0.003974963300911436,0.738770694574766
0.637127425485097,PASSED,-0.27713440631071035,0.0006100004253663401,-0.1390959386333081,2.7161912432335065,-0.003236631703915385,0.7380388652769083
0.638127625525105,PASSED,-0.2771338657948007,0.00047099907594856986,-0.138938289940745,2.7161883752838967,-0.002499095703079101,0.7372007578758678
0.639127825565113,PASSED,-0.2771334641934235,0.0003321672896996382,-0.13876078378772275,2.716186244408988,-0.0017624607851765325,0.7362576912537018
0.640128025605121,PASSED,-0.2771332013271885,0.0001935247725866324,-0.1385636726631945,2.716184849655764,-0.001026831095199884,0.7352110224586129
0.6411282256451291,PASSED,-0.2771330769971266,5.509097663793218e-05,-0.13834721147237072,2.716184189967729,-0.0002923094411543542,0.7340620751034744
0.6421284256851371,PASSED,-0.27713309098494454,-8.31149014146322e-05,-0.1381116557726935,2.716184264186267,0.00044100273346039107,0.7328122409555926
0.6431286257251451,PASSED,-0.27713324305328085,-0.00022107392163393263,-0.13785726318370503,2.7161850710519904,0.0011730053392635278,0.7314628490348326
0.6441288257651531,PASSED,-0.2771335329459626,-0.00035876740138484313,-0.13758429079571421,2.7161866092061118,0.0019035996531518121,0.7300152904572521
0.6451290258051611,PASSED,-0.2771339603882638,-0.0004961769161953414,-0.1372929974870208,2.7161888771917955,0.0026326883132818325,0.7284709065785325
0.6461292258451691,PASSED,-0.2771345250871649,-0.0006332843028925701,-0.1369836461707008,2.716191873455541,0.003360175337615343,0.7268311028368298
0.6471294258851771,PASSED,-0.27713522673161295,-0.0007700716589797538,-0.13665649603150584,2.71619559634856,0.004085966136749157,0.7250972633318045
0.6481296259251851,PASSED,-0.27713606499278304,-0.0009065213422418641,-0.13631180808251311,2.7162000441281626,0.004809967500878772,0.7232707646614884
0.6491298259651931,PASSED,-0.2771370395243407,-0.0010426159748280076,-0.135949848921897,2.716205214959139,0.005532087596749294,0.7213529833432113
0.6501300260052011,PASSED,-0.2771381499627047,-0.0011783384418216892,-0.13557087904153786,2.7162111069151593,0.006252236006693888,0.7193453610121829
0.6511302260452091,PASSED,-0.277139395927311,-0.0013136718922699287,-0.13517516471937416,2.7162177179801588,0.006970323696409084,0.7172492421838705
0.6521304260852171,PASSED,-0.27714077702087775,-0.0014485997408941744,-0.13476297122749334,2.716225046049748,0.00768626303293047,0.7150660660797297
0.6531306261252251,PASSED,-0.2771422928296695,-0.001583105666603621,-0.1343345620307489,2.7162330889326114,0.008399967803485354,0.7127972402049877
0.6541308261652331,PASSED,-0.27714394292376415,-0.0017171736154674027,-0.13389020675246993,2.716241844351907,0.009111353175868893,0.7104441271692399
0.655131026205241,PASSED,-0.2771457268573181,-0.0018507878000152713,-0.1334301697448009,2.716251309946687,0.009820335749339291,0.7080082043378345
0.656131226245249,PASSED,-0.27714764416883403,-0.0019839326993297585,-0.13295471902761138,2.7162614832732968,0.010526833531104576,0.7054908333835833
0.657131426285257,PASSED,-0.2771496943814271,-0.002116593059431264,-0.13246412081743525,2.71627236180679,0.011230765923502589,0.7028934317409647
0.658131626325265,PASSED,-0.27715187700309285,-0.0022487538946364353,-0.13195864479699485,2.7162839429423498,0.01193205377054439,0.7002174572423565
0.659131826365273,PASSED,-0.2771541915269749,-0.002380400487251504,-0.13143855782711822,2.716296223996683,0.012630619303433925,0.6974642499876518
0.660132026405281,PASSED,-0.2771566374316325,-0.0025115183862694413,-0.1309041264784835,2.716309202209462,0.013326386188215685,0.694635307977831
0.661132226445289,PASSED,-0.2771592141813091,-0.0026420934103784837,-0.1303556225294147,2.716322874744722,0.01401927950993247,0.6917319975427532
0.662132426485297,PASSED,-0.2771619212261999,-0.0027721116453481224,-0.12979330992978816,2.7163372386922884,0.014709225756010857,0.6887557451021411
0.663132626525305,PASSED,-0.27716475800272045,-0.002901559445058839,-0.12921745956466865,2.716352291069186,0.01539615283402449,0.6857079666212932
0.664132826565313,PASSED,-0.27716772393377415,-0.003030423432082314,-0.12862833866267906,2.7163680288210608,0.016079990078725386,0.6825900967539674
0.665133026605321,PASSED,-0.27717081842902086,-0.0031586904966860595,-0.12802621523112293,2.716384448823582,0.016760668216534814,0.6794034985130631
0.666133226645329,PASSED,-0.2771740408851445,-0.0032863477966644833,-0.1274113564766246,2.7164015478838834,0.017438119420571576,0.6761496743858918
0.667133426685337,PASSED,-0.2771773906861207,-0.0034133827574997287,-0.12678403040765915,2.716419322741949,0.018112277255610022,0.6728299421401508
0.668133626725345,PASSED,-0.27718086720348406,-0.003539783072062748,-0.12614450399992622,2.71643777007204,0.01878307668470731,0.6694457537353845
0.669133826765353,PASSED,-0.2771844697965952,-0.0036655366997641417,-0.1254930435023718,2.716456886484103,0.01945045411719844,0.6659985516616271
0.670134026805361,PASSED,-0.27718819781290804,-0.003790631866974836,-0.12482991634957583,2.7164766685251744,0.020114347344653057,0.6624896779832805
0.671134226845369,PASSED,-0.277192050588235,-0.0039150570654932736,-0.12415538663101168,2.716497112680788,0.020774695552252604,0.6589205606770531
0.6721344268853771,PASSED,-0.2771960274470137,-0.00403880105327123,-0.12346972187592037,2.7165182153763814,0.021431439358798297,0.6552926371247837
0.6731346269253851,PASSED,-0.27720012770257196,-0.004161852853272521,-0.12277318541820552,2.716539972978686,0.022084520757345745,0.6516072394958897
0.6741348269653931,PASSED,-0.2772043506573922,-0.004284201751848835,-0.12206604068172013,2.7165623817971394,0.022733883141311896,0.6478658136129909
0.6751350270054011,PASSED,-0.27720869560337574,-0.004405837300218645,-0.1213485534952036,2.716585438085266,0.023379471307327253,0.6440697342836039
0.6761352270454091,PASSED,-0.2772131618221063,-0.004526749312523759,-0.12062098484505267,2.7166091380420734,0.024021231426307733,0.6402203754450648
0.6771354270854171,PASSED,-0.2772177485851123,-0.0046469278641000904,-0.11988359606385142,2.7166334778134322,0.0246591110488535,0.6363191206129044
0.6781356271254251,PASSED,-0.2772224551541288,-0.0047663632927942914,-0.11913665044776744,2.7166584534934692,0.025293059130180255,0.6323673884693212
0.6791358271654331,PASSED,-0.2772272807813588,-0.004885046197134017,-0.1183804069343642,2.7166840611259344,0.025923025983126954,0.6283664959316184
0.6801360272054411,PASSED,-0.2772322247097331,-0.00500296743448169,-0.11761512428987954,2.7167102967055747,0.026548963275365385,0.6243178231096398
0.6811362272454491,PASSED,-0.2772372861731695,-0.005120118121192521,-0.11684106165813261,2.716737156179512,0.0271708240809701,0.6202227939347661
0.6821364272854571,PASSED,-0.2772424643968314,-0.005236489632384071,-0.11605847754716189,2.7167646354485924,0.0277885628041356,0.6160826759859981
0.6831366273254651,PASSED,-0.2772477585973847,-0.005352073598791203,-0.11526762564711182,2.7167927303687467,0.02840213518743974,0.6118988548495694
0.6841368273654731,PASSED,-0.2772531679832541,-0.0054668619068799496,-0.11446876304983596,2.71682143675235,0.029011498374264075,0.60767274147418
0.6851370274054811,PASSED,-0.27725869175487833,-0.005580846698407454,-0.11366214384594966,2.716850750369565,0.029616610822641595,0.603405586313085
0.6861372274454891,PASSED,-0.2772643291049639,-0.005694020368028445,-0.1128480201376843,2.7168806669496677,0.030217432290518993,0.5990987222536065
0.6871374274854971,PASSED,-0.2772700792187381,-0.005806375562395106,-0.11202664385264732,2.716911182182405,0.03081392393531529,0.5947535931580858
0.6881376275255051,PASSED,-0.2772759412742003,-0.005917905179437444,-0.11119826583546531,2.7169422917193025,0.0314060482102268,0.5903713960804553
0.6891378275655131,PASSED,-0.2772819144423723,-0.006028602366410412,-0.11036313439796751,2.7169739911749877,0.0319937688398935,0.5859534520575324
0.6901380276055211,PASSED,-0.27728799788754743,-0.006138460519191848,-0.10952149837041533,2.717006276128517,0.0325770509327053,0.5815011866479793
0.6911382276455291,PASSED,-0.277294190767538,-0.006247473280477077,-0.10867360322843975,2.717039142124664,0.03315586087067373,0.5770157721820639
0.6921384276855371,PASSED,-0.27730049223392156,-0.006355634538055324,-0.10781969381145175,2.7170725846752295,0.0337301662959796,0.5724985273884143
0.6931386277255451,PASSED,-0.27730690143228587,-0.006462938424741363,-0.10696001526909818,2.717106599260328,0.0342999361845486,0.5679507960227237
0.6941388277655531,PASSED,-0.277313417502472,-0.006569379315141855,-0.10609480715475232,2.7171411813296746,0.034865140790879275,0.5633738132026367
0.6951390278055611,PASSED,-0.2773200395788164,-0.006674951825213565,-0.10522431201634981,2.717176326303863,0.03542575160909732,0.5587688215616442
0.6961392278455691,PASSED,-0.27732676679039103,-0.006779650810635832,-0.10434876769287792,2.7172120295756206,0.03598174140623343,0.5541371141857554
0.6971394278855771,PASSED,-0.2773335982612422,-0.006883471364749232,-0.10346841172708161,2.7172482865110834,0.03653308423363239,0.5494799695410935
0.6981396279255851,PASSED,-0.2773405331106279,-0.006986408817606408,-0.10258348027723918,2.717285092451042,0.037079755368140226,0.5447985778189883
0.6991398279655932,PASSED,-0.2773475704532528,-0.007088458733440438,-0.10169420620522301,2.7173224427121814,0.03762173131119207,0.5400941865404185
0.7001400280056012,PASSED,-0.27735470939950274,-0.007189616909914613,-0.10080082332014115,2.717360332588312,0.03815898981044557,0.5353680410622138
0.7011402280456092,PASSED,-0.2773619490556764,-0.007289879376091286,-0.09990356141436083,2.7173987573516034,0.0386915098416563,0.530621357976417
0.7021404280856172,PASSED,-0.2773692885242159,-0.007389242389963099,-0.09900264884344888,2.7174377122537945,0.039219271577276366,0.5258553207158354
0.7031406281256252,PASSED,-0.27737672690393533,-0.00748770243763754,-0.09809831356176905,2.7174771925273964,0.0397422563847541,0.5210711319856717
0.7041408281656332,PASSED,-0.2773842632902477,-0.0075852562313848,-0.09719078053758756,2.717517193386897,0.04026044684573967,0.5162700136521665
0.7051410282056412,PASSED,-0.27739189677539,-0.007681900707235887,-0.09628027272675478,2.7175577100299386,0.04077382670697177,0.5114530929520595
0.7061412282456492,PASSED,-0.2773996264486463,-0.007777633023768064,-0.09536701240245771,2.71759873763851,0.0412823808952861,0.5066215852225013
0.7071414282856572,PASSED,-0.277407451396569,-0.007872450559551238,-0.09445121803698472,2.7176402713800973,0.04178609549815053,0.5017766146257028
0.7081416283256652,PASSED,-0.27741537070319844,-0.007966350911794888,-0.09353310838142906,2.7176823064088502,0.042284957748102155,0.4969193401689001
0.7091418283656732,PASSED,-0.2774233834502801,-0.008059331894543852,-0.09261289899398614,2.717724837866736,0.04277895604568948,0.4920509358662778
0.7101420284056812,PASSED,-0.2774314887174802,-0.008151391535445182,-0.09169080217289224,2.717767860884659,0.0432680798897957,0.4871724495995177
0.7111422284456892,PASSED,-0.2774396855825992,-0.008242528075479448,-0.09076703194184634,2.717811370583602,0.04375231990991172,0.4822850671270121
0.7121424284856971,PASSED,-0.2774479731217835,-0.008332739966298464,-0.08984179673712768,2.717855362075745,0.04423166788365455,0.47738991148671195
0.7131426285257051,PASSED,-0.2774563504097344,-0.008422025866757164,-0.08891530293974989,2.717899830465555,0.044706116633747406,0.47248797583029783
0.7141428285657131,PASSED,-0.2774648165199163,-0.008510384643512213,-0.0879877592985828,2.7179447708508895,0.04517566008223646,0.46758043026154805
0.7151430286057211,PASSED,-0.27747337052476134,-0.008597815367086772,-0.08705936642521214,2.717990178324091,0.04564029328845588,0.46266839019134054
0.7161432286457291,PASSED,-0.27748201149587287,-0.008684317309210786,-0.08613032592321189,2.7180360479730328,0.046100012300490024,0.4577527599293485
0.7171434286857371,PASSED,-0.2774907385042269,-0.008769889943461416,-0.08520083980224252,2.7180823748822136,0.046554814253409314,0.45283474824591824
0.7181436287257451,PASSED,-0.27749955062037046,-0.008854532940092648,-0.08427110118389151,2.71812915413378,0.04700469735755974,0.44791534142009104
0.7191438287657531,PASSED,-0.277508446914619,-0.008938246164777086,-0.08334130701813697,2.718176380808587,0.04744966081603038,0.44299553650435036
0.7201440288057611,PASSED,-0.2775174264572508,-0.009021029678229887,-0.08241165107590964,2.718224049987202,0.04788970484590549,0.4380763587889457
0.7211442288457691,PASSED,-0.2775264883186992,-0.009102883731255325,-0.08148232099178974,2.71827215675095,0.04832483072853789,0.4331588985280406
0.7221444288857771,PASSED,-0.27753563156974337,-0.009183808763956356,-0.08055350717386014,2.7183206961828934,0.04875504070619167,0.42824403040426123
0.7231446289257851,PASSED,-0.2775448552816958,-0.009263805403897275,-0.07962539511895937,2.7183696633688363,0.04918033798668403,0.42333278055109985
0.7241448289657931,PASSED,-0.2775541585265883,-0.009342874462743452,-0.07869816799765518,2.718419053398304,0.04960072680334511,0.41842617406772936
0.7251450290058011,PASSED,-0.2775635403773556,-0.009421016934603333,-0.07777200776802991,2.718468861365513,0.05001621233504241,0.41352510345033544
0.7261452290458091,PASSED,-0.2775729999080162,-0.009498233993928002,-0.07684709369576373,2.718519082370322,0.050426800676173576,0.4086304995850536
0.7271454290858171,PASSED,-0.2775825361938516,-0.009574526992563243,-0.07592360192822473,2.7185697115191862,0.050832498910110206,0.4037433901710138
0.7281456291258251,PASSED,-0.27759214831158296,-0.00964989745836063,-0.07500170837682765,2.718620743926085,0.05123331503651393,0.3988646172255384
0.7291458291658331,PASSED,-0.27760183533954513,-0.009724347091639855,-0.07408158321415735,2.7186721747134452,0.05162925793635668,0.3939950882542085
0.7301460292058412,PASSED,-0.2776115963578588,-0.009797877763732319,-0.07316339801133313,2.7187239990130454,0.05202033742664781,0.3891357583157463
0.7311462292458492,PASSED,-0.2776214304486002,-0.009870491515102943,-0.0722473202768201,2.718776211966911,0.05240656420663798,0.3842874611064589
0.7321464292858572,PASSED,-0.27763133669596823,-0.009942190551259797,-0.07133351341020866,2.718828808728215,0.05278794985410865,0.37945110504681334
0.7331466293258652,PASSED,-0.2776413141864492,-0.010012977241832598,-0.07042214201452958,2.718881784462125,0.05316450680335144,0.3746275120401068
0.7341468293658732,PASSED,-0.2776513620089799,-0.010082854118488797,-0.06951336641730989,2.7189351343466797,0.05353624834569755,0.3698175625501048
0.7351470294058812,PASSED,-0.27766147925510726,-0.010151823871051823,-0.068607343326838,2.7189888535736286,0.053903188624449774,0.3650220895536417
0.7361472294458892,PASSED,-0.27767166501914636,-0.010219889345675465,-0.06770422882151242,2.7190429373492666,0.054265342592355534,0.3602418868071668
0.7371474294858972,PASSED,-0.2776819183983356,-0.010287053543428385,-0.06680417704052419,2.719097380895257,0.05462272602682921,0.35547779958468445
0.7381476295259052,PASSED,-0.2776922384929899,-0.010353319617135015,-0.06590733815069974,2.7191521794494435,0.05497535551828732,0.3507306193737315
0.7391478295659132,PASSED,-0.27770262440665106,-0.010418690868191539,-0.06501385966041075,2.719207328266636,0.05532324842053483,0.3460010908300227
0.7401480296059212,PASSED,-0.2777130752462359,-0.01048317074534771,-0.06412388882001151,2.7192628226194038,0.055666422880165725,0.3412900388314801
0.7411482296459292,PASSED,-0.27772359012218206,-0.01054676284240582,-0.06323756921684105,2.7193186577988393,0.056004897817566984,0.3365982031144502
0.7421484296859372,PASSED,-0.2777341681485912,-0.010609470894377948,-0.062355040475651234,2.7193748291153272,0.056338692893433774,0.33192632436835284
0.7431486297259452,PASSED,-0.27774480844336985,-0.010671298775719778,-0.06147644191928008,2.719431331899277,0.05666782850158631,0.3272751306753219
0.7441488297659532,PASSED,-0.2777555101283678,-0.010732250498980656,-0.060601910821945625,2.7194881615018565,0.05699232576214402,0.32264534714596693
0.7451490298059612,PASSED,-0.277766272329514,-0.010792330211286857,-0.05973157996237162,2.719545313295727,0.0573122065397929,0.3180377313174987
0.7461492298459692,PASSED,-0.2777770941769502,-0.010851542191128476,-0.058865579761118336,2.719602782675726,0.057627493355765835,0.31345287240988134
0.7471494298859772,PASSED,-0.27778797480516176,-0.010909890847583793,-0.05800404091811643,2.7196605650595824,0.057938209428955736,0.3088915403765827
0.7481496299259852,PASSED,-0.2777989133531067,-0.010967380717435084,-0.0571470891400771,2.719718655888577,0.05824437867649725,0.30435438565146916
0.7491498299659932,PASSED,-0.27780990896434143,-0.011024016461552419,-0.05629484743550582,2.7197770506282324,0.058546025662069914,0.29984205218679855
0.7501500300060012,PASSED,-0.2778209607871447,-0.011079802863787978,-0.05544743876893055,2.7198357447689556,0.05884317559288287,0.2953551832304013
0.7511502300460092,PASSED,-0.2778320679746388,-0.01113474482810345,-0.05460498134650327,2.719894733826682,0.05913585431640557,0.29089441705089675
0.7521504300860172,PASSED,-0.2778432296849084,-0.011188847375792033,-0.05376759191663574,2.7199540133435023,0.059424088304501056,0.2864603687918767
0.7531506301260252,PASSED,-0.27785444508111684,-0.011242115643608308,-0.05293538508269977,2.720013578888287,0.05970790464248373,0.2820536507765544
0.7541508301660332,PASSED,-0.2778657133316203,-0.011294554880644144,-0.05210847167125952,2.720073426057279,0.0599873310009994,0.27767483034175117
0.7551510302060412,PASSED,-0.27787703361007904,-0.011346170446323522,-0.05128696168479074,2.7201335504746975,0.06026239564809854,0.2733245249374034
0.7561512302460492,PASSED,-0.2778884050955664,-0.01139696780829666,-0.050470962165367214,2.7201939477933066,0.060533127425747395,0.2690032794564852
0.7571514302860572,PASSED,-0.2778998269726757,-0.01144695253932758,-0.04966057694129127,2.7202546136949852,0.06079955571866304,0.26471163522174285
0.7581516303260653,PASSED,-0.27791129843162415,-0.011496130314733986,-0.0488559077164769,2.7203155438912745,0.061061710464246355,0.2604501524910311
0.7591518303660733,PASSED,-0.2779228186683546,-0.01154450691095292,-0.048057055220572395,2.7203767341239247,0.06131962214668331,0.2562193690675629
0.7601520304060813,PASSED,-0.27793438688463507,-0.011592088202514202,-0.0472641157884209,2.720438180165413,0.06157332174932369,0.25201975835558493
0.7611522304460893,PASSED,-0.27794600228815536,-0.011638880159169905,-0.046477183900555864,2.7204998778194693,0.061822840779331735,0.24785187777635556
0.7621524304860973,PASSED,-0.2779576640926217,-0.011684888844023045,-0.04569635215486151,2.7205618229215665,0.062068211234381304,0.2437161732317144
0.7631526305261053,PASSED,-0.27796937151784884,-0.01173012041172625,-0.04492171140210459,2.720624011339417,0.06230946558839879,0.23961314120799748
0.7641528305661133,PASSED,-0.2779811237898496,-0.011774581104573236,-0.04415334714357203,2.720686438973442,0.06254663679096166,0.23554324346611033
0.7651530306061213,PASSED,-0.2779929201409223,-0.011818277251093382,-0.043391346104531346,2.7207491017572494,0.06277975826159768,0.23150695541597302
0.7661532306461293,PASSED,-0.2780047598097354,-0.011861215263869209,-0.04263579055668748,2.7208119956580608,0.06300886383310324,0.22750464889861416
0.7671534306861373,PASSED,-0.2780166420414102,-0.011903401636749755,-0.04188676109645204,2.720875116677167,0.06323398778451549,0.22353681975466544
0.7681536307261452,PASSED,-0.278028566087601,-0.01194484294217331,-0.04114433497495954,2.7209384608503653,0.06345516485856677,0.2196039102490426
0.7691538307661532,PASSED,-0.2780405312065727,-0.011985545829146132,-0.04040858830472848,2.7210020242483357,0.063672430120777,0.21570616351767766
0.7701540308061612,PASSED,-0.27805253666327634,-0.012025517021708882,-0.039679595401430984,2.7210658029770816,0.06388581908142014,0.21184415872678852
0.7711542308461692,PASSED,-0.2780645817294221,-0.012064763314821321,-0.038957424919774275,2.721129793178296,0.06409536766755508,0.20801820440701835
0.7721544308861772,PASSED,-0.2780766656835502,-0.012103291573249495,-0.03824214743377464,2.721193991029741,0.06430111209641527,0.20422857849563994
0.7731546309261852,PASSED,-0.27808878781109897,-0.012141108729579455,-0.03753382892741634,2.7212583927456175,0.06450308898398546,0.20047576028654926
0.7741548309661932,PASSED,-0.2781009474044714,-0.012178221780869736,-0.03683253286552297,2.7213229945769193,0.06470133533476731,0.19676007777873133
0.7751550310062012,PASSED,-0.2781131437630985,-0.012214637786771603,-0.03613832125942764,2.7213877928117607,0.06489588840762837,0.19308173624928937
0.7761552310462092,PASSED,-0.2781253761935011,-0.012250363867282673,-0.03545125334549729,2.7214527837757134,0.06508678581202003,0.18944118315321795
0.7771554310862172,PASSED,-0.2781376440093489,-0.012285407200976487,-0.03477138725935619,2.7215179638321243,0.06527406551570966,0.18583871738056804
0.7781556311262252,PASSED,-0.27814994653151764,-0.012319775021664106,-0.03409877630646155,2.721583329382412,0.06545776571819666,0.1822745258912895
0.7791558311662332,PASSED,-0.2781622830881436,-0.012353474617107533,-0.033433474868067733,2.721648876866371,0.06563792493242573,0.17874900645426398
0.7801560312062412,PASSED,-0.2781746530146761,-0.012386513326152291,-0.03277553182921592,2.72171460276243,0.06581458194883533,0.17526235637980883
0.7811562312462492,PASSED,-0.2781870556539277,-0.012418898536876848,-0.0321249966547826,2.7217805035879428,0.06598777581137488,0.17181486664604198
0.7821564312862572,PASSED,-0.27819949035612246,-0.012450637684439549,-0.03148191483464837,2.721846575899437,0.06615754583223703,0.1684067903395566
0.7831566313262652,PASSED,-0.27821195647894154,-0.012481738248452058,-0.030846330131085075,2.721912816292858,0.0663239315444359,0.16503832677176777
0.7841568313662732,PASSED,-0.27822445338756685,-0.012512207751444165,-0.03021828489945443,2.7219792214037963,0.06648697269937276,0.1617097070469166
0.7851570314062812,PASSED,-0.27823698045472245,-0.012542053755618824,-0.029597817024796406,2.722045787907726,0.0666467093037623,0.15842120261795847
0.7861572314462892,PASSED,-0.27824953706071415,-0.012571283862174303,-0.028984966242602907,2.722112512520199,0.06680318153890465,0.15517292349193187
0.7871574314862972,PASSED,-0.2782621225934665,-0.012599905708468369,-0.028379766328373718,2.722179391997052,0.06695642977084146,0.1519651042333897
0.7881576315263052,PASSED,-0.2782747364485575,-0.012627926964550507,-0.02778224925131265,2.7222464231346,0.06710649458955355,0.1487979616979063
0.7891578315663133,PASSED,-0.2782873780292522,-0.012655355333828833,-0.02719244929633537,2.7223136027698027,0.067253416723465,0.1456715820538155
0.7901580316063213,PASSED,-0.278300046746533,-0.012682198549317797,-0.026610392950715583,2.722380927780435,0.0673972370524693,0.14258616030461121
0.7911582316463293,PASSED,-0.27831274201912864,-0.012708464370587716,-0.026036106816056115,2.7224483950852423,0.06753799664108516,0.13954187415666988
0.7921584316863373,PASSED,-0.2783254632735408,-0.012734160584054183,-0.025469617900077436,2.7225160016440895,0.06767573668000593,0.13653881543016083
0.7931586317263453,PASSED,-0.278338209944069,-0.012759294999754374,-0.024910947566931324,2.7225837444580847,0.0678104984630527,0.13357709479120095
0.7941588317663533,PASSED,-0.2783509814728327,-0.012783875448171323,-0.024360115650292426,2.7226516205697107,0.06794232343107642,0.1306568835120528
0.7951590318063613,PASSED,-0.2783637773097926,-0.012807909780801055,-0.02381714394935813,2.7227196270629306,0.06807125313016107,0.1277782427997134
0.7961592318463693,PASSED,-0.2783765969127687,-0.01283140586637083,-0.023282046650053848,2.7227877610632922,0.0681973291765516,0.12494124878435905
0.7971594318863773,PASSED,-0.2783894397474574,-0.012854371588468914,-0.02275483906344123,2.7228560197380194,0.06832059329648751,0.12214603403695473
0.7981596319263853,PASSED,-0.27840230528744575,-0.012876814845492161,-0.022235535663116982,2.7229244002960966,0.06844108730115968,0.11939265176232004
0.7991598319663933,PASSED,-0.27841519301422457,-0.012898743547085291,-0.021724145546470137,2.7229928999883293,0.06855885302984906,0.1166811133074208
0.8001600320064013,PASSED,-0.2784281024171993,-0.012920165612877501,-0.02122067928936999,2.7230615161074145,0.06867393240178275,0.11401154435119938
0.8011602320464093,PASSED,-0.27844103299369877,-0.012941088970860264,-0.02072514377835546,2.723130245987986,0.06878636739658092,0.11138396176283534
0.8021604320864173,PASSED,-0.2784539842489822,-0.012961521554159881,-0.02023754298045879,2.723199087006652,0.0688961999870626,0.10879834296091824
0.8031606321264253,PASSED,-0.27846695569624474,-0.012981471301132454,-0.019757882967315326,2.7232680365820343,0.0690034722044338,0.10625480031137563
0.8041608321664333,PASSED,-0.2784799468566205,-0.013000946152660273,-0.019286163901487373,2.7233370921747855,0.06910822610483768,0.10375330046554691
0.8051610322064413,PASSED,-0.2784929572591843,-0.013019954049551329,-0.01882238555077097,2.7234062512875936,0.0692105037080623,0.10129380506397974
0.8061612322464493,PASSED,-0.2785059864409515,-0.013038502931722347,-0.018366546584515565,2.7234755114651903,0.06931034705704789,0.09887637826668164
0.8071614322864573,PASSED,-0.2785190339468756,-0.01305660073667811,-0.017918643869929064,2.723544870294348,0.06940779821047145,0.09650100352815663
0.8081616323264653,PASSED,-0.27853209932984485,-0.013074255396389243,-0.017478670271931625,2.7236143254038465,0.06950289914328961,0.09416755234480408
0.8091618323664733,PASSED,-0.2785451821506765,-0.013091474837010609,-0.017046620854324727,2.7236838744644607,0.06959569183161757,0.09187611231674081
0.8101620324064813,PASSED,-0.27855828197810945,-0.013108266976612238,-0.01662248543316453,2.72375351518893,0.06968621825118819,0.08962662440654158
0.8111622324464893,PASSED,-0.27857139838879563,-0.01312463972332428,-0.016206254231294154,2.7238232453318894,0.06977452024838567,0.0874189123914199
0.8121624324864973,PASSED,-0.2785845309672891,-0.013140600973396812,-0.0157979139666899,2.7238930626898434,0.06986063965734374,0.08525307333583715
0.8131626325265053,PASSED,-0.27859767930603374,-0.013156158610457467,-0.015397452456632772,2.723962965101087,0.06994461827030758,0.08312897271586338
0.8141628325665133,PASSED,-0.27861084300534944,-0.013171320503685394,-0.015004853742123085,2.724032950445639,0.07002649774555325,0.08104647693218688
0.8151630326065213,PASSED,-0.2786240216734167,-0.013186094505320274,-0.014620100230052686,2.72410301664517,0.07010631969670333,0.07900560062866835
0.8161632326465293,PASSED,-0.27863721492625904,-0.01320048844932921,-0.014243173194859784,2.7241731616628995,0.07018412564364158,0.07700617781131563
0.8171634326865373,PASSED,-0.2786504223877247,-0.013214510151326046,-0.01387405453148576,2.7242433835035156,0.07025995699038924,0.07504812603857275
0.8181636327265454,PASSED,-0.27866364368946633,-0.013228167405382591,-0.013512720406584458,2.7243136802130588,0.07033385504011257,0.07313133217982008
0.8191638327665534,PASSED,-0.27867687847091893,-0.013241467982230592,-0.013159147808946163,2.724384049878817,0.07040586098488788,0.07125568650562239
0.8201640328065614,PASSED,-0.278690126379277,-0.013254419629814603,-0.012813314100722516,2.724454490629196,0.07047601587781785,0.0694210305462167
0.8211642328465694,PASSED,-0.27870338706946923,-0.013267030070058375,-0.012475191005803788,2.724525000633604,0.070544360656987,0.06762727825111928
0.8221644328865774,PASSED,-0.2787166602041328,-0.013279306997278039,-0.01214475136223736,2.7245955781023063,0.07061093611823782,0.06587424991725774
0.8231646329265854,PASSED,-0.27872994545358537,-0.013291258078442754,-0.011821967699701447,2.724666221286281,0.07067578288754375,0.06416178223171658
0.8241648329665934,PASSED,-0.2787432424957958,-0.013302890950178229,-0.011506807759321063,2.724736928477066,0.07073894144934524,0.06248974818132673
0.8251650330066013,PASSED,-0.2787565510163541,-0.013314213217591622,-0.011199240516107739,2.724807698006621,0.07080045216429703,0.06085802613210267
0.8261652330466093,PASSED,-0.27876987070843934,-0.013325232454212514,-0.010899234024083895,2.724878528247124,0.07086035514857637,0.059266289710829416
0.8271654330866173,PASSED,-0.27878320127278644,-0.01333595619884473,-0.01060675170430223,2.7249494176108335,0.07091869038153581,0.05771452845849559
0.8281656331266253,PASSED,-0.27879654241765156,-0.013346391954832216,-0.010321758842941961,2.7250203645498847,0.07097549768814036,0.05620249203527095
0.8291658331666333,PASSED,-0.2788098938587762,-0.013356547190030502,-0.010044219435181061,2.725091367556114,0.07103081664573167,0.05472993462867704
0.8301660332066413,PASSED,-0.27882325531935015,-0.013366429333737037,-0.009774093220771133,2.725162425160859,0.07108468665222539,0.05329672107041597
0.8311662332466493,PASSED,-0.27883662652997326,-0.013376045776396893,-0.009511342285910033,2.7252335359347644,0.07113714693970263,0.05190266508179665
0.8321664332866573,PASSED,-0.2788500072286153,-0.013385403868336311,-0.00925592504175916,2.7253046984875664,0.07118823648203855,0.05054746050533842
0.8331666333266653,PASSED,-0.2788633971605756,-0.013394510918013743,-0.009007799434547012,2.725375911467885,0.07123799403919072,0.049230954916713476
0.8341668333666733,PASSED,-0.2788767960784407,-0.01340337419164494,-0.008766923095629708,2.7254471735629977,0.07128645818067007,0.04795293252110121
0.8351670334066813,PASSED,-0.2788902037420411,-0.01341200091182244,-0.00853325156541519,2.725518483498617,0.07133366722025654,0.0467131109633761
0.8361672334466893,PASSED,-0.27890361991840706,-0.013420398255322577,-0.00830673812328518,2.725589840038663,0.07137965924331047,0.04551129778094276
0.8371674334866973,PASSED,-0.27891704438172304,-0.013428573353548126,-0.008087338293721574,2.725661241985012,0.07142447209168191,0.044347215431789606
0.8381676335267053,PASSED,-0.27893047691328077,-0.013436533290697798,-0.007875003053641763,2.725732688177257,0.07146814334961109,0.04322061959408722
0.8391678335667133,PASSED,-0.2789439173014323,-0.013444285102614917,-0.0076696844927693335,2.725804177492467,0.07151071038017703,0.04213130454719358
0.8401680336067213,PASSED,-0.27895736534154025,-0.013451835775528088,-0.0074713318601059625,2.725875708844914,0.071552210252909,0.041078918188491506
0.8411682336467293,PASSED,-0.2789708208359289,-0.013459192246012316,-0.00727989623364387,2.7259472811858294,0.07159267978503825,0.0400632747564195
0.8421684336867373,PASSED,-0.27898428359383287,-0.013466361399129545,-0.007095324372952031,2.726018893503121,0.07163215553584727,0.03908406817743432
0.8431686337267453,PASSED,-0.2789977534313455,-0.013473350067027724,-0.006917563581662675,2.7260905448211115,0.07167067377121998,0.03814101350288948
0.8441688337667533,PASSED,-0.27901123017136614,-0.013480165029631373,-0.006746561951639017,2.7261622342002525,0.07170827048072351,0.03723384017059722
0.8451690338067613,PASSED,-0.2790247136435463,-0.013486813012085402,-0.006582262788958307,2.726233960736854,0.07174498138998642,0.03636228865778975
0.8461692338467693,PASSED,-0.2790382036842351,-0.01349330068396319,-0.006424611270339297,2.726305723562782,0.0717808419051475,0.03552599949661153
0.8471694338867773,PASSED,-0.2790517001364237,-0.013499634660249293,-0.006273552963278042,2.726377521845183,0.07181588715360694,0.03472474776800548
0.8481696339267853,PASSED,-0.279065202849689,-0.013505821498007027,-0.006129027620705202,2.7264493547861712,0.07185015196749565,0.033958191302517746
0.8491698339667934,PASSED,-0.2790787116801362,-0.013511867696396172,-0.0059909789014368905,2.7265212216225376,0.07188367085930333,0.03322602547779616
0.8501700340068014,PASSED,-0.2790922264903408,-0.01351777969706353,-0.005859348511305839,2.7265931216254358,0.071916478041667,0.0325279536209241
0.8511702340468094,PASSED,-0.2791057471492897,-0.013523563881771035,-0.00573407550497115,2.726665054100086,0.07194860743346115,0.03186368390967008
0.8521704340868174,PASSED,-0.2791192735323215,-0.01352922657181193,-0.005615099731509355,2.7267370183854402,0.07198009260191669,0.03123282481946089
0.8531706341268254,PASSED,-0.27913280552106584,-0.013534774028269714,-0.005502360941966712,2.7268090138538796,0.07201096680558297,0.030635122897506452
0.8541708341668334,PASSED,-0.2791463430033824,-0.013540212450585074,-0.005395796564287929,2.726881039910889,0.07204126300982616,0.030070258473669734
0.8551710342068414,PASSED,-0.27915988587329904,-0.013545547975444059,-0.005295343722117498,2.726953095994721,0.07207101380452728,0.02953781885275047
0.8561712342468494,PASSED,-0.27917343403094885,-0.013550786676912294,-0.0052009399656455565,2.7270251815760775,0.07210025146323279,0.029037551940666987
0.8571714342868574,PASSED,-0.2791869873825069,-0.013555934565199563,-0.005112520501686202,2.7270972961577704,0.07212900795187278,0.028569113106221147
0.8581716343268654,PASSED,-0.2792005458401266,-0.01356099758637856,-0.005030021630537133,2.7271694392743817,0.07215731485788938,0.028132101290179547
0.8591718343668734,PASSED,-0.2792141093218746,-0.01356598162174774,-0.004953377861606174,2.727241610491932,0.07218520344400339,0.02772624266323082
0.8601720344068814,PASSED,-0.2792276777516659,-0.01357089248623559,-0.004882522238677463,2.72731380940752,0.07221270462762963,0.02735114426823808
0.8611722344468894,PASSED,-0.2792412510591978,-0.013575735929521276,-0.004817390650359247,2.7273860356489927,0.07223984897317756,0.027006479734417936
0.8621724344868974,PASSED,-0.2792548291798837,-0.013580517634765213,-0.004757914972989108,2.7274582888745855,0.07226666670225353,0.026691895303675082
0.8631726345269054,PASSED,-0.279268412054786,-0.013585243216831036,-0.0047040267943787885,2.7275305687725706,0.0722931876685856,0.026407013684339724
0.8641728345669134,PASSED,-0.2792819996305486,-0.013589918223628534,-0.0046556601329091835,2.7276028750608954,0.07231944136397071,0.026151483185628023
0.8651730346069214,PASSED,-0.2792955918593291,-0.013594548134879368,-0.004612745329451916,2.7276752074868362,0.07234545694918852,0.02592498657258333
0.8661732346469294,PASSED,-0.2793091886987301,-0.013599138361117511,-0.004575213510603151,2.727747565826626,0.07237126319899262,0.02572709195843721
0.8671734346869374,PASSED,-0.27932279011173033,-0.013603694243916383,-0.0045429956577197495,2.7278199498850886,0.07239688850429048,0.025557447524127083
0.8681736347269454,PASSED,-0.27933639606661514,-0.013608221055325675,-0.004516021910341088,2.7278923594952804,0.07242236092936556,0.02541574344236442
0.8691738347669534,PASSED,-0.2793500065369071,-0.013612723997564836,-0.004494222458374383,2.727964794518118,0.07244770815603534,0.02530154882137004
0.8701740348069614,PASSED,-0.2793636215012952,-0.013617208201485632,-0.004477524895745032,2.7280372548420098,0.0724729574730653,0.02521449583569326
0.8711742348469694,PASSED,-0.2793772409435645,-0.013621678728148436,-0.004465861174174334,2.7281097403824703,0.07249813580459857,0.025154221998329767
0.8721744348869774,PASSED,-0.27939086485252523,-0.013626140567488289,-0.004459158116970748,2.728182251081763,0.07252326971890119,0.02512037583882485
0.8731746349269854,PASSED,-0.2794044932219413,-0.013630598636607153,-0.004457343120125092,2.7282547869085096,0.0725483853839063,0.0251125244493062
0.8741748349669934,PASSED,-0.2794181260504588,-0.013635057782456933,-0.004460347669550132,2.72832734785732,0.07257350858761918,0.02513032322194593
0.8751750350070014,PASSED,-0.27943176334153386,-0.013639522779241737,-0.004468096194973113,2.728399933948398,0.0725986647426371,0.025173376215201184
0.8761752350470094,PASSED,-0.27944540510336036,-0.013643998327659454,-0.004480516566215198,2.7284725452271847,0.07262387889750715,0.02524134063996076
0.8771754350870175,PASSED,-0.2794590513487978,-0.013648489057594713,-0.004497538847955046,2.728545181763942,0.07264917567567783,0.02533373652448757
0.8781756351270255,PASSED,-0.279472702095298,-0.013652999525424247,-0.004519087150584259,2.7286178436533994,0.07267457934478809,0.025450290834111475
0.8791758351670335,PASSED,-0.2794863573648324,-0.013657534213151325,-0.004545088111407911,2.7286905310143426,0.07270011378848133,0.025590545599318282
0.8801760352070415,PASSED,-0.27950001718381895,-0.013662097531326578,-0.004575471551149607,2.7287632439892415,0.07272580247648067,0.025754116266006637
0.8811762352470495,PASSED,-0.27951368158304835,-0.01366669381621035,-0.004610160438852405,2.7288359827438535,0.07275166850854971,0.025940642604393185
0.8821764352870574,PASSED,-0.2795273505976108,-0.013671327329716383,-0.004649082217488257,2.7289087474668414,0.07277773460403415,0.02614973073782402
0.8831766353270654,PASSED,-0.27954102426682204,-0.013676002261009776,-0.004692164010664547,2.7289815383693776,0.0728040230677303,0.026380952335017624
0.8841768353670734,PASSED,-0.2795547026341496,-0.013680722725004394,-0.004739330650590172,2.729054355684754,0.07283055582027548,0.026633952685268383
0.8851770354070814,PASSED,-0.2795683857471389,-0.01368549276211608,-0.004790508085749508,2.729127199667988,0.07285735440004017,0.02690833115097344
0.8861772354470894,PASSED,-0.27958207365733884,-0.01369031633928752,-0.00484562322856445,2.7292000705954376,0.07288443994931167,0.027203694685179823
0.8871774354870974,PASSED,-0.27959576642022793,-0.013695197348612353,-0.00490460005568084,2.729272968764399,0.07291183320681875,0.027519632721686865
0.8881776355271054,PASSED,-0.2796094640951399,-0.01370013960833406,-0.004967366165723887,2.7293458944927242,0.07293955453236498,0.027855787429242693
0.8891778355671134,PASSED,-0.2796231667451895,-0.01370514686243258,-0.005033846053716003,2.729418848118415,0.07296762388204343,0.02821172451128932
0.8901780356071214,PASSED,-0.279636874437198,-0.013710222780054218,-0.005103965333587563,2.7294918299992412,0.0729960608215951,0.02858708291192922
0.8911782356471294,PASSED,-0.2796505872416189,-0.013715370956364154,-0.005177650294166891,2.7295648405123365,0.0730248845239604,0.028981448667540245
0.8921784356871374,PASSED,-0.279664305232464,-0.013720594912656483,-0.005254826957767867,2.729637880053812,0.07305411376489046,0.02939443577171807
0.8931786357271454,PASSED,-0.27967802848722834,-0.013725898094742603,-0.005335418838353403,2.7297109490383615,0.0730837669332614,0.029825656770407567
0.8941788357671534,PASSED,-0.27969175708681643,-0.013731283874774612,-0.00541935416111688,2.7297840478988635,0.07311386201694539,0.0302747016263901
0.8951790358071614,PASSED,-0.27970549111546794,-0.013736755551315647,-0.005506558127646638,2.72985717708599,0.07314441660726544,0.03074118278247307
0.8961792358471694,PASSED,-0.27971923066068344,-0.013742316348085832,-0.005596955865209455,2.7299303370678114,0.07317544791192304,0.031224719241035544
0.8971794358871774,PASSED,-0.2797329758131504,-0.013747969414632534,-0.005690473667697691,2.7300035283294153,0.07320697275431923,0.03172492449962027
0.8981796359271854,PASSED,-0.279746726666669,-0.013753717826907767,-0.005787038013587416,2.730076751372492,0.07323900753287822,0.03224134793191013
0.8991798359671934,PASSED,-0.27976048331807857,-0.013759564587094264,-0.005886574968439587,2.730150006714968,0.07327156828835177,0.03277369383465316
0.9001800360072014,PASSED,-0.27977424586718364,-0.013765512623667908,-0.005989010977113001,2.7302232948905916,0.07330467066037942,0.03332149082298801
0.9011802360472094,PASSED,-0.2797880144166804,-0.013771564791312687,-0.006094272089890322,2.7302966164485665,0.07333832989379585,0.03388439514537013
0.9021804360872174,PASSED,-0.2798017890720832,-0.013777723871564366,-0.006202285692872966,2.730369971953134,0.07337256083680316,0.0344619749152881
0.9031806361272254,PASSED,-0.27981556994165135,-0.013783992572855116,-0.006312978355999102,2.7304433619832125,0.07340737797382368,0.035053911757366774
0.9041808361672334,PASSED,-0.27982935713631607,-0.013790373530307046,-0.006426276849216666,2.7305167871319913,0.07344279538741069,0.03565974814010402
0.9051810362072414,PASSED,-0.2798431507696074,-0.013796869306733173,-0.006542109477399008,2.7305902480065494,0.07347882675751326,0.03627911807753298
0.9061812362472494,PASSED,-0.279856950957582,-0.013803482392305944,-0.006660402969684024,2.7306637452274733,0.07351548541475243,0.03691168334692859
0.9071814362872574,PASSED,-0.27987075781875015,-0.013810215204262443,-0.006781084614376532,2.730737279428469,0.07355278428763698,0.03755699924295004
0.9081816363272655,PASSED,-0.279884571474004,-0.01381707008854432,-0.006904084060210711,2.7308108512559754,0.07359073589914411,0.03821468634990494
0.9091818363672735,PASSED,-0.2798983920465453,-0.013824049319156234,-0.007029328313048138,2.730884461368793,0.07362935243663372,0.03888443824944176
0.9101820364072815,PASSED,-0.2799122196618142,-0.013831155098017104,-0.007156745892752444,2.730958110437695,0.07366864568930427,0.039565795617952426
0.9111822364472895,PASSED,-0.2799260544474174,-0.013838389556591842,-0.007286267029394753,2.731031799145048,0.0737086270360827,0.0402583808854148
0.9121824364872975,PASSED,-0.2799398965330574,-0.013845754755131527,-0.007417819546544855,2.731105528184441,0.07374930752829299,0.040961899760192655
0.9131826365273055,PASSED,-0.27995374605046147,-0.013853252682709347,-0.007551332932004459,2.7311792982603014,0.0737906978231224,0.04167589154223869
0.9141828365673135,PASSED,-0.27996760313331137,-0.013860885258958275,-0.007686738460207385,2.731253110087536,0.0738328081973637,0.04240002937399604
0.9151830366073215,PASSED,-0.27998146791717343,-0.013868654333667314,-0.007823965541592981,2.731326964391135,0.07387564855486575,0.04313390958741797
0.9161832366473295,PASSED,-0.2799953405394283,-0.013876561685733984,-0.00796294308339012,2.731400861905824,0.07391922844553413,0.043877211389008505
0.9171834366873375,PASSED,-0.280009221139202,-0.013884609025992138,-0.008103605041329339,2.731474803375681,0.07396355704446803,0.04462952396382991
0.9181836367273455,PASSED,-0.2800231098572966,-0.013892797996640513,-0.008245881053073532,2.7315487895537798,0.07400864315344767,0.04539049899016992
0.9191838367673535,PASSED,-0.28003700683612165,-0.013901130170241948,-0.008389701967007083,2.731622821201813,0.07405449521313957,0.046159766826377964
0.9201840368073615,PASSED,-0.280050912219626,-0.01390960705204614,-0.008535001695646418,2.7316968990897452,0.07410112131883449,0.046936998273949725
0.9211842368473695,PASSED,-0.2800648261532298,-0.013918230079890506,-0.008681711943516938,2.7317710239954396,0.0741485291883914,0.04772178374555143
0.9221844368873775,PASSED,-0.28007874878375705,-0.013927000623680947,-0.008829765021722965,2.7318451967043,0.07419672617223431,0.04851378390783676
0.9231846369273855,PASSED,-0.28009268025936873,-0.01393591998698703,-0.008979095495657624,2.731919418008926,0.07424571930256814,0.04931269461781093
0.9241848369673935,PASSED,-0.2801066207294961,-0.01394498940691771,-0.009129636220695668,2.7319936887087466,0.07429551523303506,0.05011808769965716
0.9251850370074015,PASSED,-0.2801205703447746,-0.01395421005454287,-0.009281321894801992,2.7320680096096726,0.07434612025127357,0.05092963859775277
0.9261852370474095,PASSED,-0.2801345292569781,-0.013963583035538756,-0.009434087063274461,2.732142381523755,0.07439754034195808,0.05174705874236876
0.9271854370874175,PASSED,-0.2801484976189536,-0.013973109390565883,-0.00958786700302687,2.7322168052688185,0.07444978110347276,0.05256989669620676
0.9281856371274255,PASSED,-0.2801624755845567,-0.013982790095809914,-0.009742597404700858,2.7322912816681475,0.07450284781077353,0.053397914370475155
0.9291858371674335,PASSED,-0.28017646330858714,-0.013992626063480387,-0.009898214514322956,2.732365811550113,0.07455674539910245,0.05423070430123281
0.9301860372074415,PASSED,-0.2801904609467251,-0.014002618142156425,-0.010054654783846918,2.73244039574786,0.07461147845724843,0.0550679607091301
0.9311862372474495,PASSED,-0.28020446865546794,-0.014012767117355747,-0.010211855476304309,2.7325150350989404,0.0746670512273554,0.05590930970554508
0.9321864372874575,PASSED,-0.28021848659206733,-0.014023073712123314,-0.010369754295072708,2.732589730445011,0.07472346765037231,0.056754498557846755
0.9331866373274655,PASSED,-0.28023251491446716,-0.014033538587800745,-0.010528289932335693,2.7326644826314928,0.07478073133959845,0.05760314967166286
0.9341868373674735,PASSED,-0.2802465537812415,-0.014044162343513768,-0.01068739956681549,2.7327392925072225,0.07483884551833526,0.05845486478025935
0.9351870374074815,PASSED,-0.280260603351534,-0.014054945518235898,-0.010847024825673967,2.7328141609241547,0.07489781315059062,0.05930947723873693
0.9361872374474896,PASSED,-0.2802746637849966,-0.01406588859064948,-0.01100710413885439,2.732889088737028,0.07495763689012255,0.06016658106074985
0.9371874374874976,PASSED,-0.28028873524172965,-0.014076991978545879,-0.011167577068096263,2.732964076803034,0.07501831898762734,0.061025775134153394
0.9381876375275056,PASSED,-0.28030281788222267,-0.014088256041537782,-0.011328386941110118,2.733039125981525,0.0750798614578428,0.061886933603009744
0.9391878375675135,PASSED,-0.28031691186729496,-0.01409968108033609,-0.011489473369770225,2.733114237133673,0.07514226599213106,0.06274960141176635
0.9401880376075215,PASSED,-0.2803310173580373,-0.014111267336826284,-0.011650778570477848,2.733189411122181,0.07520553392667459,0.06361348996471836
0.9411882376475295,PASSED,-0.28034513451575427,-0.014123014996252634,-0.01181224666360068,2.73326464881096,0.07526966633497305,0.0644783538542901
0.9421884376875375,PASSED,-0.280359263501907,-0.014134924186677068,-0.011973819598323625,2.7333399510648393,0.07533466399361778,0.06534386183834578
0.9431886377275455,PASSED,-0.2803734044780562,-0.014146994979303893,-0.012135441312492676,2.733415318749242,0.07540052732616308,0.06620964634991748
0.9441888377675535,PASSED,-0.2803875576058065,-0.014159227390081084,-0.012297057086992993,2.733490752729911,0.07546725650456117,0.06707553309686744
0.9451890378075615,PASSED,-0.2804017230467509,-0.014171621379937849,-0.012458611703281794,2.7335662538726018,0.07553485142133588,0.06794117255993962
0.9461892378475695,PASSED,-0.2804159009624156,-0.014184176854626238,-0.01262005001179285,2.733641823042787,0.07560331161701675,0.0688062110948185
0.9471894378875775,PASSED,-0.2804300915142061,-0.014196893666353915,-0.0127813195382687,2.733717461105376,0.07567263638741326,0.06967047659765181
0.9481896379275855,PASSED,-0.2804442948633538,-0.014209771614350157,-0.012942366968226605,2.7337931689244237,0.07574282476034476,0.07053363715407183
0.9491898379675935,PASSED,-0.2804585111708624,-0.014222810444548251,-0.013103139018006334,2.733868947362848,0.07581387543469086,0.07139536580743222
0.9501900380076015,PASSED,-0.28047274059745597,-0.014236009851158669,-0.013263585005357957,2.7339447972821564,0.07588578686108181,0.07225546677997868
0.9511902380476095,PASSED,-0.2804869833035272,-0.014249369477228649,-0.013423653446391364,2.7340207195421664,0.07595855723306859,0.07311364212463817
0.9521904380876175,PASSED,-0.2805012394490862,-0.014262888914485815,-0.013583293131016801,2.734096715000732,0.07603218443314659,0.07396957204689604
0.9531906381276255,PASSED,-0.28051550919371016,-0.014276567705117963,-0.013742455632900136,2.734172784513474,0.07610666608848086,0.07482304419251923
0.9541908381676335,PASSED,-0.2805297926964935,-0.014290405341396025,-0.01390109004150445,2.7342489289335217,0.0761819995987331,0.07567382095870927
0.9551910382076415,PASSED,-0.28054409011599873,-0.014304401266929648,-0.014059149195035923,2.7343251491112452,0.0762581820616207,0.0765215575068391
0.9561912382476495,PASSED,-0.28055840161020806,-0.014318554877388782,-0.014216584635197278,2.734401445893996,0.07633521031785226,0.0773660553813628
0.9571914382876575,PASSED,-0.2805727273364755,-0.014332865520705658,-0.01437334910466247,2.734477820125851,0.0764130809835193,0.07820707252416328
0.9581916383276655,PASSED,-0.2805870674514796,-0.014347332497925278,-0.014529395962927794,2.734554272647371,0.07649179041764943,0.07904434186746098
0.9591918383676735,PASSED,-0.2806014221111774,-0.014361955064361557,-0.01468468008518153,2.7346308042953433,0.07657133470990861,0.07987759252032006
0.9601920384076815,PASSED,-0.28061579147075794,-0.01437673242932229,-0.014839154877764212,2.7347074159025357,0.07665170972345221,0.08070662755911535
0.9611922384476895,PASSED,-0.28063017568459764,-0.014391663757515574,-0.014992777070300623,2.7347841082974624,0.07673291109308245,0.08153119767764479
0.9621924384876975,PASSED,-0.2806445749062156,-0.014406748169752976,-0.015145502348806426,2.7348608823041425,0.07681493419866073,0.08235104417869309
0.9631926385277055,PASSED,-0.28065898928822997,-0.014421984742965134,-0.015297287121059582,2.734937738741871,0.07689777419913067,0.08316597133078953
0.9641928385677135,PASSED,-0.28067341898231446,-0.014437372511550788,-0.015448089562050744,2.7350146784249785,0.0769814260176056,0.08397571657101142
0.9651930386077215,PASSED,-0.2806878641391565,-0.014452910467965601,-0.01559786764998798,2.7350917021626135,0.07706588435657996,0.08478008724324917
0.9661932386477295,PASSED,-0.28070232490841496,-0.014468597562913467,-0.015746579813115762,2.735168810758527,0.07715114371745332,0.08557887662675812
0.9671934386877376,PASSED,-0.2807168014386793,-0.014484432706410536,-0.01589418595303863,2.735246005010825,0.07723719833391693,0.08637177635484343
0.9681936387277456,PASSED,-0.2807312938774292,-0.014500414768889908,-0.01604064683025977,2.7353232857117886,0.07732404227143373,0.08715871162477855
0.9691938387677536,PASSED,-0.2807458023709948,-0.014516542580896876,-0.016185922124773933,2.735400653647633,0.07741166938153096,0.08793937574552028
0.9701940388077616,PASSED,-0.28076032706451803,-0.014532814934837747,-0.016329975151602654,2.7354781095983167,0.07750007327556872,0.08871357289926353
0.9711942388477696,PASSED,-0.2807748681019137,-0.014549230584438175,-0.016472765899644668,2.7355556543373316,0.07758924739877457,0.08948115674355779
0.9721944388877776,PASSED,-0.2807894256258326,-0.014565788246920671,-0.016614260204395777,2.735633288631498,0.07767918498577107,0.09024187383179283
0.9731946389277856,PASSED,-0.2808039997776238,-0.014582486602786179,-0.01675441963958262,2.7357110132407687,0.0777698790558162,0.09099553418733501
0.9741948389677936,PASSED,-0.28081859069729914,-0.014599324296069967,-0.01689320904659416,2.735788828918046,0.07786132247273447,0.09174200540555151
0.9751950390078016,PASSED,-0.2808331985234975,-0.014616299936528594,-0.017030594733313545,2.7358667364089744,0.07795350788679031,0.09248101982269859
0.9761952390478096,PASSED,-0.2808478233934495,-0.014633412098626451,-0.017166540340886514,2.7359447364517657,0.07804642775574906,0.09321243504944536
0.9771954390878176,PASSED,-0.2808624654429442,-0.014650659323454012,-0.01730101448534539,2.736022829777018,0.07814007439546411,0.09393610949211272
0.9781956391278256,PASSED,-0.2808771248062949,-0.014668040119357953,-0.017433983516335697,2.7361010171075244,0.0782344399058891,0.09465177771357504
0.9791958391678336,PASSED,-0.28089180161630695,-0.014685552961420684,-0.017565414426994063,2.7361792991581138,0.07832951622181104,0.09535934139419071
0.9801960392078416,PASSED,-0.2809064960042454,-0.014703196293549945,-0.01769527726410511,2.7362576766354674,0.07842529513290188,0.09605862422191068
0.9811962392478496,PASSED,-0.2809212080998035,-0.014720968528711692,-0.017823540426844323,2.7363361502379506,0.07852176822436029,0.09674940294939893
0.9821964392878576,PASSED,-0.2809359380310726,-0.014738868049544539,-0.017950174436848397,2.7364147206554623,0.07861892694797232,0.09743160405378405
0.9831966393278656,PASSED,-0.2809506859245116,-0.014756893208668914,-0.018075148916060404,2.736493388569258,0.07871676259472248,0.09810500854773455
0.9841968393678736,PASSED,-0.2809654519049181,-0.014775042330306989,-0.018198436786085948,2.7365721546518036,0.07881526628151671,0.09876947229189999
0.9851970394078816,PASSED,-0.28098023609539957,-0.014793313710283073,-0.018320008769415072,2.736651019566616,0.0789144289885061,0.09942486345437915
0.9861972394478896,PASSED,-0.2809950386173454,-0.014811705616495174,-0.01843983784055881,2.736729983968119,0.07901424155280765,0.10007103153297711
0.9871974394878976,PASSED,-0.28100985959040015,-0.014830216290554983,-0.018557898205975087,2.7368090485014918,0.07911469465267697,0.10070781209356072
0.9881976395279056,PASSED,-0.2810246991324364,-0.014848843947601175,-0.01867416293967057,2.736888213802537,0.0792157788422117,0.10133510782885166
0.9891978395679136,PASSED,-0.28103955735952946,-0.014867586777372006,-0.01878860765827001,2.736967480497524,0.0793174845197468,0.10195272400593028
0.9901980396079216,PASSED,-0.2810544343859319,-0.01488644294468553,-0.01890120708369144,2.737046849203069,0.07941980195871148,0.10256058227054443
0.9911982396479296,PASSED,-0.2810693303240494,-0.014905410590453843,-0.019011938224728884,2.7371263205260057,0.07952272132864442,0.10315856170786783
0.9921984396879376,PASSED,-0.28108424528441667,-0.014924487832033848,-0.019120777150189176,2.737205895063246,0.07962623263167766,0.10374646391680661
0.9931986397279456,PASSED,-0.2810991793756743,-0.014943672763798557,-0.019227701507720577,2.737285573401659,0.07973032575311077,0.10432422644396624
0.9941988397679536,PASSED,-0.2811141327045469,-0.014962963458685296,-0.01933269047274942,2.7373653561179587,0.07983499050177828,0.10489176348320295
0.9951990398079616,PASSED,-0.2811291053758206,-0.014982357967429097,-0.019435720924504383,2.737445243778578,0.07994021653041196,0.10544887206731796
0.9961992398479695,PASSED,-0.28114409749232255,-0.015001854320515677,-0.01953677452796369,2.7375252369395593,0.080045993375485,0.10599549374351484
0.9971994398879775,PASSED,-0.2811591091549002,-0.015021450528389678,-0.01963583010469207,2.737605336146443,0.08015231050093043,0.10653154658002359
0.9981996399279855,PASSED,-0.28117414046240186,-0.015041144581841708,-0.019732869016922106,2.7376855419341593,0.08025915724078532,0.10705686870482159
0.9991998399679936,PASSED,-0.2811891915116571,-0.01506093445293892,-0.019827872484072823,2.737765854826939,0.08036652283731158,0.10757141507388586
1.0002000400080016,PASSED,-0.28120426239745894,-0.015080818095897706,-0.019920823275260513,2.7378462753381942,0.0804743964290375,0.10807504282729072
1.0012002400480096,PASSED,-0.28121935321254576,-0.015100793447215054,-0.020011703345405564,2.737926803970436,0.0805827670610888,0.10856769153396864
1.0022004400880176,PASSED,-0.2812344640475843,-0.015120858427014513,-0.020100497435495933,2.738007441215173,0.08069162369279208,0.10904925848280017
1.0032006401280256,PASSED,-0.281249594991153,-0.015141010938798716,-0.020187188016672596,2.7380881875528353,0.08080095519856462,0.1095196706323667
1.0042008401680336,PASSED,-0.2812647461297265,-0.015161248870740494,-0.02027176122518226,2.738169043452677,0.0809107503593059,0.10997882081388585
1.0052010402080416,PASSED,-0.28127991754766046,-0.015181570096656712,-0.020354202376907646,2.738250009372701,0.08102099788238284,0.11042665791898262
1.0062012402480496,PASSED,-0.28129510932717666,-0.015201972475443064,-0.020434496392649427,2.7383310857595755,0.08113168639780265,0.11086308708702731
1.0072014402880576,PASSED,-0.2813103215483497,-0.015222453852942523,-0.020512631570665685,2.738412273048563,0.08124280446069626,0.11128804676468478
1.0082016403280656,PASSED,-0.2813255542890932,-0.015243012061860444,-0.02058859381609202,2.7384935716634486,0.08135434055965451,0.11170146708730659
1.0092018403680736,PASSED,-0.2813408076251476,-0.015263644922430862,-0.020662371739969015,2.7385749820164715,0.08146628311413993,0.11210327941749124
1.0102020404080816,PASSED,-0.281356081630068,-0.015284350243793574,-0.02073395444454195,2.7386565045082514,0.08157862046971608,0.112493406348571
1.0112022404480896,PASSED,-0.28137137637521253,-0.015305125823334561,-0.020803329605283635,2.738738139527741,0.08169134093181107,0.11287183259260757
1.0122024404880976,PASSED,-0.28138669192973226,-0.015325969448489709,-0.020870488855055266,2.7388198874521588,0.08180443274430611,0.1132384657633406
1.0132026405281056,PASSED,-0.2814020283605605,-0.015346878896790275,-0.02093542126424047,2.738901748646931,0.08191788407233133,0.11359323619980703
1.0142028405681136,PASSED,-0.28141738573240327,-0.01536785193586723,-0.020998117618765997,2.7389837234656484,0.08203168306250555,0.11393615949050191
1.0152030406081216,PASSED,-0.28143276410773077,-0.01538888632600666,-0.021058571819872626,2.739065812250013,0.08214581781422681,0.11426714654175378
1.0162032406481296,PASSED,-0.2814481635467687,-0.015409979818534546,-0.021116772999895384,2.739148015329787,0.08226027634420384,0.11458611893388398
1.0172034406881376,PASSED,-0.28146358410749067,-0.015431130157141067,-0.021172715677603305,2.7392303330227645,0.08237504667219223,0.11489313402471339
1.0182036407281456,PASSED,-0.2814790258456111,-0.015452335079698494,-0.02122639381064364,2.7393127656347143,0.0824901167661385,0.1151880672273331
1.0192038407681536,PASSED,-0.28149448881457845,-0.015473592316861991,-0.021277799398732377,2.7393953134593554,0.08260547453411234,0.11547090180484455
1.0202040408081616,PASSED,-0.2815099730655696,-0.015494899593889486,-0.02132692878000309,2.739477976778325,0.08272110789731238,0.11574167079684491
1.0212042408481696,PASSED,-0.28152547864748406,-0.015516254631322517,-0.02137377653504909,2.73956075586114,0.08283700472169511,0.11600026010664853
1.0222044408881776,PASSED,-0.28154100560693957,-0.015537655144685837,-0.021418337915498617,2.7396436509651765,0.08295315283500689,0.11624668211518206
1.0232046409281856,PASSED,-0.28155655398826734,-0.015559098845325057,-0.02146060912169873,2.739726662335643,0.08306954007460439,0.11648094458571134
1.0242048409681936,PASSED,-0.28157212383350877,-0.015580583441823937,-0.021500588083667813,2.7398097902055607,0.0831861542426009,0.116702983603694
1.0252050410082016,PASSED,-0.28158771518241205,-0.015602106639704166,-0.021538271077933654,2.7398930347957453,0.08330298311426725,0.11691279704145019
1.0262052410482096,PASSED,-0.28160332807242977,-0.015623666141863822,-0.02157365621414079,2.739976396314791,0.08342001446994025,0.11711039476070427
1.0272054410882177,PASSED,-0.28161896253871666,-0.01564525964933006,-0.021606741634303567,2.740059874959054,0.08353723606313727,0.11729572548790575
1.0282056411282257,PASSED,-0.28163461861412825,-0.01566688486274888,-0.021637527941838323,2.740143470912661,0.08365463566062485,0.1174688454873595
1.0292058411682337,PASSED,-0.2816502963292198,-0.015688539481177002,-0.021666012085637502,2.7402271843474697,0.08377220099020515,0.11762965230889624
1.0302060412082417,PASSED,-0.2816659957122458,-0.015710221203261866,-0.02169219541768644,2.7403110154231034,0.0838899198107883,0.1177782660993356
1.0312062412482497,PASSED,-0.2816817167891602,-0.015731927729193355,-0.02171607960735688,2.740394964286921,0.08400777987634915,0.11791459853519222
1.0322064412882577,PASSED,-0.28169745958361686,-0.015753656759312035,-0.02173766379289475,2.7404790310740315,0.08412576891174268,0.11803865996576857
1.0332066413282657,PASSED,-0.28171322411697075,-0.01577540599479565,-0.02175694994409887,2.7405632159072977,0.08424387468885011,0.11815052186852601
1.0342068413682737,PASSED,-0.28172901040827947,-0.015797173139435752,-0.021773941104103207,2.7406475188973403,0.08436208497684028,0.11825013207126943
1.0352070414082817,PASSED,-0.2817448184743055,-0.0158189558995034,-0.021788639376681906,2.740731940142551,0.08448038753337982,0.11833750618504103
1.0362072414482897,PASSED,-0.2817606483295185,-0.01584075198306551,-0.02180104635239229,2.7408164797291046,0.08459877015748564,0.11841270271966993
1.0372074414882977,PASSED,-0.281776499986099,-0.015862559102777368,-0.02181116861816436,2.7409011377309653,0.08471722065163578,0.11847568843714246
1.0382076415283057,PASSED,-0.28179237345394115,-0.015884374974614986,-0.021819007317247355,2.7409859142099258,0.08483572684725935,0.11852653374784179
1.0392078415683137,PASSED,-0.28180826874065745,-0.015906197318074165,-0.021824567553799395,2.7410708092156,0.08495427657563859,0.11856519146683517
1.0402080416083217,PASSED,-0.281824185851583,-0.015928023858780758,-0.02182785614178492,2.741155822785471,0.08507285771617872,0.11859177325565019
1.0412082416483297,PASSED,-0.2818401247897805,-0.015949852327022042,-0.021828876307618882,2.7412409549448955,0.08519145816803202,0.11860623758507652
1.0422084416883377,PASSED,-0.2818560855560455,-0.01597168045784542,-0.02182763383388667,2.741326205707152,0.08531006585144149,0.11860864729241181
1.0432086417283457,PASSED,-0.2818720681489129,-0.01599350599371273,-0.021824137222923888,2.7414115750734465,0.08542866871329949,0.11859900490172537
1.0442088417683537,PASSED,-0.2818880725646626,-0.016015326683477847,-0.02181839145991444,2.741497063032971,0.08554725476259742,0.11857741222875025
1.0452090418083617,PASSED,-0.28190409879732675,-0.016037140282261508,-0.021810403666158256,2.741582669562919,0.08566581201949883,0.11854382001650929
1.0462092418483697,PASSED,-0.2819201468386966,-0.01605894455286724,-0.021800181898782172,2.741668394628527,0.08578432852797543,0.11849830078334724
1.0472094418883777,PASSED,-0.28193621667833035,-0.016080737266322788,-0.02178773449338777,2.741754238183125,0.08590279242340683,0.11844095853011043
1.0482096419283857,PASSED,-0.28195230830356144,-0.016102516202092375,-0.021773069953716948,2.7418402001681588,0.08602119183823757,0.1183717190311717
1.0492098419683937,PASSED,-0.2819684216995066,-0.016124279147458433,-0.02175619564095184,2.741926280513252,0.08613951495436903,0.11829071419830382
1.0502100420084017,PASSED,-0.2819845568490749,-0.016146023899215,-0.02173712250030977,2.742012479136245,0.08625775003833669,0.11819799714723213
1.0512102420484097,PASSED,-0.28200071373297714,-0.016167748264052012,-0.021715859728144226,2.742098795943237,0.08637588536061862,0.11809353903839036
1.0522104420884177,PASSED,-0.2820168923297354,-0.016189450058219992,-0.021692417127868922,2.7421852308286456,0.08649390925261327,0.117977460632171
1.0532106421284257,PASSED,-0.28203309261569326,-0.016211127108047143,-0.021666804960005656,2.7422717836752577,0.08661181013535699,0.11784983081809154
1.0542108421684337,PASSED,-0.2820493145650262,-0.01623277725071845,-0.02163903447884404,2.742358454354276,0.08672957643960741,0.11771061987198342
1.0552110422084418,PASSED,-0.28206555814975215,-0.016254398334418864,-0.021609116514790132,2.742445242725384,0.0868471966624459,0.1175599581495161
1.0562112422484498,PASSED,-0.2820818233397434,-0.01627598821896213,-0.02157706322891356,2.742532148636808,0.08696465940202179,0.11739792719347204
1.0572114422884578,PASSED,-0.2820981101027373,-0.01629754477528902,-0.021542885058873393,2.7426191719253628,0.0870819532632853,0.11722448397686315
1.0582116423284658,PASSED,-0.2821144184043489,-0.016319065887236278,-0.021506596539508174,2.742706312416525,0.08719906692580995,0.11703978155649851
1.0592118423684738,PASSED,-0.28213074820808287,-0.016340549450448962,-0.02146820766146584,2.742793569924497,0.08731598917541593,0.11684389497229355
1.0602120424084818,PASSED,-0.2821470994753461,-0.016361993373284908,-0.021427732952263013,2.742880944252267,0.08743270881761447,0.11663680701603517
1.0612122424484898,PASSED,-0.28216347216546095,-0.016383395578394133,-0.021385186547202582,2.742968435191688,0.08754921474172461,0.1164186688395263
1.0622124424884978,PASSED,-0.2821798662356781,-0.01640475400047217,-0.021340579098598888,2.7430560425235266,0.0876654959140652,0.11618950800794092
1.0632126425285058,PASSED,-0.28219628164119076,-0.01642606658848114,-0.02129392728254832,2.7431437660175653,0.08778154137804899,0.11594943463436065
1.0642128425685138,PASSED,-0.2822127183351479,-0.016447331305850663,-0.02124524409417524,2.7432316054326398,0.08789734022313722,0.11569845205748727
1.0652130426085218,PASSED,-0.28222917626866917,-0.016468546130065695,-0.02119454429559848,2.7433195605167495,0.08801288164686438,0.11543673817361634
1.0662132426485298,PASSED,-0.282245655390859,-0.01648970905343763,-0.021141842756159983,2.743407631007102,0.0881281549119517,0.1151642830297735
1.0672134426885378,PASSED,-0.28226215564882173,-0.01651081808315534,-0.021087154358740732,2.743495816630213,0.08824314934270859,0.11488119590831092
1.0682136427285458,PASSED,-0.28227867698767645,-0.01653187124153706,-0.021030494397037806,2.743584117101976,0.08835785437277811,0.11458758617699144
1.0692138427685538,PASSED,-0.2822952193505727,-0.016552866567126547,-0.020971879717784973,2.7436725321277446,0.08847225950369979,0.11428349408478614
1.0702140428085618,PASSED,-0.28231178267870627,-0.0165738021139127,-0.020911324831738666,2.743761061402421,0.088586354315451,0.11396902352883044
1.0712142428485698,PASSED,-0.2823283669113348,-0.01659467595130846,-0.020848845771772293,2.7438497046105303,0.08870012847930911,0.11364425741095263
1.0722144428885778,PASSED,-0.28234497198579445,-0.016615486166662415,-0.02078446174208107,2.7439384614263105,0.08881357175083009,0.11330928092765813
1.0732146429285858,PASSED,-0.2823615978375161,-0.01663623086306347,-0.02071818617370527,2.7440273315138057,0.08892667398183947,0.11296419773053398
1.0742148429685938,PASSED,-0.28237824440004217,-0.01665690815974588,-0.020650037021553505,2.744116314526943,0.08903942509652935,0.11260905932943473
1.0752150430086018,PASSED,-0.28239491160504393,-0.016677516194501783,-0.02058003324546578,2.7442054101096267,0.08915181511082025,0.11224398426523421
1.0762152430486098,PASSED,-0.28241159938233845,-0.016698053122281287,-0.02050819080219421,2.744294617895833,0.0892638341564421,0.11186908652623367
1.0772154430886178,PASSED,-0.2824283076599061,-0.016718517114296033,-0.02043452615645047,2.7443839375097006,0.08937547243680836,0.11148440959297921
1.0782156431286258,PASSED,-0.28244503636390844,-0.016738906360800655,-0.020359060070073674,2.7444733685656195,0.08948672024132845,0.11109006780480496
1.0792158431686338,PASSED,-0.28246178541870615,-0.016759219070882615,-0.020281810089884042,2.74456291066833,0.08959756797585484,0.11068617900743997
1.0802160432086418,PASSED,-0.282478554746877,-0.01677945346963252,-0.020202791189920924,2.744652563413016,0.0897080061367124,0.11027281542429164
1.0812162432486496,PASSED,-0.2824953442692344,-0.016799607801970175,-0.020122026436147123,2.7447423263854054,0.08981802530449866,0.10985006936090069
1.0822164432886576,PASSED,-0.2825121539048459,-0.01681968033225354,-0.020039532848178238,2.7448321991618676,0.08992761617840636,0.10941807693890285
1.0832166433286656,PASSED,-0.28252898357105216,-0.01683966934222454,-0.019955328052878033,2.744922181309501,0.09003676953398572,0.10897687467299594
1.0842168433686736,PASSED,-0.28254583318348553,-0.016859573133028057,-0.019869432637280176,2.7450122723862522,0.09014547626773878,0.1085266398064103
1.0852170434086816,PASSED,-0.28256270265608946,-0.016879390025939068,-0.019781866426833956,2.745102471941011,0.09025372738611771,0.10806743742728653
1.0862172434486896,PASSED,-0.28257959190113785,-0.016899118360815545,-0.01969264717623907,2.7451927795136934,0.09036151394625808,0.10759930861575737
1.0872174434886976,PASSED,-0.28259650082925447,-0.016918756497016834,-0.019601795551322923,2.7452831946353737,0.09046882716227594,0.10712248761929895
1.0882176435287056,PASSED,-0.2826134293494326,-0.016938302814356158,-0.019509331864653895,2.7453737168283734,0.09057565836096265,0.10663700606497804
1.0892178435687137,PASSED,-0.28263037736905494,-0.016957755712028354,-0.019415274877221913,2.7454643456063637,0.09068199890910841,0.10614290953296865
1.0902180436087217,PASSED,-0.2826473447939135,-0.016977113609129773,-0.019319645250885812,2.745555080474477,0.09078784032724435,0.10564042387124975
1.0912182436487297,PASSED,-0.28266433152822984,-0.01699637494573005,-0.019222464166543305,2.7456459209294106,0.09089317425824156,0.105129602414507
1.0922184436887377,PASSED,-0.2826813374746753,-0.017015538181519064,-0.019123750203987575,2.745736866459532,0.09099799240026646,0.10461050176517116
1.0932186437287457,PASSED,-0.28269836253439123,-0.01703460179653033,-0.01902352488278014,2.7458279165449997,0.0911022866032555,0.10408333713830752
1.0942188437687537,PASSED,-0.28271540660700983,-0.017053564292329584,-0.018921809743567254,2.745919070657846,0.09120604880850904,0.10354811733033938
1.0952190438087617,PASSED,-0.28273246959067483,-0.01707242419068317,-0.01881862409359479,2.74601032826211,0.09130927105756617,0.1030050035416347
1.0962192438487697,PASSED,-0.28274955138206176,-0.017091180033423938,-0.018713988505551934,2.746101688813942,0.09141194553571302,0.1024541278836707
1.0972194438887777,PASSED,-0.28276665187639943,-0.017109830384659894,-0.018607926389551388,2.7461931517617044,0.09151406450262482,0.10189552626387198
1.0982196439287857,PASSED,-0.2827837709674908,-0.01712837382932399,-0.018500456847124126,2.7462847165460946,0.09161562033847385,0.101329375572473
1.0992198439687937,PASSED,-0.2828009085477339,-0.017146808972387684,-0.018391600541404374,2.746376382600253,0.09171660556294245,0.10075579039934209
1.1002200440088017,PASSED,-0.282818064508143,-0.01716513444092856,-0.01828138054052539,2.7464681493498655,0.09181701276427244,0.10017480861706439
1.1012202440488097,PASSED,-0.2828352387383703,-0.01718334888399618,-0.018169818085688547,2.7465600162132957,0.09191683467090947,0.09958663865034037
1.1022204440888177,PASSED,-0.28285243112672676,-0.017201450970516025,-0.01805693214262144,2.746651982601679,0.09201606413238504,0.09899134335907266
1.1032206441288257,PASSED,-0.2828696415602041,-0.017219439391972454,-0.017942747665633474,2.746744047919053,0.09211469408948335,0.09838903292446594
1.1042208441688337,PASSED,-0.2828868699244959,-0.017237312861637665,-0.01782728433160297,2.7468362115624543,0.09221271760022699,0.09777982928976667
1.1052210442088417,PASSED,-0.2829041161040194,-0.017255070113143426,-0.017710562955197174,2.746928472922043,0.09231012784930519,0.097163862270472
1.1062212442488497,PASSED,-0.28292137998193706,-0.017272709903068114,-0.01759260790435312,2.747020831381221,0.09240691814376023,0.09654124924475171
1.1072214442888577,PASSED,-0.28293866144017854,-0.0172902310094959,-0.017473438776741766,2.7471132863167385,0.09250308187615448,0.0959120544939291
1.1082216443288657,PASSED,-0.282955960359462,-0.017307632231558852,-0.017353077587087675,2.7472058370988135,0.09259861257121856,0.09527645544415414
1.1092218443688737,PASSED,-0.2829732766193164,-0.01732491239098983,-0.017231547326907536,2.7472984830912477,0.09269350388659606,0.0946345553330568
1.1102220444088817,PASSED,-0.2829906100981031,-0.01734207033141529,-0.017108869157828846,2.7473912236515403,0.09278774956489949,0.09398642695035117
1.1112222444488897,PASSED,-0.2830079606730377,-0.017359104917695798,-0.016985064362293967,2.747484058131012,0.09288134348510614,0.09333224904417566
1.1122224444888977,PASSED,-0.28302532822021204,-0.01737601503712772,-0.016860156145007157,2.747576985874901,0.09297427962847508,0.09267207291877425
1.1132226445289057,PASSED,-0.2830427126146162,-0.017392799599132296,-0.0167341659109546,2.7476700062225046,0.09306655210773514,0.09200608348757117
1.1142228445689137,PASSED,-0.2830601137301606,-0.017409457534873093,-0.016607115627354677,2.7477631185072866,0.09315815515870425,0.09133436262346792
1.1152230446089217,PASSED,-0.28307753143969755,-0.0174259877972258,-0.016479026836273402,2.747856322056978,0.09324908308884279,0.09065697514859972
1.1162232446489297,PASSED,-0.28309496561504366,-0.01744238936140081,-0.016349922400842168,2.747949616193722,0.09333933037519226,0.08997416048339375
1.1172234446889378,PASSED,-0.28311241612700183,-0.017458661224996373,-0.016219824392040106,2.748043000234167,0.09342889160053588,0.08928593525043887
1.1182236447289458,PASSED,-0.2831298828453828,-0.01747480240656554,-0.01608875302058441,2.748136473489595,0.09351776142629455,0.08859241943081327
1.1192238447689538,PASSED,-0.2831473656390277,-0.017490811947395837,-0.015956732703438597,2.74823003526604,0.09360593467827959,0.08789380702121813
1.1202240448089618,PASSED,-0.28316486437582983,-0.017506688911175575,-0.015823784497268744,2.7483236848643946,0.09369340628343797,0.0871901372498228
1.1212242448489698,PASSED,-0.28318237892275644,-0.017522432382494454,-0.01568992919994792,2.748417421580535,0.09378017126005551,0.08648153619602013
1.1222244448889778,PASSED,-0.2831999091458711,-0.017538041468330892,-0.015555190260763102,2.748511244705438,0.09386622478369813,0.08576818194032633
1.1232246449289858,PASSED,-0.28321745491035527,-0.01755351529823919,-0.01541958967332606,2.7486051535252933,0.09395156212938299,0.08505012151455921
1.1242248449689938,PASSED,-0.2832350160805304,-0.017568853022590498,-0.015283147469966387,2.748699147321623,0.09403617867076372,0.08432748795817657
1.1252250450090018,PASSED,-0.28325259251987966,-0.01758405381417623,-0.015145887662910864,2.748793225371391,0.0941200699146594,0.08360041452068886
1.1262252450490098,PASSED,-0.28327018409107013,-0.017599116868286586,-0.015007831741988857,2.7488873869471355,0.0942032315062366,0.0828690429482195
1.1272254450890178,PASSED,-0.2832877906559741,-0.017614041400277693,-0.014868998823853159,2.748981631317059,0.09428565915234165,0.08213338154291808
1.1282256451290258,PASSED,-0.28330541207569115,-0.017628826648625275,-0.01472941469673397,2.7490759577451764,0.09436734871958107,0.08139369103708631
1.1292258451690338,PASSED,-0.28332304821056997,-0.01764347187379836,-0.014589098823988575,2.7491703654913953,0.09444829617975072,0.08064997292469284
1.1302260452090418,PASSED,-0.2833406989202296,-0.01765797635622936,-0.014448071502338511,2.7492648538116673,0.09452849761536432,0.07990241073952342
1.1312262452490498,PASSED,-0.28335836406358156,-0.017672339399131536,-0.01430635716873167,2.7493594219580637,0.0946079492071533,0.07915104582196371
1.1322264452890578,PASSED,-0.28337604349885076,-0.017686560327491965,-0.014163975821559607,2.749454069178932,0.09468664729171071,0.07839611038101835
1.1332266453290658,PASSED,-0.28339373708359766,-0.017700638486941,-0.014020948534015573,2.7495487947189736,0.09476458828859814,0.07763758789172162
1.1342268453690738,PASSED,-0.2834114446747391,-0.017714573244558243,-0.013877297006061683,2.7496435978193796,0.09484176871912396,0.07687565894854993
1.1352270454090818,PASSED,-0.28342916612857005,-0.01772836398931039,-0.013733043249541617,2.7497384777179357,0.09491818525907404,0.07611046061775688
1.1362272454490898,PASSED,-0.2834469013007844,-0.01774201013088111,-0.013588207118174307,2.749833433649138,0.09499383467084561,0.07534204587410694
1.1372274454890978,PASSED,-0.28346465004649685,-0.017755511100194535,-0.013442810776925983,2.7499284648443068,0.0950687138220287,0.07457055472241891
1.1382276455291058,PASSED,-0.2834824122202631,-0.017768866349239777,-0.013296874557454303,2.750023570531692,0.09514281971008585,0.07379611028032185
1.1392278455691138,PASSED,-0.28350018767610174,-0.01778207535114296,-0.013150420133667701,2.7501187499365973,0.09521614944463946,0.0730188174024597
1.1402280456091218,PASSED,-0.2835179762675144,-0.017795137599443418,-0.013003467078312628,2.7502140022814783,0.09528870022899358,0.07223876232189716
1.1412282456491298,PASSED,-0.2835357778475071,-0.01780805260901114,-0.012856037894001854,2.7503093267860597,0.09536046938306121,0.07145608189813316
1.1422284456891378,PASSED,-0.28355359226861077,-0.017820819914945153,-0.012708151294010412,2.750404722667452,0.09543145436173012,0.0706709098494098
1.1432286457291458,PASSED,-0.28357141938290176,-0.017833439072982033,-0.012559829198795114,2.750500189140245,0.09550165269010012,0.06988327405039974
1.1442288457691538,PASSED,-0.28358925904202253,-0.017845909659814793,-0.012411091922069632,2.7505957254166318,0.09557106201646452,0.06909336124038813
1.1452290458091618,PASSED,-0.28360711109720205,-0.017858231271561532,-0.012261958296517682,2.750691330706511,0.09563968012088607,0.0683012665423231
1.1462292458491699,PASSED,-0.2836249753992758,-0.017870403525052772,-0.012112450287721389,2.7507870042176004,0.09570750486861897,0.06750706852661706
1.1472294458891779,PASSED,-0.2836428517987063,-0.01788242605784287,-0.011962587791674573,2.7508827451555335,0.09577453421874162,0.06671087118666215
1.1482296459291859,PASSED,-0.28366074014560305,-0.017894298526441657,-0.011812389136860762,2.7509785527239754,0.0958407662637288,0.06591282752085778
1.1492298459691939,PASSED,-0.2836786402897424,-0.01790602060748722,-0.011661875651359583,2.7510744261247293,0.09590619920463955,0.06511301650401032
1.1502300460092019,PASSED,-0.28369655208058736,-0.017917591998246996,-0.011511067498725176,2.7511703645578383,0.09597083132057602,0.06431151555811004
1.1512302460492099,PASSED,-0.2837144753673073,-0.01792901241425204,-0.01135998167592791,2.7512663672216897,0.09603466100708591,0.06350846714441731
1.1522304460892179,PASSED,-0.28373240999879756,-0.017940281591124024,-0.01120864033601891,2.7513624333131257,0.09609768678346349,0.06270398253302667
1.1532306461292259,PASSED,-0.2837503558236987,-0.017951399284642663,-0.011057062307053856,2.7514585620275365,0.0961599072420076,0.06189810921817131
1.1542308461692339,PASSED,-0.28376831269041614,-0.017962365268690998,-0.01090526520918762,2.7515547525589743,0.09622132108922296,0.06109100588017457
1.1552310462092419,PASSED,-0.2837862804471388,-0.017973179335883854,-0.010753268515304018,2.751651004100247,0.09628192714713335,0.060282759263877994
1.1562312462492499,PASSED,-0.28380425894185857,-0.017983841299559263,-0.010601093782142702,2.7517473158430263,0.0963417243200566,0.059473448696173326
1.157231446289258,PASSED,-0.2838222480223888,-0.017994350990198627,-0.01044875521084138,2.751843686977946,0.09640071162085706,0.058663202203320074
1.158231646329266,PASSED,-0.28384024753638326,-0.018004708257229603,-0.010296274911069579,2.751940116694693,0.09645888815221783,0.05785208413239428
1.159231846369274,PASSED,-0.2838582573313547,-0.01801491296949078,-0.01014367049458277,2.7520366041821203,0.09651625313020686,0.057040240560104476
1.160232046409282,PASSED,-0.283876277254693,-0.018024965012942706,-0.009990958756820026,2.7521331486283422,0.09657280587460539,0.0562277469574927
1.16123224644929,PASSED,-0.2838943071536836,-0.01803486429213047,-0.009838159475060422,2.7522297492208194,0.09662854576426147,0.055414651455134106
1.162232446489298,PASSED,-0.28391234687552586,-0.01804461073044416,-0.00968529087276937,2.7523264051464773,0.09668347231835453,0.05460115585168694
1.163232646529306,PASSED,-0.28393039626735045,-0.018054204267822522,-0.009532368382090603,2.7524231155917787,0.0967375851341469,0.053787255752816676
1.164232846569314,PASSED,-0.2839484551762376,-0.0180636448625426,-0.00937941227874001,2.752519879742842,0.09679088389550376,0.05297309842623139
1.165233046609322,PASSED,-0.28396652344923456,-0.01807293249082631,-0.0092264389536938,2.7526166967855072,0.09684336837867079,0.052158739660905847
1.16623324664933,PASSED,-0.28398460093337297,-0.01808206714553699,-0.009073465215333266,2.7527135659054625,0.09689503848249491,0.05134434659959627
1.167233446689338,PASSED,-0.2840026874756862,-0.018091048836989816,-0.008920508944488769,2.752810486288306,0.0969458941643834,0.050529905414407314
1.168233646729346,PASSED,-0.2840207829232266,-0.018099877592834306,-0.008767587111156303,2.7529074571196572,0.09699593547504887,0.049715580832840195
1.169233846769354,PASSED,-0.28403888712308234,-0.01810855345722075,-0.008614715903295234,2.753004477585243,0.09704516258911916,0.04890146956192599
1.170234046809362,PASSED,-0.2840569999223941,-0.018117076490939108,-0.008461912261732273,2.753101546870978,0.09709357572784541,0.048087584835801736
1.17123424684937,PASSED,-0.28407512116837186,-0.018125446771935456,-0.008309193486090178,2.7531986641630715,0.0971411752236735,0.047274103156283866
1.172234446889378,PASSED,-0.28409325070831126,-0.018133664393866263,-0.008156574227283742,2.753295828648095,0.09718796149868385,0.046461056246383116
1.173234646929386,PASSED,-0.28411138838960975,-0.018141729466295487,-0.008004071230517192,2.7533930395130874,0.09723393505035534,0.04564854862156251
1.174234846969394,PASSED,-0.2841295340597829,-0.01814964211580745,-0.007851701699591955,2.7534902959456247,0.09727909646208027,0.0448366537938614
1.175235047009402,PASSED,-0.28414768756647996,-0.018157402483900888,-0.007699479022667879,2.75358759713392,0.09732344641732676,0.04402548954824429
1.17623524704941,PASSED,-0.2841658487574999,-0.018165010727825778,-0.007547420526369623,2.753684942266897,0.09736698566883256,0.04321509281085178
1.177235447089418,PASSED,-0.2841840174808066,-0.01817246702082114,-0.007395541308029855,2.7537823305342783,0.09740971504666902,0.04240556785354894
1.178235647129426,PASSED,-0.2842021935845447,-0.018179771550842168,-0.007243855829685821,2.7538797611266665,0.09745163548312676,0.04159701552718458
1.179235847169434,PASSED,-0.28422037691705415,-0.018186924520810284,-0.007092379393739098,2.753977233235622,0.09749274797369123,0.04078947392267625
1.180236047209442,PASSED,-0.2842385673268856,-0.018193926148742805,-0.006941126958373844,2.7540747460537496,0.0975330535970915,0.03998305638533658
1.18123624724945,PASSED,-0.2842567646628151,-0.018200776667812866,-0.006790113811183935,2.7541722987747748,0.09757255352323792,0.03917783932047339
1.182236447289458,PASSED,-0.2842749687738585,-0.01820747632503491,-0.006639352829281848,2.754269890593617,0.09761124897646374,0.0383738624960497
1.183236647329466,PASSED,-0.2842931795092861,-0.01821402538152068,-0.006488858923432281,2.7543675207064773,0.09764914127801311,0.03757126091824571
1.184236847369474,PASSED,-0.28431139671863687,-0.01822042411326294,-0.006338646954804676,2.7544651883109044,0.09768623182218737,0.036770066344927604
1.185237047409482,PASSED,-0.28432962025173214,-0.018226672810225948,-0.006188730301809167,2.754562892605879,0.09772252206558323,0.035970361429798293
1.18623724744949,PASSED,-0.2843478499586897,-0.018232771774903546,-0.0060391209281206466,2.754660632791876,0.09775801354652583,0.03517222728447644
1.187237447489498,PASSED,-0.28436608568993754,-0.018238721324301606,-0.005889835044686602,2.7547584080709506,0.0977927078827647,0.03437574220845264
1.188237647529506,PASSED,-0.284384327296227,-0.0182445217893278,-0.005740885013868978,2.754856217646803,0.0978266067530534,0.03358095567551179
1.189237847569514,PASSED,-0.284402574628646,-0.01825017351230043,-0.005592281611802621,2.7549540607248497,0.09785971190590076,0.03278795096192752
1.190238047609522,PASSED,-0.28442082753863246,-0.01825567684982262,-0.0054440414624546294,2.755051936512293,0.09789202516708853,0.03199680133833685
1.19123824764953,PASSED,-0.2844390858779867,-0.018261032171364065,-0.005296174927437646,2.755149844218199,0.09792354843561017,0.031207579977189134
1.192238447689538,PASSED,-0.28445734949888446,-0.0182662398577472,-0.005148694020266394,2.7552477830535493,0.0979542836547643,0.03042031193875463
1.193238647729546,PASSED,-0.28447561825388895,-0.01827130030292975,-0.005001612624075038,2.7553457522313267,0.09798423286149065,0.029635136584725497
1.194238847769554,PASSED,-0.2844938919959635,-0.018276213913495806,-0.004854942527375309,2.755443750966564,0.09801339814546658,0.028852048903417388
1.1952390478095618,PASSED,-0.2845121705784833,-0.018280981107099612,-0.004708694321425761,2.755541778476415,0.09804178164362894,0.02807113100164974
1.1962392478495698,PASSED,-0.2845304538552476,-0.01828560231320412,-0.004562880626566686,2.755639833980228,0.0980693856005931,0.027292507605837894
1.1972394478895778,PASSED,-0.2845487416804909,-0.01829007797357328,-0.004417513530887124,2.755737916699589,0.09809621227904165,0.026516125677047208
1.1982396479295858,PASSED,-0.2845670339088947,-0.0182944085407847,-0.004272602998444838,2.7558360258584034,0.09812226401582064,0.025742144180259052
1.1992398479695938,PASSED,-0.28458533039559875,-0.018298594478081288,-0.004128160162021873,2.7559341606829393,0.09814754322501763,0.024970585874822395
1.2002400480096018,PASSED,-0.284603630996212,-0.01830263626072806,-0.003984197636601812,2.7560323204019,0.09817205235907316,0.02420149950931831
1.2012402480496098,PASSED,-0.28462193556682347,-0.018306534374274284,-0.0038407241526429506,2.756130504246475,0.09819579393284376,0.02343495661144477
1.2022404480896178,PASSED,-0.284640243964013,-0.01831028931431914,-0.003697750639670571,2.7562287114504036,0.09821877053061831,0.022671025216595895
1.2032406481296258,PASSED,-0.2846585560448614,-0.018313901587395817,-0.0035552880346834187,2.7563269412500158,0.09824098476382803,0.02190970520515641
1.2042408481696338,PASSED,-0.28467687166696104,-0.01831737171005326,-0.0034133457392862532,2.7564251928843153,0.09826243933909512,0.021151155308365185
1.2052410482096418,PASSED,-0.28469519068842575,-0.018320700208783857,-0.0032719340581353297,2.756523465595005,0.09828313698853987,0.02039531220234725
1.2062412482496498,PASSED,-0.28471351296790065,-0.01832388761965543,-0.0031310620805382002,2.7566217586265545,0.09830308048189951,0.019642280797845864
1.2072414482896578,PASSED,-0.28473183836457167,-0.01832693448838101,-0.002990739822267516,2.756720071226248,0.09832227268294592,0.018892147878801682
1.2082416483296659,PASSED,-0.28475016673817516,-0.018329841370139703,-0.0028509763829722198,2.7568184026442477,0.09834071649648646,0.01814492398170473
1.2092418483696739,PASSED,-0.2847684979490072,-0.018332608829116498,-0.0027117807060145793,2.756916752133616,0.09835841482715173,0.017400601787633533
1.2102420484096819,PASSED,-0.28478683185793235,-0.018335237438167236,-0.0025731612805515013,2.757015118950399,0.09837537069037644,0.016659370849418393
1.2112422484496899,PASSED,-0.2848051683263927,-0.018337727779454634,-0.0024351279586279765,2.757113502353641,0.09839158712897944,0.015921150438710157
1.2122424484896979,PASSED,-0.2848235072164164,-0.018340080443315136,-0.0022976877950832376,2.7572119016054555,0.09840706720261198,0.015186022428434913
1.2132426485297059,PASSED,-0.2848418483906263,-0.01834229602824176,-0.0021608496809872803,2.7573103159710612,0.09842181405732696,0.01445407623932914
1.2142428485697139,PASSED,-0.28486019171224775,-0.01834437514123231,-0.002024621863596881,2.757408744718823,0.09843583086544734,0.013725296041087083
1.2152430486097219,PASSED,-0.28487853704511706,-0.018346318397285025,-0.0018890121787898983,2.7575071871203027,0.09844912083200665,0.012999746904790518
1.2162432486497299,PASSED,-0.28489688425368925,-0.018348126418925245,-0.0017540279478436896,2.7576056424502977,0.09846168722140183,0.012277484388802848
1.2172434486897379,PASSED,-0.28491523320304557,-0.018349799835836723,-0.0016196762205664523,2.7577041099868866,0.09847353333993351,0.01155854129362029
1.2182436487297459,PASSED,-0.2849335837589009,-0.018351339285506727,-0.0014859653029664324,2.7578025890114577,0.09848466250588016,0.010842915715311239
1.219243848769754,PASSED,-0.28495193578761124,-0.01835274541308475,-0.0013529024280625542,2.757901078808762,0.09849507810332965,0.010130718605595022
1.220244048809762,PASSED,-0.28497028915618045,-0.018354018869465936,-0.0012204923499332593,2.7579995786669516,0.09850478357026504,0.00942196582192799
1.22124424884977,PASSED,-0.28498864373226745,-0.018355160312935218,-0.0010887442155117606,2.758098087877597,0.09851378231997089,0.008716605628475349
1.222244448889778,PASSED,-0.2850069993841926,-0.01835617040883273,-0.0009576636855120232,2.7581966057357494,0.09852207785096412,0.00801481456973406
1.223244648929786,PASSED,-0.28502535598094425,-0.01835704982801047,-0.0008272561725580118,2.75829513153996,0.09852967371340621,0.007316561023650813
1.224244848969794,PASSED,-0.28504371339218504,-0.018357799247648732,-0.0006975286153983958,2.758393664592318,0.09853657342612109,0.00662181384237044
1.225245049009802,PASSED,-0.2850620714882579,-0.01835841935157827,-0.000568487472302778,2.7584922041984834,0.09854278058059938,0.005930714902263393
1.22624524904981,PASSED,-0.28508043014019213,-0.018358910828659886,-0.00044013682115334014,2.7585907496677207,0.0985482988227807,0.0052432603673478895
1.227245449089818,PASSED,-0.2850987892197087,-0.0183592743733609,-0.0003124832875819387,2.7586893003129247,0.09855313177442414,0.004559412494177455
1.228245649129826,PASSED,-0.2851171485992264,-0.018359510686674206,-0.00018553333045853222,2.758787855450662,0.09855728312229263,0.003879304784685717
1.229245849169834,PASSED,-0.2851355081518664,-0.018359620473421774,-5.928902563791996e-05,2.7588864144011813,0.09856075658024874,0.0032028934037056393
1.230246049209842,PASSED,-0.28515386775145796,-0.018359604443645226,6.624231134548525e-05,2.7589849764884615,0.09856355587530749,0.0025302294954415716
1.23124624924985,PASSED,-0.2851722272725431,-0.01835946331335877,0.00019105560319718275,2.759083541040226,0.09856568477488452,0.0018613462980890316
1.232246449289858,PASSED,-0.28519058659038143,-0.01835919780224523,0.00031514812043342345,2.7591821073879763,0.09856714706864139,0.001196258729392086
1.233246649329866,PASSED,-0.28520894558095483,-0.018358808634493386,0.0004385141727842082,2.7592806748670062,0.09856794655531909,0.000534971976550251
1.234246849369874,PASSED,-0.2852273041209714,-0.018358296538999532,0.0005611497078969575,2.759379242816435,0.0985680870738638,-0.00012245040984088415
1.235247049409882,PASSED,-0.2852456620878702,-0.018357662248453845,0.0006830511042174593,2.759477810579234,0.09856757249938114,-0.0007759905312118201
1.23624724944989,PASSED,-0.28526401935982526,-0.018356906499934475,0.0008042134628040965,2.7595763775022335,0.09856640668788605,-0.0014256921376876027
1.237247449489898,PASSED,-0.2852823758157488,-0.01835603003360163,0.0009246349128713234,2.7596749429361616,0.09856459354647203,-0.002071440931585201
1.238247649529906,PASSED,-0.2853007313352955,-0.01835503359332343,0.0010443105217543185,2.7597735062356485,0.09856213700398166,-0.002713276862886548
1.239247849569914,PASSED,-0.2853190857988659,-0.018353917927243252,0.0011632364524544199,2.7598720667592613,0.09855904099037924,-0.003351171428777216
1.240248049609922,PASSED,-0.2853374390876094,-0.018352683785725542,0.0012814115612130447,2.7599706238695116,0.09855530946479388,-0.003985095023069462
1.24124824964993,PASSED,-0.2853557910834278,-0.01835133192215222,0.0013988315813942068,2.7600691769328676,0.09855094639030404,-0.0046150608010260205
1.242248449689938,PASSED,-0.2853741416689779,-0.018349863093750373,0.0015154929488224536,2.7601677253197936,0.09854595577599887,-0.005240983307950503
1.243248649729946,PASSED,-0.28539249072767453,-0.018348278059554645,0.0016313950269967658,2.760266268404736,0.09854034161178603,-0.0058629514827408385
1.244248849769954,PASSED,-0.28541083814369306,-0.018346577581055578,0.0017465341471191984,2.7603648055661596,0.09853410790849255,-0.006480871167310891
1.245249049809962,PASSED,-0.28542918380197185,-0.018344762423028498,0.0018609072803891973,2.7604633361865543,0.09852725872158821,-0.0070947307290505045
1.24624924984997,PASSED,-0.2854475275882145,-0.018342833351707926,0.0019745140140251154,2.7605618596524435,0.09851979807773889,-0.007704585929497489
1.247249449889978,PASSED,-0.2854658693888921,-0.018340791135202702,0.002087351499356364,2.7606603753544032,0.0985117300256705,-0.008310362827644385
1.248249649929986,PASSED,-0.2854842090912451,-0.018338636544148888,0.0021994174234534203,2.7607588826870657,0.09850305864590467,-0.00891205772461232
1.249249849969994,PASSED,-0.28550254658328483,-0.018336370350492563,0.0023107111449076198,2.7608573810491426,0.09849378801982962,-0.009509671641991405
1.250250050010002,PASSED,-0.2855208817537956,-0.01833399332756368,0.0024212307848649334,2.760955869843414,0.09848392220534102,-0.010103243053009607
1.25125025005001,PASSED,-0.28553921449233577,-0.01833150625031355,0.0025309748936427736,2.7610543484767525,0.09847346530552407,-0.01069267099292611
1.252250450090018,PASSED,-0.28555754468923916,-0.018328909894844887,0.002639942518671425,2.761152816360132,0.09846242144367588,-0.011277989085043934
1.253250650130026,PASSED,-0.2855758722356164,-0.018326205038589487,0.0027481320798888775,2.7612512729086216,0.0984507946947676,-0.011859255457083037
1.254250850170034,PASSED,-0.2855941970233555,-0.01832339245906575,0.0028555444863054297,2.761349717541399,0.09843858916844445,-0.01243637356718939
1.255251050210042,PASSED,-0.28561251894512296,-0.01832047293541451,0.0029621764278649405,2.761448149681756,0.09842580900688584,-0.013009353552907032
1.25625125025005,PASSED,-0.28563083789436433,-0.018317447247178736,0.003068029441052561,2.761546568757104,0.09841245831367981,-0.013578252974764954
1.257251450290058,PASSED,-0.2856491537653049,-0.01831431617403297,0.003173102282239761,2.7616449741989757,0.0983985412056753,-0.014143011357663536
1.258251650330066,PASSED,-0.2856674664529499,-0.018311080495976503,0.0032773952392870782,2.7617433654430195,0.0983840618123777,-0.014703647924227549
1.259251850370074,PASSED,-0.28568577585308463,-0.01830774099347946,0.0033809073355460357,2.761841741929017,0.09836902426491664,-0.015260147152277252
1.260252050410082,PASSED,-0.2857040818622748,-0.01830429844697285,0.003483639287321954,2.761940103100868,0.09835343267930907,-0.01581254457777808
1.26125225045009,PASSED,-0.28572238437786635,-0.01830075363636378,0.0035855914902338296,2.7620384484066065,0.09833729118764643,-0.01636078971919644
1.262252450490098,PASSED,-0.28574068329798513,-0.01829710734157756,0.0036867636502060284,2.762136777298389,0.0983206039228844,-0.016904914790599405
1.263252650530106,PASSED,-0.28575897852153664,-0.018293360342066647,0.0037871567513831626,2.7622350892324943,0.09830337499278224,-0.017444940309869542
1.264252850570114,PASSED,-0.2857772699482057,-0.018289513416846218,0.003886770866459347,2.7623333836693216,0.09828560851909572,-0.017980829270948368
1.265253050610122,PASSED,-0.28579555747845514,-0.01828556734365063,0.003985608081670267,2.762431660073399,0.09826730864339131,-0.018512573326725873
1.26625325065013,PASSED,-0.2858138410135262,-0.01828152290043829,0.004083666632789864,2.7625299179133567,0.09824847944949656,-0.019040274273425233
1.267253450690138,PASSED,-0.28583212045543643,-0.01827738086329223,0.004180950821582285,2.7626281566619473,0.09822912505575679,-0.019563806717345825
1.268253650730146,PASSED,-0.28585039570697934,-0.018273142006906277,0.004277460095528401,2.762726375796027,0.09820924958786682,-0.020083242005058576
1.269253850770154,PASSED,-0.2858686666717231,-0.018268807106164495,0.004373194505952542,2.762824574796549,0.0981888571109999,-0.020598633441535747
1.270254050810162,PASSED,-0.28588693325400927,-0.01826437693362655,0.004468157892609153,2.7629227531485645,0.09816795172622111,-0.02110988567028057
1.27125425085017,PASSED,-0.285905195358951,-0.0182598522594614,0.004562351680174303,2.7630209103412087,0.09814653753394546,-0.021617063345916353
1.272254450890178,PASSED,-0.285923452892432,-0.018255233854147828,0.004655774402504837,2.763119045867701,0.09812461859225906,-0.022120193913403734
1.273254650930186,PASSED,-0.2859417057611046,-0.018250522485681535,0.004748431175483836,2.763217159225329,0.09810219896853804,-0.022619243592759932
1.274254850970194,PASSED,-0.28595995387238815,-0.01824571891924295,0.00484032328065062,2.763315249915443,0.0980792827327822,-0.0231142305312271
1.275255051010202,PASSED,-0.2859781971344665,-0.01824082391881809,0.004931451854333795,2.763413317443444,0.09805587391858873,-0.02360520330163927
1.27625525105021,PASSED,-0.2859964354562869,-0.018235838247075985,0.005021818333953918,2.7635113613187747,0.0980319765615079,-0.024092126266968997
1.277255451090218,PASSED,-0.286014668747557,-0.018230762663074537,0.005111427779780683,2.7636093810549105,0.09800759470246657,-0.024575014224235938
1.278255651130226,PASSED,-0.2860328969187429,-0.018225597923559926,0.005200280671168067,2.7637073761693465,0.0979827323450209,-0.025053919593296645
1.279255851170234,PASSED,-0.2860511198810671,-0.018220344784655583,0.005288377726460319,2.7638053461835836,0.097957393484311,-0.02552882145429873
1.280256051210242,PASSED,-0.2860693375465052,-0.018215003998058463,0.005375725844227976,2.763903290623118,0.09793158212009388,-0.025999726059001485
1.2812562512502501,PASSED,-0.2860875498277844,-0.018209576313021787,0.005462324498307596,2.7640012090174193,0.09790530221170654,-0.02646669660622975
1.2822564512902581,PASSED,-0.2861057566383795,-0.018204062476928944,0.005548177155866872,2.764099100899935,0.09787855772961318,-0.026929672418106874
1.2832566513302661,PASSED,-0.2861239578925112,-0.01819846323402511,0.005633286735810515,2.7641969658080576,0.09785135262282794,-0.027388729696661587
1.2842568513702741,PASSED,-0.28614215350514266,-0.018192779324941077,0.005717657316182791,2.764294803283119,0.0978236908056106,-0.027843875564477826
1.2852570514102821,PASSED,-0.2861603433919764,-0.0181870114873329,0.005801291136171984,2.764392612870371,0.09779557619789211,-0.028295095821139794
1.2862572514502901,PASSED,-0.28617852746945127,-0.018181160456746785,0.005884190219409717,2.7644903941189725,0.09776701270689776,-0.02874242110982136
1.2872574514902981,PASSED,-0.2861967056547395,-0.01817522696450557,0.005966360255757431,2.7645881465819673,0.09773800419611013,-0.029185903906171623
1.2882576515303061,PASSED,-0.286214877865743,-0.01816921173836548,0.006047803396307046,2.7646858698162706,0.0977085545295007,-0.02962550841160887
1.2892578515703141,PASSED,-0.28623304402109,-0.01816311550319611,0.0061285230180787836,2.7647835633826596,0.09767866757582973,-0.030061250510551127
1.2902580516103221,PASSED,-0.28625120404013193,-0.01815693898050262,0.006208522477094504,2.764881226845731,0.09764834712639867,-0.030493248711394392
1.2912582516503301,PASSED,-0.28626935784293916,-0.01815068288732961,0.006287806970286455,2.76497885977391,0.09761759699828158,-0.030921381054213264
1.2922584516903382,PASSED,-0.2862875053502981,-0.018144347937599274,0.006366378237033338,2.7650764617394117,0.09758642099931954,-0.03134574423391082
1.2932586517303462,PASSED,-0.2863056464837067,-0.018137934841383072,0.006444241535643606,2.7651740323182334,0.0975548228746074,-0.0317663783642774
1.2942588517703542,PASSED,-0.286323781165371,-0.018131444304695484,0.0065214001222211986,2.765271571090128,0.09752280637331069,-0.03218324991834246
1.2952590518103622,PASSED,-0.286341909318201,-0.01812487702933526,0.006597858852227975,2.7653690776385815,0.09749037523065417,-0.03259640448196163
1.2962592518503702,PASSED,-0.2863600308658069,-0.018118233713539482,0.0066736204248167424,2.7654665515507952,0.09745753313947013,-0.033005882318772564
1.2972594518903782,PASSED,-0.28637814573249476,-0.018111515051355415,0.006748690023573597,2.7655639924176683,0.09742428379036457,-0.03341166029675035
1.2982596519303862,PASSED,-0.28639625384326234,-0.01810472173206836,0.006823072129374785,2.7656613998337742,0.09739063085640605,-0.03381378306633608
1.2992598519703942,PASSED,-0.2864143551237948,-0.01809785444098237,0.00689677039040722,2.765758773397323,0.09735657794392014,-0.034212332098974486
1.3002600520104022,PASSED,-0.2864324495004608,-0.018090913859778412,0.006969788412988804,2.7658561127101655,0.09732212868953159,-0.03460720258158636
1.3012602520504102,PASSED,-0.28645053690030736,-0.018083900664104265,0.007042133848258002,2.7659534173777445,0.09728728669065327,-0.03499852974279967
1.3022604520904182,PASSED,-0.286468617251056,-0.01807681552626857,0.007113807160652675,2.7660506870090926,0.09725205549860885,-0.03538630024551058
1.3032606521304262,PASSED,-0.28648669048109804,-0.018069659114321485,0.007184815138040446,2.766147921216792,0.09721643866517814,-0.035770522220834794
1.3042608521704342,PASSED,-0.2865047565194896,-0.018062432090186605,0.007255163466107146,2.766245119616962,0.09718043972017888,-0.0361512268515335
1.3052610522104422,PASSED,-0.2865228152959477,-0.01805513511260106,0.007324853665172803,2.766342281829219,0.09714406213281328,-0.036528494374983206
1.3062612522504502,PASSED,-0.28654086674084495,-0.01804776883504051,0.007393893490798791,2.7664394074766783,0.09710730940083666,-0.03690222371105331
1.3072614522904582,PASSED,-0.2865589107852047,-0.018040333905247584,0.0074622873276860595,2.766536496185896,0.09707018495958843,-0.03727258627302928
1.3082616523304662,PASSED,-0.2865769473606966,-0.01803283096752877,0.007530037979568228,2.7666335475868693,0.09703269220975001,-0.03763952554867731
1.309261852370474,PASSED,-0.2865949763996314,-0.018025260660680255,0.007597152761147124,2.766730561312996,0.09699483456707307,-0.038003054095768006
1.310262052410482,PASSED,-0.28661299783495603,-0.018017623617695138,0.007663636467766094,2.766827537001054,0.09695661539095564,-0.03836325746520359
1.31126225245049,PASSED,-0.28663101160024873,-0.018009920468067674,0.007729491733925759,2.766924474291178,0.09691803801454531,-0.03872012237373221
1.312262452490498,PASSED,-0.2866490176297136,-0.018002151835046287,0.007794727213030964,2.7670213728268234,0.09687910575621968,-0.03907368229356387
1.313262652530506,PASSED,-0.28666701585817594,-0.017994318336499636,0.007859346102394344,2.767118232254746,0.0968398218994267,-0.03942397312589968
1.314262852570514,PASSED,-0.2866850062210768,-0.0179864205866066,0.00792335242013259,2.767215052224975,0.09680018970220962,-0.03977101327788588
1.315263052610522,PASSED,-0.28670298865446775,-0.017978459192795237,0.007986754738843783,2.767311832390786,0.09676021240056241,-0.040114827226743054
1.31626325265053,PASSED,-0.2867209630950058,-0.017970434757481234,0.00804955569744221,2.7674085724086592,0.09671989318083098,-0.0404554814012113
1.317263452690538,PASSED,-0.2867389294799479,-0.017962347878801237,0.008111760668368537,2.7675052719382776,0.09667923523168434,-0.0407929276435743
1.318263652730546,PASSED,-0.28675688774714564,-0.017954199148141246,0.008173377321066473,2.7676019306424715,0.09663824169673572,-0.04112727315196519
1.319263852770554,PASSED,-0.28677483783504004,-0.017945989152067156,0.008234408576109848,2.767698548187212,0.09659691568577242,-0.04145850283752972
1.320264052810562,PASSED,-0.2867927796826559,-0.017937718472263192,0.00829486062252854,2.767795124241567,0.09655526029438807,-0.04178665041555036
1.32126425285057,PASSED,-0.2868107132295963,-0.017929387683881127,0.008354740221753792,2.7678916584776774,0.09651327857562128,-0.04211176433430352
1.322264452890578,PASSED,-0.28682863841603734,-0.017920997357047486,0.008414051241567758,2.767988150570734,0.09647097356298608,-0.04243384483580673
1.323264652930586,PASSED,-0.28684655518272245,-0.0179125480567117,0.008472799731928679,2.768084600198938,0.09642834826007336,-0.04275294163062845
1.324264852970594,PASSED,-0.28686446347095695,-0.01790404034164122,0.00853099196285228,2.7681810070434767,0.09638540562810251,-0.04306909219766691
1.325265053010602,PASSED,-0.2868823632226023,-0.017895474765293684,0.008588632603992256,2.7682773707884927,0.09634214861186553,-0.04338229892983728
1.32626525305061,PASSED,-0.28690025438007033,-0.017886851875386012,0.00864572811012195,2.7683736911210604,0.09629858013535057,-0.04369259490504915
1.327265453090618,PASSED,-0.2869181368863182,-0.017878172214149557,0.008702283320677958,2.768469967731143,0.09625470305973047,-0.044000062763479134
1.328265653130626,PASSED,-0.28693601068484215,-0.017869436318099327,0.0087583045366,2.7685662003115716,0.096210520239899,-0.044304657876803925
1.329265853170634,PASSED,-0.28695387571967196,-0.017860644717596345,0.00881379781390553,2.768662388558019,0.09616603451839294,-0.04460643059224353
1.330266053210642,PASSED,-0.28697173193536524,-0.017851797937836773,0.00886876772335518,2.768758532168951,0.09612124865311077,-0.04490548840878691
1.33126625325065,PASSED,-0.2869895792770019,-0.017842896498373426,0.008923220623344079,2.768854630845624,0.096076165421245,-0.04520172750375471
1.332266453290658,PASSED,-0.2870074176901781,-0.01783394091227692,0.008977163078614288,2.7689506842920255,0.09603078756143477,-0.04549528134789524
1.333266653330666,PASSED,-0.28702524712100075,-0.017824931687468078,0.00903059929566241,2.7690466922148707,0.09598511775760017,-0.045786152159051914
1.334266853370674,PASSED,-0.2870430675160813,-0.017815869325745245,0.009083536674275007,2.7691426543235407,0.09593915866925974,-0.046074379128041625
1.335267053410682,PASSED,-0.2870608788225303,-0.017806754323175696,0.009135979833058784,2.7692385703300837,0.09589291295542254,-0.04635993697663442
1.33626725345069,PASSED,-0.28707868098795175,-0.01779758717046328,0.009187934631987013,2.769334439949164,0.09584638322045652,-0.04664293362564281
1.337267453490698,PASSED,-0.28709647396043664,-0.01778836835152602,0.009239408474105808,2.7694302628980307,0.09579957200861987,-0.046923397310659934
1.338267653530706,PASSED,-0.28711425768855775,-0.017779098345086997,0.009290405082302364,2.769526038896502,0.09575248189517321,-0.04720125753731725
1.339267853570714,PASSED,-0.2871320321213635,-0.017769777624277165,0.00934093129484707,2.7696217676669166,0.09570511539287238,-0.04747666547651123
1.340268053610722,PASSED,-0.2871497972083722,-0.01776040665580891,0.009390993250530074,2.769717448934117,0.0956574749619064,-0.047749607958987764
1.34126825365073,PASSED,-0.28716755289956614,-0.01775098590071713,0.009440596319280523,2.769813082425408,0.09560956306768145,-0.04802008506888798
1.342268453690738,PASSED,-0.28718529914538554,-0.017741515813915403,0.009489747123357725,2.769908667870528,0.09556138213088765,-0.04828817127708653
1.343268653730746,PASSED,-0.2872030358967233,-0.017731996845451393,0.00953844935777983,2.7700042050016225,0.095512934530059,-0.04855388719635296
1.3442688537707541,PASSED,-0.2872207631049184,-0.01772242943850491,0.009586712005616919,2.7700996935532096,0.09546422263140407,-0.048817239627340935
1.3452690538107621,PASSED,-0.28723848072175057,-0.017712814030435918,0.009634538777907993,2.7701951332621433,0.09541524875347232,-0.0490783034680272
1.3462692538507701,PASSED,-0.28725618869943426,-0.017703151053355737,0.00968193594836135,2.770290523867597,0.09536601519820419,-0.04933705646819058
1.3472694538907781,PASSED,-0.2872738869906126,-0.017693440933076482,0.009728909833185966,2.770385865111011,0.09531652422014607,-0.04959359245143275
1.3482696539307861,PASSED,-0.28729157554835194,-0.017683684089605904,0.009775465895509374,2.770481156736086,0.09526677805801428,-0.04984787525200858
1.3492698539707941,PASSED,-0.2873092543261356,-0.017673880937250076,0.009821609996043007,2.7705763984887324,0.09521677891757215,-0.05009998390222335
1.3502700540108021,PASSED,-0.2873269232778584,-0.01766403188463977,0.009867347686476527,2.770671590117045,0.09516652895218806,-0.05034995303865969
1.3512702540508101,PASSED,-0.2873445823578205,-0.017654137334017748,0.009912685912389908,2.7707667313712774,0.09511603031287387,-0.050597763497899705
1.3522704540908181,PASSED,-0.2873622315207219,-0.017644197682099745,0.009957629255073801,2.770861822003806,0.09506528511669096,-0.05084348463958783
1.3532706541308261,PASSED,-0.2873798707216563,-0.01763421332043326,0.010002183274089376,2.7709568617690987,0.09501429542386797,-0.051087164945273975
1.3542708541708341,PASSED,-0.28739749991610575,-0.01762418463367958,0.01004635574007621,2.771051850423681,0.09496306327657093,-0.05132880219822284
1.3552710542108422,PASSED,-0.2874151190599343,-0.017614112001225125,0.010090150264038356,2.7711467877261233,0.09491159072317068,-0.05156838753494386
1.3562712542508502,PASSED,-0.2874327281093826,-0.017603995797159527,0.010133573266643516,2.7712416734369745,0.09485987970929587,-0.05180609810140665
1.3572714542908582,PASSED,-0.2874503270210623,-0.017593836389139906,0.01017663118827726,2.771336507318773,0.0948079322019792,-0.052041780126843865
1.3582716543308662,PASSED,-0.2874679157519499,-0.01758363413904207,0.010219329370872084,2.7714312891359842,0.09475575014746487,-0.05227557077265188
1.3592718543708742,PASSED,-0.2874854942593812,-0.017573389403837257,0.010261672427442343,2.771526018654989,0.09470333541055186,-0.05250751433992324
1.3602720544108822,PASSED,-0.28750306250104585,-0.01756310253443989,0.01030366737731959,2.7716206956440366,0.09465068985041107,-0.0527375906746866
1.3612722544508902,PASSED,-0.28752062043498117,-0.01755277387512615,0.010345320604684207,2.771715319873239,0.09459781533653518,-0.05296579601001959
1.3622724544908982,PASSED,-0.28753816801956705,-0.01754240376607198,0.010386634687162638,2.7718098911145077,0.09454471363525603,-0.05319230479188952
1.3632726545309062,PASSED,-0.28755570521352003,-0.01753199254144117,0.01042761792657437,2.771904409141556,0.0944913865209984,-0.05341698723482594
1.3642728545709142,PASSED,-0.2875732319758875,-0.017521540528470974,0.010468276332609376,2.771998873729848,0.09443783576635689,-0.053639932912624325
1.3652730546109222,PASSED,-0.28759074826604264,-0.01751104805063002,0.010508612179857728,2.7720932846565787,0.09438406305901782,-0.053861223623355985
1.3662732546509302,PASSED,-0.2876082540436782,-0.01750051542506789,0.01054863448364988,2.7721876417006373,0.09433007007670338,-0.05408082144184113
1.3672734546909382,PASSED,-0.28762574926880163,-0.01748994296291569,0.01058834726456181,2.7722819446425833,0.09427585849169344,-0.05429876072199976
1.3682736547309462,PASSED,-0.2876432339017292,-0.017479330970922042,0.010627755146367506,2.7723761932646163,0.09422142992402774,-0.054515105628188995
1.3692738547709542,PASSED,-0.2876607079030805,-0.01746867974948663,0.010666865628110311,2.772470387350544,0.09416678595846692,-0.05472987218257828
1.3702740548109622,PASSED,-0.2876781712337732,-0.017457989593428803,0.01070568301096708,2.7725645266857577,0.09411192817251265,-0.05494306180206627
1.3712742548509702,PASSED,-0.2876956238550174,-0.017447260793328142,0.01074421149378887,2.7726586110571945,0.09405685809718307,-0.05515475101459569
1.3722744548909782,PASSED,-0.28771306572831057,-0.017436493633557922,0.01078245862117668,2.7727526402533234,0.09400157724537546,-0.055364919002969935
1.3732746549309862,PASSED,-0.2877304968154318,-0.017425688392790947,0.010820428864175495,2.7728466140640977,0.09394608709179064,-0.05557364330603288
1.3742748549709942,PASSED,-0.2877479170784367,-0.017414845345163736,0.010858126802567224,2.772940532280943,0.09389038908862547,-0.055780909737924766
1.3752750550110022,PASSED,-0.2877653264796523,-0.017403964759430582,0.01089555835354699,2.7730343946967224,0.09383448466939294,-0.05598675889560996
1.3762752550510102,PASSED,-0.2877827249816714,-0.0173930468988069,0.010932728803775693,2.7731282011057083,0.0937783752208802,-0.0561912415908349
1.3772754550910182,PASSED,-0.2878001125473476,-0.01738209202120553,0.010969643466435353,2.77322195130355,0.09372206210331548,-0.05639436821398294
1.3782756551310262,PASSED,-0.2878174891397901,-0.017371100379811023,0.011006306679885577,2.773315645087258,0.09366554667514825,-0.056596134802752475
1.3792758551710342,PASSED,-0.2878348547223586,-0.01736007222268847,0.011042724084335343,2.7734092822551646,0.09360883023994816,-0.05679663546494922
1.3802760552110422,PASSED,-0.287852209258658,-0.017349007792414595,0.011078901066898501,2.773502862606906,0.09355191407992555,-0.0569958430610716
1.3812762552510502,PASSED,-0.2878695527125336,-0.017337907326705482,0.011114842137257787,2.773596385943384,0.09349479945821412,-0.05719380747831144
1.3822764552910582,PASSED,-0.2878868850480659,-0.017326771058492403,0.011150552263630936,2.7736898520667457,0.09343748759945507,-0.05739055961287681
1.3832766553310663,PASSED,-0.2879042062295657,-0.017315599215402145,0.011186036974679712,2.7737832607803687,0.0933799797275357,-0.0575860801236747
1.3842768553710743,PASSED,-0.287921516221569,-0.01730439202014984,0.011221300770723138,2.773876611888809,0.0933222770063133,-0.05778048195488084
1.3852770554110823,PASSED,-0.28793881498883234,-0.017293149691289273,0.01125634758712803,2.773969905197794,0.09326438057940926,-0.05797372353682134
1.3862772554510903,PASSED,-0.28795610249632786,-0.017281872441391156,0.01129118477210817,2.7740631405141944,0.09320629160031187,-0.05816581613779427
1.3872774554910983,PASSED,-0.2879733787092385,-0.017270560478895546,0.01132581431128396,2.774156317645983,0.09314801114501305,-0.05835688140617603
1.3882776555311063,PASSED,-0.28799064359295296,-0.01725921400774819,0.01136024237140868,2.774249436402239,0.09308954030375274,-0.058546814496395906
1.3892778555711143,PASSED,-0.28800789711306135,-0.017247833226503397,0.011394473827047101,2.774342496593093,0.09303088013424651,-0.058735739512788813
1.3902780556111223,PASSED,-0.28802513923535034,-0.017236418329462003,0.011428512517623841,2.7744354980297126,0.09297203163187277,-0.058923677614371915
1.3912782556511303,PASSED,-0.28804236992579857,-0.017224969506390457,0.011462363440826425,2.7745284405242843,0.09291299582284453,-0.05911056330417758
1.3922784556911383,PASSED,-0.288059589150572,-0.017213486942303034,0.011496031185155669,2.774621323889984,0.09285377369475988,-0.059296504604962524
1.3932786557311463,PASSED,-0.2880767968760193,-0.01720197081759116,0.01152952039635233,2.7747141479409465,0.09279436616443296,-0.05948154747490195
1.3942788557711543,PASSED,-0.2880939930686676,-0.017190421308471888,0.011562834934547062,2.774806912492252,0.0927347741791593,-0.05966561047280597
1.3952790558111623,PASSED,-0.2881111776952179,-0.01717883858667102,0.01159597971174992,2.7748996173598957,0.09267499866090304,-0.059848790111897
1.3962792558511703,PASSED,-0.2881283507225404,-0.017167222819137195,0.011628959415202922,2.7749922623607635,0.09261504045739703,-0.06003114576874423
1.3972794558911783,PASSED,-0.28814551211767064,-0.01715557416901516,0.011661777259921863,2.775084847312612,0.09255490043863768,-0.06021260075308655
1.3982796559311863,PASSED,-0.2881626618478049,-0.017143892795084343,0.01169443837807806,2.775177372034047,0.09249457946036013,-0.060393229960522286
1.3992798559711943,PASSED,-0.28817979988029613,-0.01713217885166435,0.01172694678126542,2.7752698363444948,0.09243407830874405,-0.060573099386467405
1.4002800560112023,PASSED,-0.28819692618264936,-0.017120432488622942,0.011759307214836761,2.775362240064184,0.09237339777570899,-0.06075215546743966
1.4012802560512103,PASSED,-0.28821404072251794,-0.01710865385258491,0.011791521920160997,2.7754545830141213,0.09231253864724587,-0.06093044379356671
1.4022804560912183,PASSED,-0.2882311434676994,-0.017096843085768126,0.01182359674786549,2.775546865016072,0.09225150165680875,-0.061108021532832915
1.4032806561312263,PASSED,-0.2882482343861312,-0.017085000325385954,0.01185553613838023,2.775639085892537,0.09219028752702688,-0.06128486861455518
1.4042808561712343,PASSED,-0.28826531344588674,-0.017073125705846397,0.01188734180701256,2.7757312454667264,0.09212889696399647,-0.06146102597432266
1.4052810562112423,PASSED,-0.2882823806151717,-0.017061219357837044,0.011919018810910991,2.775823343562549,0.092067330653225,-0.06163650063621894
1.4062812562512503,PASSED,-0.2882994358623198,-0.01704928140693154,0.011950572301901354,2.775915380004578,0.09200558924738812,-0.06181134263734195
1.4072814562912583,PASSED,-0.2883164791557893,-0.017037311975490105,0.011982004201126856,2.7760073546180437,0.09194367339299447,-0.061985528897862824
1.4082816563312663,PASSED,-0.2883335104641587,-0.01702531118272016,0.012013318482487417,2.7760992672288083,0.09188158371914958,-0.0621591038095881
1.4092818563712743,PASSED,-0.2883505297561236,-0.017013279143363525,0.012044519939402037,2.7761911176633363,0.09181932080501015,-0.0623321210259832
1.4102820564112823,PASSED,-0.2883675370004925,-0.01700121596825587,0.012075611886489928,2.7762829057486895,0.09175688524404738,-0.06250452092064904
1.4112822564512904,PASSED,-0.2883845321661836,-0.016989121765642896,0.012106596430633878,2.7763746313125006,0.09169427760859693,-0.06267637847032959
1.4122824564912984,PASSED,-0.28840151522222085,-0.016976996639814695,0.01213747875991055,2.7764662941829505,0.0916314984185891,-0.06284773103283416
1.4132826565313064,PASSED,-0.28841848613773063,-0.016964840690441022,0.012168263116185117,2.7765578941887616,0.09156854821524336,-0.06301851822098987
1.4142828565713144,PASSED,-0.28843544488193845,-0.016952654015767937,0.012198949044353518,2.77664943115916,0.09150542749835561,-0.06318884933225324
1.4152830566113224,PASSED,-0.28845239142416496,-0.016940436709378944,0.012229544618748147,2.7767409049238716,0.09144213674265507,-0.06335869327940083
1.4162832566513304,PASSED,-0.28846932573382333,-0.016928188861159165,0.012260050620470603,2.7768323153131056,0.09137867644185318,-0.06352803915021007
1.4172834566913384,PASSED,-0.2884862477804152,-0.016915910558621204,0.012290470482952932,2.776923662157531,0.09131504704091933,-0.06369697545627093
1.4182836567313464,PASSED,-0.2885031575335281,-0.016903601886240627,0.012320806978995954,2.7770149452882524,0.09125124895020074,-0.06386550089344464
1.4192838567713544,PASSED,-0.2885200549628319,-0.0168912629243112,0.012351065229715344,2.777106164536804,0.09118728260674111,-0.06403357183707532
1.4202840568113624,PASSED,-0.28853694003807556,-0.016878893750199367,0.01238124669991316,2.7771973197351336,0.09112314842691377,-0.06420125182083838
1.4212842568513704,PASSED,-0.2885538127290844,-0.0168664944394481,0.012411353452171595,2.7772884107155766,0.09105884676639255,-0.06436859965482075
1.4222844568913784,PASSED,-0.2885706730057568,-0.016854065063131727,0.012441391559168345,2.7773794373108407,0.09099437798897023,-0.06453556260062761
1.4232846569313862,PASSED,-0.2885875208380612,-0.016841605689551592,0.012471361594113302,2.7774703993540037,0.09092974248418685,-0.06470213290521364
1.4242848569713942,PASSED,-0.28860435619603353,-0.016829116385485697,0.012501265713746048,2.7775612966784773,0.09086494055850597,-0.06486845419799128
1.4252850570114022,PASSED,-0.28862117904977386,-0.016816597213179664,0.012531110034225669,2.7776521291180116,0.09079997253108912,-0.0650344095627216
1.4262852570514102,PASSED,-0.2886379893694439,-0.016804048232604653,0.01256089426887176,2.7777428965066653,0.09073483873390088,-0.06520005560525516
1.4272854570914182,PASSED,-0.2886547871252642,-0.016791469502076817,0.012590621367141699,2.7778335986787965,0.09066953943682869,-0.06536545805012178
1.4282856571314262,PASSED,-0.2886715722875114,-0.016778861075738356,0.01262029631933945,2.7779242354690474,0.09060407491288254,-0.0655305678768221
1.4292858571714342,PASSED,-0.2886883448265157,-0.016766223005481484,0.01264991954855679,2.7780148067123336,0.09053844544937825,-0.06569539392259956
1.4302860572114422,PASSED,-0.28870510471265803,-0.016753555341748112,0.012679493189910906,2.7781053122438215,0.09047265127540081,-0.06586002734733074
1.4312862572514502,PASSED,-0.28872185191636784,-0.016740858131312614,0.012709021932555254,2.7781957518989286,0.0904066926322024,-0.06602438709916048
1.4322864572914582,PASSED,-0.2887385864081204,-0.01672813141820108,0.012738507230856072,2.7782861255132962,0.09034056975371546,-0.0661885394121159
1.4332866573314662,PASSED,-0.28875530815843437,-0.016715375245493828,0.012767949691522588,2.778376432922779,0.09027428282770221,-0.06635251708065855
1.4342868573714742,PASSED,-0.2887720171378696,-0.01670258965292455,0.012797354487782608,2.7784666739634494,0.0902078320767052,-0.06651624027457656
1.4352870574114822,PASSED,-0.28878871331702466,-0.01668977467772721,0.012826722337053256,2.778556848471554,0.09014121767226016,-0.0666798472253504
1.4362872574514902,PASSED,-0.28880539666653476,-0.016676930355744825,0.012856055079273511,2.7786469562835325,0.09007443978272409,-0.06684325107655908
1.4372874574914982,PASSED,-0.2888220671570693,-0.016664056720082036,0.012885356051807061,2.7787369972359803,0.09000749857932044,-0.0670065049550449
1.4382876575315062,PASSED,-0.2888387247593299,-0.016651153801599837,0.012914626769126206,2.7788269711656572,0.08994039421047971,-0.06716961143119193
1.4392878575715142,PASSED,-0.28885536944404844,-0.016638221629900234,0.012943868319916084,2.778916877909465,0.08987312681447558,-0.06733258571940115
1.4402880576115222,PASSED,-0.2888720011819846,-0.016625260231778786,0.01297308465580342,2.7790067173044424,0.08980569652402483,-0.06749542693832021
1.4412882576515302,PASSED,-0.28888861994392434,-0.01661226963211761,0.013002276331426841,2.779096489187744,0.08973810344469792,-0.06765818091930347
1.4422884576915382,PASSED,-0.2889052257006777,-0.016599249854289854,0.013031445491981883,2.7791861933966446,0.08967034769316792,-0.06782079860377083
1.4432886577315462,PASSED,-0.28892181842307696,-0.016586200919586604,0.013060594177429769,2.7792758297685154,0.08960242936924744,-0.06798334079830685
1.4442888577715542,PASSED,-0.2889383980819749,-0.016573122847860014,0.013089723426028505,2.7793653981408246,0.08953434855355527,-0.06814579895472712
1.4452890578115622,PASSED,-0.2889549646482431,-0.01656001565668317,0.013118836344057893,2.779454898351125,0.08946610533322343,-0.06830816791659741
1.4462892578515703,PASSED,-0.2889715180927699,-0.01654687936182238,0.013147933871942276,2.779544330237036,0.08939769976706251,-0.06847049832378407
1.4472894578915783,PASSED,-0.28898805838645913,-0.016533713978605025,0.01317701611429921,2.779633693636252,0.0893291319245991,-0.06863273855648529
1.4482896579315863,PASSED,-0.28900458550022834,-0.016520519519526496,0.013206087721342739,2.7797229883865184,0.0892604018616477,-0.06879494588133414
1.4492898579715943,PASSED,-0.28902109940500714,-0.016507295995507036,0.013235148218206828,2.7798122143256276,0.08919150960482988,-0.068957130775471
1.4502900580116023,PASSED,-0.289037600071736,-0.01649404341733598,0.013264198139620927,2.7799013712914196,0.08912245521044064,-0.06911923679840963
1.4512902580516103,PASSED,-0.2890540874713643,-0.016480761793132858,0.013293241578793948,2.779990459121757,0.08905323869928504,-0.06928136072708739
1.4522904580916183,PASSED,-0.2890705615748496,-0.01646745112992158,0.013322277632929494,2.7800794776545357,0.08898386008622254,-0.0694434479527677
1.4532906581316263,PASSED,-0.2890870223531558,-0.016454111433721205,0.013351308578674495,2.7801684267276623,0.08891431939228556,-0.06960552459311771
1.4542908581716343,PASSED,-0.28910346977725176,-0.01644074270881395,0.013380335792971595,2.7802573061790565,0.08884461662218886,-0.06976760043243944
1.4552910582116423,PASSED,-0.2891199038181106,-0.01642734495875965,0.013409359561849554,2.7803461158466463,0.08877475178122149,-0.06992966799067048
1.4562912582516503,PASSED,-0.2891363244467082,-0.016413918185991003,0.013438381573182667,2.7804348555683545,0.08870472486224747,-0.07009175296291312
1.4572914582916583,PASSED,-0.2891527316340219,-0.01640046239093996,0.013467404036288046,2.780523525182093,0.08863453584632952,-0.07025385788797729
1.4582916583316663,PASSED,-0.28916912535102957,-0.01638697757381541,0.013496425850054438,2.7806121245257622,0.08856418472433901,-0.07041596472553949
1.4592918583716743,PASSED,-0.2891855055687086,-0.01637346373391018,0.013525449275345604,2.7807006534372376,0.08849367146819011,-0.0705781170977956
1.4602920584116823,PASSED,-0.289201872258035,-0.01635992086920811,0.013554474986557296,2.7807891117543795,0.08842299605770407,-0.070740272744863
1.4612922584516903,PASSED,-0.2892182253899821,-0.016346348976077424,0.013583505226766096,2.7808774993150083,0.08835215845494304,-0.07090248943844267
1.4622924584916983,PASSED,-0.28923456493552024,-0.016332748051772133,0.013612537024310206,2.7809658159569115,0.08828115861365628,-0.07106474251897868
1.4632926585317063,PASSED,-0.28925089086561523,-0.016319118091210148,0.013641576253776396,2.781054061517841,0.08820999651012927,-0.07122701086568957
1.4642928585717143,PASSED,-0.2892672031512281,-0.01630545908855018,0.013670620264096798,2.7811422358355027,0.08813867209312412,-0.07138935443145684
1.4652930586117223,PASSED,-0.28928350176331413,-0.01629177103860069,0.01369966973975351,2.7812303387475508,0.08806718529545322,-0.07155175983052076
1.4662932586517303,PASSED,-0.28929978667282213,-0.01627805393424661,0.013728727430293424,2.781318370091593,0.08799553608447158,-0.07171417841571846
1.4672934586917383,PASSED,-0.289316057850694,-0.01626430776779239,0.01375779247017554,2.781406329705176,0.08792372439690803,-0.07187669366210118
1.4682936587317463,PASSED,-0.2893323152678637,-0.016250532531607565,0.013786865327926062,2.7814942174257977,0.08785175017014663,-0.07203924882759773
1.4692938587717543,PASSED,-0.28934855889525724,-0.016236728217208545,0.013815947113085576,2.7815820330908827,0.0877796133399335,-0.07220188447011412
1.4702940588117623,PASSED,-0.28936478870379156,-0.01622289481524615,0.013845038528598462,2.7816697765378,0.08770731384515895,-0.0723645683108604
1.4712942588517703,PASSED,-0.2893810046643748,-0.016209032316704695,0.013874138550027008,2.7817574476038476,0.08763485161808685,-0.07252733291292791
1.4722944588917783,PASSED,-0.289397206747905,-0.016195140711501792,0.013903249638153118,2.7818450461262554,0.08756222658027976,-0.07269017440319907
1.4732946589317863,PASSED,-0.2894133949252704,-0.01618121998923384,0.01393237068782002,2.7819325719421872,0.08748943867527602,-0.07285305873742648
1.4742948589717944,PASSED,-0.289429569167349,-0.01616727013990394,0.013961501757958813,2.7820200248887246,0.08741648781480578,-0.07301606162543221
1.4752950590118024,PASSED,-0.2894457294450079,-0.01615329115218307,0.013990645029478138,2.7821074048028778,0.08734337391905461,-0.07317911850168005
1.4762952590518104,PASSED,-0.28946187572910337,-0.01613928301520263,0.014019798281069126,2.78219471152159,0.08727009694069492,-0.0733422182650469
1.4772954590918184,PASSED,-0.2894780079904807,-0.016125245718228716,0.014048962769149185,2.7822819448817135,0.08719665677200461,-0.07350546897380572
1.4782956591318264,PASSED,-0.2894941261999737,-0.01611117924917744,0.014078139906028684,2.7823691047200336,0.08712305333902969,-0.07366874230901356
1.4792958591718344,PASSED,-0.28951023032840495,-0.016097083596730018,0.014107327475017754,2.782456190873256,0.08704928659089396,-0.07383208535352098
1.4802960592118424,PASSED,-0.2895263203465856,-0.016082958750158808,0.014136525968668314,2.782543203177999,0.08697535641040471,-0.07399557724641286
1.4812962592518504,PASSED,-0.28954239622531497,-0.016068804697075483,0.014165737826433118,2.7826301414708117,0.08690126273324891,-0.07415907709538588
1.4822964592918584,PASSED,-0.2895584579353812,-0.016054621426003474,0.014194959902391127,2.782717005588162,0.08682700550277822,-0.0743226660542216
1.4832966593318664,PASSED,-0.2895745054475608,-0.016040408926048355,0.014224193323604814,2.7828037953664353,0.08675258460559515,-0.07448638460229687
1.4842968593718744,PASSED,-0.28959053873261903,-0.016026167185633114,0.014253438476335324,2.7828905106419453,0.0866779999800055,-0.07465011958122815
1.4852970594118824,PASSED,-0.28960655776130956,-0.016011896193017346,0.014282695375390954,2.7829771512509183,0.08660325155358804,-0.07481396430827493
1.4862972594518904,PASSED,-0.28962256250437535,-0.015997595938111793,0.014311961258994548,2.7830637170295134,0.0865283392391523,-0.0749778811873776
1.4872974594918984,PASSED,-0.28963855293254803,-0.015983266409374603,0.014341240389320966,2.783150207813812,0.08645326297368963,-0.07514185497951334
1.4882976595319064,PASSED,-0.28965452901654876,-0.01596890759610286,0.014370528526694295,2.783236623439817,0.08637802267257762,-0.07530593186701146
1.4892978595719144,PASSED,-0.28967049072708834,-0.015954519489139295,0.014399825921478152,2.7833229637434633,0.08630261826551543,-0.07547005719231575
1.4902980596119224,PASSED,-0.2896864380348673,-0.015940102077339122,0.014429135719301036,2.7834092285606102,0.0862270496886059,-0.07563425672100876
1.4912982596519304,PASSED,-0.28970237091057643,-0.015925655350995715,0.01445845342614332,2.7834954177270492,0.08615131686706284,-0.07579853142442261
1.4922984596919384,PASSED,-0.2897182893248972,-0.015911179302228635,0.014487778994370218,2.7835815310785086,0.08607541973874289,-0.07596285958362185
1.4932986597319464,PASSED,-0.2897341932485019,-0.0158966739213079,0.014517115538310255,2.7836675684506456,0.08599935823658841,-0.07612726386837981
1.4942988597719544,PASSED,-0.2897500826520546,-0.015882139199471613,0.014546459368273638,2.783753529679057,0.08592313229926438,-0.07629171962781853
1.4952990598119624,PASSED,-0.289765957506211,-0.015867575130042475,0.014575809469713343,2.783839414599283,0.08584674187601891,-0.07645622565721674
1.4962992598519704,PASSED,-0.2897818177816194,-0.015852981705281773,0.014605168288031531,2.783925223046803,0.085770186902579,-0.076620805295058
1.4972994598919784,PASSED,-0.289797663448921,-0.015838358917867484,0.014634533498461947,2.784010954857042,0.08569346732380957,-0.07678542775232948
1.4982996599319864,PASSED,-0.2898134944787507,-0.015823706762422868,0.014663903408719562,2.784096609865378,0.0856165831023852,-0.07695008387242022
1.4992998599719944,PASSED,-0.28982931084173763,-0.015809025233428902,0.014693279384131815,2.784182187907132,0.08553953417669644,-0.07711482023299977
1.5003000600120024,PASSED,-0.2898451125085055,-0.015794314325509373,0.014722660276464338,2.784267688817599,0.08546232052460108,-0.07727954000360428
1.5013002600520104,PASSED,-0.2898608994496737,-0.015779574034617928,0.01475204463476146,2.784353112432006,0.08538494208128192,-0.07744437886287456
1.5023004600920185,PASSED,-0.2898766716358579,-0.015764804358101386,0.014781431104391752,2.784438458585573,0.08530739883322117,-0.07760916085933234
1.5033006601320265,PASSED,-0.28989242903767054,-0.015750005292334213,0.014810822209023774,2.784523727113467,0.08522969075246649,-0.07777402735158354
1.5043008601720345,PASSED,-0.2899081716257218,-0.015735176835309363,0.014840213568735609,2.7846089178508366,0.08515181778943352,-0.07793892015388545
1.5053010602120425,PASSED,-0.28992389937062035,-0.01572031898703411,0.014869604746261573,2.7846940306327985,0.08507377993603411,-0.0781038088964389
1.5063012602520505,PASSED,-0.28993961224297427,-0.01570543174631422,0.014898998035640714,2.7847790652944537,0.08499557718121516,-0.07826871876730691
1.5073014602920585,PASSED,-0.28995531021339155,-0.015690515113466093,0.014928389389781398,2.7848640216708924,0.08491720950580034,-0.0784336465131505
1.5083016603320665,PASSED,-0.28997099325248143,-0.01567556909103068,0.014957777799165187,2.7849488995971874,0.08483867689676322,-0.07859858405307577
1.5093018603720745,PASSED,-0.289986661330855,-0.015660593680600604,0.014987165517347167,2.785033698908409,0.08475997935657252,-0.07876351094911775
1.5103020604120825,PASSED,-0.29000231441912605,-0.015645588885130544,0.015016548771869247,2.7851184194396263,0.08468111688910947,-0.07892843847234157
1.5113022604520905,PASSED,-0.29001795248791246,-0.015630554710014618,0.015045926011966153,2.785203061025915,0.0846020894972214,-0.07909336083191608
1.5123024604920985,PASSED,-0.29003357550783654,-0.01561549115972802,0.015075299803021028,2.7852876235023567,0.08452289719169612,-0.07925826865418337
1.5133026605321065,PASSED,-0.29004918344952657,-0.015600398240361963,0.015104665741411802,2.785372106704053,0.08444354000012938,-0.07942314017510142
1.5143028605721145,PASSED,-0.29006477628361754,-0.015585275959895641,0.015134023616261764,2.785456510466124,0.08436401793996824,-0.07958800681848263
1.5153030606121225,PASSED,-0.29008035398075227,-0.015570124326265842,0.015163373638824763,2.7855408346237183,0.08428433103710792,-0.07975283355487629
1.5163032606521305,PASSED,-0.2900959165115826,-0.01555494334893974,0.015192713117619161,2.7856250790120143,0.08420447933476007,-0.07991761487650602
1.5173034606921385,PASSED,-0.29011146384677017,-0.015539733038564195,0.015222041880829894,2.78570924346623,0.08412446287064174,-0.08008236361289366
1.5183036607321465,PASSED,-0.29012699595698777,-0.015524493406539627,0.015251358787061749,2.78579332782163,0.08404428169192012,-0.08024705546077028
1.5193038607721545,PASSED,-0.2901425128129205,-0.015509224466038526,0.015280661643790853,2.7858773319135284,0.0839639358558657,-0.08041168978348619
1.5203040608121625,PASSED,-0.29015801438526684,-0.015493926230842914,0.015309950896826735,2.785961255577295,0.08388342541591434,-0.08057627339660017
1.5213042608521705,PASSED,-0.2901735006447396,-0.015478598715897643,0.015339224310901055,2.786045098648361,0.08380275043993302,-0.08074077770447115
1.5223044608921785,PASSED,-0.29018897156206774,-0.015463241937862634,0.015368480517747692,2.7861288609622363,0.08372191101505976,-0.08090518965246114
1.5233046609321865,PASSED,-0.2902044271079969,-0.015447855914192225,0.015397719105515807,2.786212542354498,0.0836409072042728,-0.08106955820996531
1.5243048609721945,PASSED,-0.2902198672532907,-0.015432440663448703,0.015426938502193233,2.786296142660811,0.08355973909353294,-0.08123381242645612
1.5253050610122025,PASSED,-0.2902352919687327,-0.01541699620616586,0.015456136469944018,2.786379661716927,0.08347840679034234,-0.08139796370000617
1.5263052610522105,PASSED,-0.2902507012251269,-0.015401522563541414,0.015485313394114592,2.7864630993586963,0.08339691038292919,-0.08156203655523393
1.5273054610922185,PASSED,-0.2902660949932992,-0.01538601975759695,0.01551446764469822,2.7865464554220787,0.08331524998744726,-0.08172596809975742
1.5283056611322265,PASSED,-0.2902814732440988,-0.015370487812960175,0.015543595964824825,2.786629729743133,0.08323342571019962,-0.08188981667954422
1.5293058611722345,PASSED,-0.29029683594839967,-0.015354926754980947,0.015572699322166227,2.7867129221580496,0.08315143767930136,-0.08205350704406925
1.5303060612122426,PASSED,-0.2903121830771015,-0.01533933660947771,0.015601776290620997,2.786796032503129,0.08306928601641343,-0.0822171001171722
1.5313062612522506,PASSED,-0.29032751460113126,-0.015323717404789836,0.015630823619378578,2.786879060614822,0.0829869708692811,-0.08238051180909645
1.5323064612922586,PASSED,-0.2903428304914446,-0.015308069170477785,0.015659841440496407,2.786962006329704,0.0829044923729667,-0.08254381931794434
1.5333066613322666,PASSED,-0.29035813071902705,-0.015292391936772594,0.01568882854832229,2.787044869484506,0.08282185067371216,-0.08270695254558265
1.5343068613722746,PASSED,-0.2903734152548956,-0.015276685735868177,0.015717782475147768,2.7871276499161133,0.08273904594646281,-0.08286991038517517
1.5353070614122826,PASSED,-0.29038868407009993,-0.01526095060148723,0.015746702318147936,2.7872103474615724,0.08265607834817336,-0.08303272355895572
1.5363072614522904,PASSED,-0.29040393713572404,-0.015245186568115849,0.015775587406870895,2.7872929619581,0.08257294804625423,-0.08319535415924226
1.5373074614922984,PASSED,-0.2904191744228872,-0.015229393672141538,0.015804435019271864,2.787375493243096,0.08248965524142177,-0.08335777194794686
1.5383076615323064,PASSED,-0.2904343959027461,-0.015213571951542937,0.015833244318152688,2.787457941154138,0.08240620010747991,-0.08352004193777708
1.5393078615723144,PASSED,-0.2904496015464956,-0.015197721445240816,0.015862014291435793,2.7875403055290007,0.08232258283673706,-0.08368208994624443
1.5403080616123224,PASSED,-0.29046479132537034,-0.01518184219368742,0.015890743061371733,2.787622586205665,0.08223880366241998,-0.08384389723096705
1.5413082616523304,PASSED,-0.2904799652106468,-0.015165934239579022,0.015919428139744243,2.7877047830223183,0.08215486277992508,-0.08400553933752945
1.5423084616923384,PASSED,-0.29049512317364373,-0.015149997626033727,0.015948070482327246,2.7877868958173644,0.0820707603996835,-0.084166940844288
1.5433086617323464,PASSED,-0.2905102651857247,-0.015134032397999774,0.015976666401702616,2.787868924429431,0.08198649676839267,-0.08432809158851405
1.5443088617723544,PASSED,-0.29052539121829873,-0.01511803860252387,0.016005214858701818,2.787950868697385,0.08190207212730155,-0.08448900742621698
1.5453090618123624,PASSED,-0.2905405012428223,-0.015102016287237011,0.016033715572295666,2.7880327284603332,0.08181748670909217,-0.08464969206481826
1.5463092618523704,PASSED,-0.29055559523080055,-0.015085965501506357,0.01606216583622579,2.788114503557633,0.08173274077442613,-0.0848100964001911
1.5473094618923784,PASSED,-0.29057067315378904,-0.015069886297118317,0.016090563422581573,2.788196193828903,0.08164783459356509,-0.08497023716829769
1.5483096619323864,PASSED,-0.2905857349833951,-0.01505377872605516,0.016118909490205585,2.788277799114023,0.08156276842360824,-0.08513012514920654
1.5493098619723944,PASSED,-0.29060078069127937,-0.015037642842057363,0.016147200336189573,2.7883593192531517,0.08147754254917319,-0.08528970729226888
1.5503100620124024,PASSED,-0.29061581024915734,-0.015021478701736183,0.016175433644507412,2.7884407540867278,0.08139215725972143,-0.08544901089143518
1.5513102620524104,PASSED,-0.29063082362880077,-0.015005286361523009,0.01620361125894968,2.7885221034554877,0.0813066128533611,-0.08560800333959655
1.5523104620924184,PASSED,-0.2906458208020396,-0.01498906588015027,0.01623172811526294,2.788603367200461,0.08122090962668657,-0.08576670889782566
1.5533106621324264,PASSED,-0.29066080174076303,-0.014972817318277903,0.01625978437709986,2.7886845451629956,0.08113504790491326,-0.08592506369030896
1.5543108621724344,PASSED,-0.2906757664169212,-0.01495654073705294,0.016287779123539375,2.7887656371847434,0.081049027995836,-0.08608313933520455
1.5553110622124424,PASSED,-0.290690714802527,-0.014940236200017838,0.016315708976144382,2.7888466431076955,0.08096285023732643,-0.08624083795915256
1.5563112622524504,PASSED,-0.29070564686965716,-0.014923903772409966,0.016343573362355864,2.788927562774169,0.08087651497239069,-0.0863982162534616
1.5573114622924584,PASSED,-0.2907205625904541,-0.014907543520111128,0.016371371589825344,2.7890083960268224,0.08079002252881401,-0.086555261792171
1.5583116623324664,PASSED,-0.29073546193712757,-0.014891155511261385,0.016399100356354654,2.78908914270867,0.08070337327882877,-0.0867119087806029
1.5593118623724744,PASSED,-0.2907503448819559,-0.014874739815440545,0.016426759463833148,2.789169802663081,0.08061656758600189,-0.08686821552440242
1.5603120624124824,PASSED,-0.2907652113972876,-0.014858296503496717,0.01645434693049035,2.7892503757337965,0.08052960581133999,-0.08702414742021224
1.5613122624524904,PASSED,-0.2907800614555433,-0.01484182564823659,0.016481860813215645,2.7893308617649333,0.08044248834598325,-0.08717967731442185
1.5623124624924984,PASSED,-0.2907948950292168,-0.014825327323749506,0.01650930026966311,2.7894112606009913,0.08035521557668032,-0.08733483062859922
1.5633126625325064,PASSED,-0.29080971209087675,-0.014808801605625138,0.01653666336084004,2.789491572086862,0.08026778789032422,-0.08748959017442477
1.5643128625725145,PASSED,-0.29082451261316855,-0.014792248571276515,0.016563948340479476,2.7895717960678468,0.08018020571358796,-0.08764390111083209
1.5653130626125225,PASSED,-0.29083929656881535,-0.014775668299486565,0.01659115408959715,2.789651932389651,0.08009246945156237,-0.08779783596875429
1.5663132626525305,PASSED,-0.29085406393062013,-0.01475906087059647,0.016618278757091536,2.7897319808983947,0.08000457950638964,-0.0879513513087131
1.5673134626925385,PASSED,-0.29086881467146675,-0.014742426366363814,0.016645321216367578,2.7898119414406377,0.07991653634826784,-0.08810436266386283
1.5683136627325465,PASSED,-0.290883548764322,-0.014725764870397702,0.016672279132608228,2.7898918138633686,0.07982834040378704,-0.08825699902541724
1.5693138627725545,PASSED,-0.2908982661822366,-0.014709076467627612,0.01669915186174712,2.789971598014014,0.07973999208760359,-0.08840919428880231
1.5703140628125625,PASSED,-0.2909129668983471,-0.014692361244512068,0.016725937284741425,2.7900512937404676,0.07965149190702629,-0.08856083810295672
1.5713142628525705,PASSED,-0.2909276508858775,-0.014675619289103516,0.016752634157758017,2.790130900891072,0.07956284031046924,-0.08871210219312022
1.5723144628925785,PASSED,-0.2909423181181404,-0.014658850691036968,0.016779240672408775,2.790210419314642,0.07947403774040758,-0.08886288197401909
1.5733146629325865,PASSED,-0.29095696856853887,-0.014642055541369464,0.016805755664234204,2.790289848860479,0.07938508472725886,-0.08901310059851046
1.5743148629725945,PASSED,-0.2909716022105676,-0.014625233932604537,0.016832177498720003,2.7903691893783593,0.07929598174415013,-0.08916290478219074
1.5753150630126025,PASSED,-0.29098621901781496,-0.014608385959032119,0.016858504288217297,2.790448440718558,0.07920672926007105,-0.08931220361034677
1.5763152630526105,PASSED,-0.29100081896396396,-0.014591511716363186,0.016884734922744223,2.790527602731855,0.0791173278224763,-0.08946092691768628
1.5773154630926185,PASSED,-0.291015402022794,-0.014574611301280072,0.016910868523359473,2.7906066752695384,0.0790277779380071,-0.08960918950352564
1.5783156631326265,PASSED,-0.2910299681681826,-0.014557684812728863,0.016936901903109973,2.7906856581834205,0.07893808011099807,-0.08975691867938149
1.5793158631726345,PASSED,-0.29104451737410625,-0.014540732350864578,0.016962835171737713,2.7907645513258355,0.0788482348888588,-0.089904091112516
1.5803160632126425,PASSED,-0.2910590496146427,-0.014523754017272806,0.01698866587179338,2.790843354549653,0.0787582428089244,-0.09005073914896394
1.5813162632526505,PASSED,-0.29107356486397173,-0.014506749914885498,0.01701439339765145,2.7909220677082938,0.07866810442036876,-0.09019682149343437
1.5823164632926585,PASSED,-0.29108806309637697,-0.014489720148202871,0.017040015539274797,2.791000690655723,0.07857782027421427,-0.09034236259520385
1.5833166633326665,PASSED,-0.2911025442862475,-0.014472664823512619,0.017065530790902058,2.7910792232464696,0.07848739093560696,-0.0904873226153721
1.5843168633726745,PASSED,-0.29111700840807897,-0.014455584048003345,0.017090938654856416,2.7911576653356307,0.0783968169842905,-0.09063170378382909
1.5853170634126825,PASSED,-0.2911314554364752,-0.014438477930599275,0.017116236570213477,2.79123601677888,0.07830609899540142,-0.09077551229258136
1.5863172634526905,PASSED,-0.29114588534614955,-0.014421346581615457,0.01714142392622316,2.7913142774324684,0.07821523754364494,-0.09091874473240026
1.5873174634926985,PASSED,-0.2911602981119266,-0.01440419011283522,0.017166498682912534,2.7913924471532514,0.07812423325129937,-0.09106132408768905
1.5883176635327065,PASSED,-0.29117469370874327,-0.014387008637381455,0.01719145996766585,2.7914705257986703,0.0780330867038335,-0.0912033630513066
1.5893178635727145,PASSED,-0.29118907211165024,-0.014369802270006763,0.017216305646041,2.7915485132267857,0.07794179851033642,-0.09134474712759584
1.5903180636127225,PASSED,-0.29120343329581366,-0.014352571126502858,0.017241035409146517,2.7916264092962595,0.07785036929638164,-0.0914855251728941
1.5913182636527305,PASSED,-0.2912177772365162,-0.014335315323920553,0.017265647364410375,2.791704213866394,0.07775879969792435,-0.09162564731357248
1.5923184636927386,PASSED,-0.2912321039091586,-0.01431803498170863,0.01729013877693197,2.791781926797104,0.07766709032714209,-0.09176518642805699
1.5933186637327466,PASSED,-0.29124641328926093,-0.014300730219315076,0.0173145114713027,2.7918595479489605,0.0775752418456115,-0.09190401159895441
1.5943188637727546,PASSED,-0.2912607053524642,-0.01428340115831661,0.01733876068324313,2.79193707718316,0.0774832548914145,-0.09204224926235638
1.5953190638127626,PASSED,-0.29127498007453134,-0.014266047921806871,0.017362887060733898,2.792014514361568,0.07739113011938915,-0.0921797872006611
1.5963192638527706,PASSED,-0.2912892374313488,-0.014248670633551709,0.017386889051446683,2.7920918593467032,0.07729886820950833,-0.09231665833427084
1.5973194638927786,PASSED,-0.29130347739892787,-0.014231269419032378,0.017410764831254533,2.7921691120017496,0.07720646981142301,-0.09245289125268101
1.5983196639327866,PASSED,-0.29131769995340573,-0.014213844405137845,0.01743451327005313,2.7922462721905776,0.0771139356217164,-0.09258838867591984
1.5993198639727946,PASSED,-0.2913319050710473,-0.014196395719986387,0.0174581330723943,2.7923233397777256,0.07702126631932148,-0.09272324487424995
1.6003200640128026,PASSED,-0.29134609272824574,-0.014178923492562008,0.017481623659037767,2.792400314628425,0.07692846258095125,-0.09285740070088946
1.6013202640528106,PASSED,-0.2913602629015245,-0.01416142785351433,0.01750498264010296,2.79247719660861,0.07683552513752255,-0.09299080524723874
1.6023204640928186,PASSED,-0.29137441556753807,-0.01414390893499626,0.017528209103379374,2.7925539855849117,0.07674245468023623,-0.09312355864570385
1.6033206641328266,PASSED,-0.2913885507030734,-0.01412636686988866,0.017551302443744147,2.792630681424674,0.07664925190777272,-0.09325558167537791
1.6043208641728346,PASSED,-0.2914026682850514,-0.014108801792485352,0.017574260709687387,2.7927072839959552,0.07655591756512876,-0.09338684995633979
1.6053210642128426,PASSED,-0.29141676829052743,-0.014091213838245922,0.017597083259257813,2.7927837931675374,0.07646245236773018,-0.0935174290267516
1.6063212642528506,PASSED,-0.2914308506966935,-0.014073603144267092,0.017619767791879366,2.7928602088089396,0.07636885704932654,-0.09364724465489963
1.6073214642928586,PASSED,-0.2914449154808786,-0.014055969848151485,0.017642314998092636,2.7929365307904104,0.0762751323551465,-0.09377632719679609
1.6083216643328666,PASSED,-0.2914589626205504,-0.014038314088907633,0.017664722074355647,2.7930127589829437,0.07618127902202965,-0.09390467039690213
1.6093218643728746,PASSED,-0.2914729920933162,-0.014020636007235765,0.017686988070206387,2.793088893258287,0.07608729781516525,-0.09403223117605979
1.6103220644128826,PASSED,-0.2914870038769243,-0.014002935744471064,0.017709112561030527,2.793164933488939,0.07599318948856501,-0.0941590568830204
1.6113222644528906,PASSED,-0.2915009979492647,-0.01398521344271273,0.017731094556537562,2.7932408795481667,0.07589895480522595,-0.09428510097645185
1.6123224644928986,PASSED,-0.29151497428837087,-0.013967469246143513,0.017752931244333265,2.793316731310001,0.07580459454361126,-0.09441036870685746
1.6133226645329066,PASSED,-0.29152893287242004,-0.013949703299249125,0.01777462399442608,2.7933924886492534,0.0757101094812951,-0.09453485805567208
1.6143228645729146,PASSED,-0.29154287367973525,-0.013931915747969257,0.017796169470159804,2.7934681514415156,0.07561550040272827,-0.09465855890759844
1.6153230646129226,PASSED,-0.2915567966887856,-0.013914106739464829,0.017817567860609833,2.7935437195631616,0.07552076808887657,-0.094781483814423
1.6163232646529306,PASSED,-0.2915707018781879,-0.013896276421532692,0.017838817979820315,2.7936191928913647,0.07542591334713801,-0.0949035803546625
1.6173234646929386,PASSED,-0.2915845892267073,-0.01387842494308317,0.0178599187626583,2.7936945713040915,0.07533093697675879,-0.09502489706225688
1.6183236647329466,PASSED,-0.29159845871325857,-0.013860552454161937,0.017880869026948167,2.7937698546801237,0.07523583978768394,-0.0951453837498976
1.6193238647729546,PASSED,-0.2916123103169071,-0.013842659106446453,0.01790166684117756,2.793845042899044,0.07514062258997081,-0.09526507368863776
1.6203240648129626,PASSED,-0.2916261440168698,-0.01382474505167084,0.017922313398567622,2.7939201358412538,0.07504528619712919,-0.09538393894358618
1.6213242648529707,PASSED,-0.2916399597925163,-0.013806810442302602,0.0179428066813525,2.793995133387975,0.07494983144119419,-0.09550196726261673
1.6223244648929787,PASSED,-0.2916537576233694,-0.013788855433142065,0.017963144146660785,2.794070035421264,0.07485425916073124,-0.09561915592982904
1.6233246649329867,PASSED,-0.2916675374891069,-0.013770880179270358,0.017983327021734434,2.794144841824,0.07475857017114346,-0.09573554535977585
1.6243248649729947,PASSED,-0.29168129936956166,-0.013752884835876954,0.018003354307850397,2.79421955247991,0.07466276532591344,-0.09585104514350609
1.6253250650130027,PASSED,-0.2916950432447232,-0.013734869560257506,0.01802322316051517,2.794294167273554,0.07456684547189822,-0.09596572659634646
1.6263252650530107,PASSED,-0.2917087690947379,-0.013716834510199281,0.018042934656698165,2.7943686860903445,0.07447081144572258,-0.09607955922848961
1.6273254650930187,PASSED,-0.2917224768999109,-0.013698779844008298,0.018062487213838997,2.794443108816546,0.07437466411311477,-0.09619251486069946
1.6283256651330267,PASSED,-0.29173616664070584,-0.01368070572135704,0.01808187960953796,2.794517435339289,0.0742784043494444,-0.0963045962101634
1.6293258651730347,PASSED,-0.29174983829774653,-0.013662612302640952,0.018101111453789686,2.7945916655465513,0.07418203298701993,-0.09641587323401729
1.6303260652130427,PASSED,-0.2917634918518175,-0.013644499748822706,0.018120182061215444,2.7946657993271895,0.07408555090886051,-0.0965262147763541
1.6313262652530507,PASSED,-0.2917771272838649,-0.013626368222066485,0.01813908988622543,2.7947398365709293,0.07398895901182355,-0.0966356852107125
1.6323264652930587,PASSED,-0.2917907445749971,-0.013608217885066921,0.018157835075123065,2.794813777168376,0.07389225815006047,-0.09674431279801328
1.6333266653330667,PASSED,-0.29180434370648567,-0.013590048901317977,0.018176416198158334,2.794887621011009,0.07379544920007032,-0.0968520414515768
1.6343268653730747,PASSED,-0.29181792465976636,-0.013571861435322892,0.018194832526371656,2.7949613679911973,0.07369853307152209,-0.096958853279331
1.6353270654130827,PASSED,-0.29183148741643933,-0.013553655652137977,0.01821308362394376,2.7950350180022037,0.07360151065758992,-0.09706478770071092
1.6363272654530907,PASSED,-0.29184503195827033,-0.013535431717290214,0.018231168996974353,2.7951085709381758,0.07350438282624905,-0.09716986043430693
1.6373274654930987,PASSED,-0.29185855826719126,-0.013517189797693426,0.018249086663328615,2.795182026694171,0.07340715050500815,-0.09727396177862026
1.6383276655331067,PASSED,-0.2918720663253009,-0.013498930060513415,0.018266837524466183,2.7952553851661337,0.07330981458830148,-0.09737721999204277
1.6393278655731147,PASSED,-0.2918855561148656,-0.01348065267342601,0.018284420129363134,2.7953286462509275,0.07321237597520909,-0.09747954182595878
1.6403280656131227,PASSED,-0.29189902761832,-0.013462357805196659,0.01830183362934369,2.795401809846319,0.07311483559489146,-0.09758093931208642
1.6413282656531307,PASSED,-0.2919124808182675,-0.013444045624940327,0.01831907800766026,2.7954748758509895,0.07301719435044009,-0.09768144787757581
1.6423284656931387,PASSED,-0.2919259156974811,-0.01342571630249367,0.018336152072654602,2.795547844164536,0.07291945315628155,-0.09778102501250671
1.6433286657331467,PASSED,-0.291939332238904,-0.013407370008421108,0.018353055405832215,2.7956207146874794,0.07282161295065152,-0.09787965937503644
1.6443288657731547,PASSED,-0.2919527304256501,-0.013389006913824452,0.018369787390536112,2.795693487321263,0.07272367465094004,-0.09797739326909176
1.6453290658131627,PASSED,-0.2919661102410048,-0.013370627190244342,0.018386347706493132,2.7957661619682552,0.07262563917796745,-0.09807419277491691
1.6463292658531707,PASSED,-0.2919794716684251,-0.013352231009825962,0.018402735559637923,2.7958387385317582,0.07252750747610542,-0.0981700412534281
1.6473294658931787,PASSED,-0.2919928146915407,-0.013333818545417233,0.018418950308124626,2.7959112169160036,0.0724292804755883,-0.09826497335959114
1.6483296659331867,PASSED,-0.2920061392941543,-0.013315389970234086,0.018434991766495146,2.7959835970261664,0.07233095911532861,-0.09835895152643179
1.6493298659731948,PASSED,-0.29201944546024206,-0.01329694545804432,0.01845085913861265,2.7960558787683567,0.07223254433827923,-0.0984519940646807
1.6503300660132025,PASSED,-0.2920327331739542,-0.013278485183174139,0.01846655202456029,2.796128062049626,0.07213403708213553,-0.09854409752970861
1.6513302660532105,PASSED,-0.2920460024196153,-0.01326000932028014,0.018482070140288957,2.7962001467779767,0.07203543830235766,-0.0986352346099609
1.6523304660932185,PASSED,-0.29205925318172515,-0.013241518044586077,0.018497412729915046,2.796272132862351,0.07193674893982888,-0.09872544780799748
1.6533306661332265,PASSED,-0.2920724854449588,-0.013223011531816585,0.01851257946254368,2.796344020212649,0.07183796994939905,-0.09881468551105245
1.6543308661732345,PASSED,-0.292085699194167,-0.01320448995774782,0.01852757047291295,2.796415808739722,0.07173910229419826,-0.0989029683272774
1.6553310662132426,PASSED,-0.2920988944143772,-0.013185953499322053,0.01854238372767045,2.7964874983553734,0.07164014691506919,-0.09899031966362826
1.6563312662532506,PASSED,-0.29211207109079307,-0.013167402333157063,0.018557021123202785,2.7965590889723715,0.07154110478295032,-0.0990766737556905
1.6573314662932586,PASSED,-0.2921252292087956,-0.013148836636135194,0.018571480954313845,2.796630580504441,0.07144197686442699,-0.09916208170174388
1.6583316663332666,PASSED,-0.292138368753943,-0.01313025658640722,0.018585762243745894,2.7967019728662614,0.071342764094239,-0.09924656251216668
1.6593318663732746,PASSED,-0.2921514897119714,-0.013111662361685449,0.01859986637378925,2.7967732659734867,0.07124346746354267,-0.09933000948576265
1.6603320664132826,PASSED,-0.2921645920687948,-0.013093054139889496,0.018613792077397183,2.796844459742735,0.07114408794768465,-0.09941252010620186
1.6613322664532906,PASSED,-0.29217767581050585,-0.013074432100110313,0.018627538247040613,2.79691555409159,0.07104462648471485,-0.09949409154551986
1.6623324664932986,PASSED,-0.2921907409233756,-0.013055796420896848,0.018641106524414235,2.7969865489386088,0.07094508406453152,-0.09957463927519729
1.6633326665333066,PASSED,-0.2922037873938543,-0.013037147281098475,0.018654495314346247,2.7970574442033134,0.07084546166383428,-0.09965424164528651
1.6643328665733146,PASSED,-0.29221681520857135,-0.013018484860746369,0.018667703710615297,2.797128239806204,0.07074576023913828,-0.09973288006315056
1.6653330666133226,PASSED,-0.2922298243543356,-0.012999809338966682,0.0186807338257366,2.797198935668754,0.07064598077619566,-0.09981051819560074
1.6663332666533306,PASSED,-0.2922428148181355,-0.0129811208952199,0.018693583694142403,2.7972695317134146,0.07054612426106757,-0.0998871797497367
1.6673334666933386,PASSED,-0.29225578658713974,-0.012962419710312575,0.01870625238277856,2.797340027863609,0.07044619164964788,-0.09996289919967052
1.6683336667333466,PASSED,-0.2922687396486967,-0.012943705964056857,0.018718742171009477,2.797410424043747,0.07034618393750393,-0.1000375874401238
1.6693338667733546,PASSED,-0.2922816739903354,-0.01292497983666637,0.01873105087013639,2.797480720179207,0.07024610210130815,-0.10011133536620248
1.6703340668133626,PASSED,-0.2922945895997651,-0.01290624150903616,0.018743178803594683,2.7975509161963585,0.0701459471157597,-0.10018408566994616
1.6713342668533706,PASSED,-0.2923074864648758,-0.012887491161608386,0.018755126510559855,2.7976210120225495,0.07004571997580057,-0.10025584281857532
1.6723344668933786,PASSED,-0.292320364573738,-0.012868728974858388,0.018766893576290578,2.7976910075861046,0.06994542165023968,-0.10032664738911934
1.6733346669333866,PASSED,-0.29233322391460326,-0.012849955130442113,0.018778478309594924,2.7977609028163366,0.06984505312300159,-0.10039644713740103
1.6743348669733946,PASSED,-0.29234606447590405,-0.012831169809175008,0.018789883238778077,2.7978306976435445,0.06974461539674887,-0.10046524566292092
1.6753350670134026,PASSED,-0.29235888624625384,-0.012812373191354805,0.01880110754115449,2.797900391999008,0.06964410944014654,-0.10053309722860483
1.6763352670534106,PASSED,-0.2923716892144472,-0.012793565458870738,0.018812149112675074,2.7979699858149893,0.0695435362275363,-0.10059995619800029
1.6773354670934186,PASSED,-0.29238447336945966,-0.012774746792689036,0.01882301089438683,2.798039479024742,0.06944289677268319,-0.10066578728983533
1.6783356671334266,PASSED,-0.2923972387004483,-0.012755917373916199,0.018833690691800783,2.798108871562501,0.06934219204939379,-0.10073068062243104
1.6793358671734346,PASSED,-0.2924099851967511,-0.012737077383953702,0.018844189476294855,2.7981781633634926,0.06924142303242277,-0.10079457453675521
1.6803360672134426,PASSED,-0.2924227128478873,-0.012718227003641247,0.01885450753655943,2.798247354363921,0.06914059071769389,-0.10085747485696789
1.6813362672534506,PASSED,-0.2924354216435574,-0.012699366414477794,0.018864643581385225,2.798316444500981,0.06903969609510206,-0.10091938774839206
1.6823364672934586,PASSED,-0.29244811157364303,-0.012680495797673299,0.018874598953235646,2.7983854337128595,0.06893874015145364,-0.10098031424843783
1.6833366673334667,PASSED,-0.29246078262820696,-0.012661615333945095,0.018884373578182966,2.7984543219387166,0.06883772385643355,-0.10104028220116369
1.6843368673734747,PASSED,-0.292473434797493,-0.012642725204745546,0.018893966280462863,2.7985231091187086,0.06873664821083765,-0.10109922119239485
1.6853370674134827,PASSED,-0.29248606807192595,-0.01262382559079053,0.01890337907138671,2.7985917951939747,0.06863551420569354,-0.10115719444525635
1.6863372674534907,PASSED,-0.2924986824421116,-0.012604916672906655,0.01891261042553322,2.798660380106643,0.0685343228142259,-0.101214189482543
1.6873374674934987,PASSED,-0.29251127789883646,-0.012585998632195988,0.01892166090075667,2.7987288637998162,0.06843307501547428,-0.10127020493100404
1.6883376675335067,PASSED,-0.2925238544330678,-0.012567071648855763,0.01893053163320192,2.7987972462175916,0.0683317718104056,-0.10132520516047203
1.6893378675735147,PASSED,-0.29253641203595343,-0.012548135903707132,0.018939220825583594,2.7988655273050487,0.06823041418280887,-0.1013792425542302
1.6903380676135227,PASSED,-0.2925489506988216,-0.012529191576994076,0.018947730638036422,2.7989337070082474,0.06812900309532234,-0.10143231744139711
1.6913382676535307,PASSED,-0.2925614704131808,-0.012510238848875276,0.018956059772641646,2.7990017852742337,0.06802753954729072,-0.1014843684251047
1.6923384676935387,PASSED,-0.29257397117071965,-0.01249127789943186,0.018964209223933638,2.7990697620510288,0.06792602451867032,-0.10153546875058912
1.6933386677335467,PASSED,-0.2925864529633067,-0.012472308908447988,0.018972178823828532,2.799137637287647,0.06782445898814488,-0.10158557170866726
1.6943388677735547,PASSED,-0.29259891578299024,-0.012453332055557379,0.018979968935128964,2.7992054109340696,0.06772284393110395,-0.10163471392907873
1.6953390678135627,PASSED,-0.29261135962199786,-0.012434347519973962,0.01898758001561041,2.799273082941267,0.06762118033287987,-0.1016828544207549
1.6963392678535707,PASSED,-0.2926237844727368,-0.012415355481311495,0.018995011093703898,2.7993406532611806,0.06751946916736012,-0.10173003958573422
1.6973394678935787,PASSED,-0.2926361903277929,-0.0123963561179941,0.019002264799857227,2.799408121846733,0.06741771140768132,-0.10177623974085111
1.6983396679335867,PASSED,-0.29264857717993115,-0.012377349608622988,0.019009339085280394,2.79947548865182,0.06731590803607233,-0.10182145952108503
1.6993398679735947,PASSED,-0.29266094502209483,-0.012358336132267984,0.019016234534818214,2.799542753631312,0.06721406002068989,-0.10186571929002397
1.7003400680136027,PASSED,-0.2926732938474056,-0.012339315866586481,0.019022953112624648,2.7996099167410557,0.06711216833718209,-0.10190899298632122
1.7013402680536107,PASSED,-0.29268562364916295,-0.012320288989050538,0.019029493818154417,2.7996769779378625,0.06701023395231887,-0.10195131278116634
1.7023404680936187,PASSED,-0.2926979344208442,-0.012301255677636017,0.01903585647876257,2.7997439371795196,0.06690825783600675,-0.10199265199940144
1.7033406681336267,PASSED,-0.29271022615610365,-0.012282216109504716,0.01904204256632534,2.79981079442478,0.06680624096070667,-0.10203302416720654
1.7043408681736347,PASSED,-0.2927224988487731,-0.01226317046138799,0.019048051816992678,2.799877549633366,0.06670418428996824,-0.10207243511924341
1.7053410682136427,PASSED,-0.29273475249286046,-0.012244118909359041,0.019053885503587397,2.79994420276596,0.06660208878119554,-0.10211089120832986
1.7063412682536507,PASSED,-0.2927469870825505,-0.01222506163011249,0.019059541741857488,2.8000107537842114,0.06649995540383938,-0.10214836812138577
1.7073414682936587,PASSED,-0.2927592026122035,-0.012205998799577221,0.019065023064207404,2.8000772026507277,0.06639778511723868,-0.10218489892025572
1.7083416683336667,PASSED,-0.2927713990763555,-0.012186930592346035,0.01907033000917319,2.8001435493290847,0.06629557888551973,-0.10222045358471811
1.7093418683736747,PASSED,-0.2927835764697177,-0.012167857183844595,0.019075460829618855,2.800209793783806,0.06619333765535405,-0.10225508121967378
1.7103420684136827,PASSED,-0.29279573478717613,-0.012148778749078697,0.019080417390081993,2.8002759359803693,0.06609106237276238,-0.10228875017300053
1.7113422684536908,PASSED,-0.292807874023791,-0.012129695461467221,0.01908520109240438,2.800341975885214,0.06598875401546614,-0.10232142871173638
1.7123424684936988,PASSED,-0.2928199941747967,-0.012110607494761548,0.019089810447849246,2.8004079134657256,0.06588641352180306,-0.10235320363064865
1.7133426685337068,PASSED,-0.292832095235601,-0.012091515023064726,0.019094245862805174,2.8004737486902442,0.06578404183144217,-0.10238401484774526
1.7143428685737148,PASSED,-0.29284417720178485,-0.012072418218756266,0.01909850993889541,2.8005394815280438,0.06568163989149335,-0.10241389001618967
1.7153430686137228,PASSED,-0.2928562400691017,-0.012053317253710187,0.019102601784201936,2.8006051119493587,0.06557920866291672,-0.10244278761691646
1.7163432686537308,PASSED,-0.2928682838334772,-0.012034212300494763,0.01910652083623757,2.8006706399253503,0.06547674906373363,-0.10247080689388359
1.7173434686937388,PASSED,-0.29288030849100866,-0.012015103530778929,0.01911026896890005,2.800736065428134,0.06537426204388487,-0.10249782848535242
1.7183436687337468,PASSED,-0.29289231403796456,-0.011995991114642751,0.01911384758102845,2.8008013884307488,0.06527174854144899,-0.10252395173621344
1.7193438687737548,PASSED,-0.2929043004707843,-0.011976875223195578,0.019117254024603316,2.800866608907174,0.06516920947317212,-0.10254914597065026
1.7203440688137628,PASSED,-0.29291626778607716,-0.011957756026383723,0.019120492003356426,2.8009317268323226,0.06506664578983525,-0.10257337491435543
1.7213442688537708,PASSED,-0.29292821598062224,-0.011938633692992574,0.019123560983012884,2.8009967421820345,0.06496405841659515,-0.1025967054572495
1.7223444688937788,PASSED,-0.29294014505136784,-0.011919508392596326,0.019126460005069974,2.8010616549330747,0.06486144825957776,-0.1026191247241476
1.7233446689337868,PASSED,-0.2929520549954309,-0.011900380293568578,0.019129191709533373,2.801126465063135,0.0647588162603272,-0.10264058226817928
1.7243448689737948,PASSED,-0.2929639458100963,-0.011881249562990763,0.019131756490001397,2.801191172550826,0.06465616333711127,-0.10266115051443446
1.7253450690138028,PASSED,-0.29297581749281654,-0.011862116368775644,0.01913415269852966,2.8012557773756748,0.06455349039076702,-0.10268081023080462
1.7263452690538108,PASSED,-0.292987670041211,-0.011842980877563698,0.01913638355422543,2.801320279518126,0.06445079834861088,-0.10269953010635396
1.7273454690938188,PASSED,-0.29299950345306575,-0.011823843255190704,0.019138448252173524,2.8013846789595336,0.06434808812148933,-0.10271735846501519
1.7283456691338268,PASSED,-0.2930113177263323,-0.011804703667268964,0.019140347701450487,2.801448975682164,0.06424536060931017,-0.10273428132191605
1.7293458691738348,PASSED,-0.2930231128591276,-0.011785562278794437,0.019142082323244998,2.801513169669185,0.06414261671625689,-0.10275030087420371
1.7303460692138428,PASSED,-0.2930348888497332,-0.011766419254311471,0.01914365258944401,2.8015772609046694,0.06403985735051296,-0.10276540899042771
1.7313462692538508,PASSED,-0.2930466456965947,-0.011747274757130515,0.01914506024196531,2.801641249373591,0.06393708340908622,-0.10277962971760644
1.7323464692938588,PASSED,-0.29305838339832113,-0.011728128950716576,0.019146303861920677,2.8017051350618187,0.0638342957790734,-0.1027929635429453
1.7333466693338668,PASSED,-0.2930701019536843,-0.011708981997530534,0.019147386068787183,2.8017689179561147,0.06373149536037792,-0.10280538879718297
1.7343468693738748,PASSED,-0.29308180136161815,-0.011689834059001371,0.019148306836077694,2.801832598044129,0.06362868303755785,-0.10281694550197483
1.7353470694138828,PASSED,-0.2930934816212184,-0.011670685296958805,0.01914906551355812,2.801896175314402,0.0635258596944184,-0.10282760823110049
1.7363472694538908,PASSED,-0.29310514273174143,-0.011651535871867008,0.019149664810623124,2.801959649756351,0.06342302621099984,-0.10283740021022411
1.7373474694938988,PASSED,-0.293116784692604,-0.011632385943321426,0.019150104368887994,2.8020230213602813,0.0633201834739665,-0.10284629491539564
1.7383476695339068,PASSED,-0.29312840750338237,-0.011613235670861552,0.0191503845205318,2.8020862901173706,0.06321733235344067,-0.10285433759946208
1.7393478695739149,PASSED,-0.29314001116381194,-0.011594085213335239,0.01915050619683317,2.8021494560196665,0.06311447370912884,-0.10286151545341346
1.7403480696139229,PASSED,-0.29315159567378624,-0.011574934728088074,0.01915047128071762,2.8022125190600873,0.06301160842164866,-0.10286780216470146
1.7413482696539309,PASSED,-0.29316316103335643,-0.011555784372701104,0.01915027812447437,2.802275479232422,0.06290873736174878,-0.10287323172331954
1.7423484696939389,PASSED,-0.2931747072427306,-0.011536634304084784,0.0191499289442175,2.8023383365313133,0.06280586136592074,-0.10287783856452691
1.7433486697339469,PASSED,-0.2931862343022732,-0.01151748467775567,0.01914942458571206,2.8024010909522694,0.06270298130524123,-0.10288154208951356
1.7443488697739549,PASSED,-0.29319774221250394,-0.01149833564860253,0.019148765531428344,2.8024637424916485,0.06260009804076244,-0.1028844127382898
1.7453490698139629,PASSED,-0.29320923097409773,-0.011479187371956062,0.019147950723157718,2.8025262911466635,0.06249721240617752,-0.10288644914933424
1.7463492698539709,PASSED,-0.2932207005878833,-0.011460040001091347,0.019146984292418213,2.8025887369153724,0.06239432525230104,-0.10288762369456912
1.7473494698939789,PASSED,-0.293232151054843,-0.01144089368874857,0.019145864376349745,2.8026510797966804,0.062291437431214555,-0.1028879526811035
1.7483496699339869,PASSED,-0.2932435823761119,-0.011421748588093401,0.019144591507715178,2.8027133197903256,0.06218854976240816,-0.10288747955658849
1.7493498699739949,PASSED,-0.293254994552977,-0.01140260485034687,0.01914316857240853,2.802775456896887,0.06208566308704869,-0.10288613922806261
1.750350070014003,PASSED,-0.29326638758687656,-0.011383462626186482,0.01914159455237338,2.802837491117774,0.06198277824311873,-0.10288398039789087
1.751350270054011,PASSED,-0.2932777614793995,-0.011364322066102392,0.019139870438565534,2.80289942245523,0.06187989605544694,-0.1028809925210443
1.752350470094019,PASSED,-0.29328911623228443,-0.011345183319646238,0.019137997134545795,2.802961250912311,0.061777017331577797,-0.10287721143454603
1.753350670134027,PASSED,-0.293300451847419,-0.01132604653518405,0.01913597601395264,2.803022976492907,0.061674142907340225,-0.10287256610625439
1.754350870174035,PASSED,-0.2933117683268394,-0.011306911860850326,0.0191338065469029,2.8030845992017106,0.06157127358922308,-0.10286715279105321
1.755351070214043,PASSED,-0.29332306567272914,-0.011287779443829653,0.01913149066985224,2.803146119044243,0.06146841019179859,-0.10286089384677723
1.756351270254051,PASSED,-0.29333434388741875,-0.011268649430654684,0.019129028178379043,2.803207536026817,0.061365553515835225,-0.10285386404108736
1.757351470294059,PASSED,-0.29334560297338474,-0.011249521966922992,0.019126420767232685,2.8032688501565612,0.06126270436264389,-0.10284601262483217
1.758351670334067,PASSED,-0.293356842933249,-0.011230397197364914,0.019123668751976842,2.8033300614413994,0.0611598635402164,-0.10283736229592282
1.759351870374075,PASSED,-0.29336806376977786,-0.011211275266608456,0.0191207720927816,2.803391169890059,0.06105703184254129,-0.1028279212612347
1.760352070414083,PASSED,-0.29337926548588145,-0.011192156317689737,0.019117733469343538,2.803452175512051,0.06095421004910845,-0.10281770821391724
1.761352270454091,PASSED,-0.29339044808461295,-0.011173040493184511,0.019114551862479408,2.803513078317675,0.060851398942817166,-0.10280670500953218
1.762352470494099,PASSED,-0.2934016115691679,-0.01115392793543892,0.019111228334329888,2.803573878318025,0.060748599332492166,-0.10279488053531322
1.763352670534107,PASSED,-0.29341275594288313,-0.011134818785053497,0.01910776508615219,2.8036345755249616,0.06064581197163742,-0.102782347734376
1.7643528705741147,PASSED,-0.2934238812092362,-0.011115713182231667,0.01910416131228381,2.8036951699511303,0.06054303762970164,-0.10276900473671972
1.7653530706141227,PASSED,-0.2934349873718446,-0.011096611267160978,0.019100417576290166,2.8037556616099435,0.060440277101362024,-0.10275487740821641
1.7663532706541307,PASSED,-0.29344607443446485,-0.011077513177875184,0.01909653709212991,2.803816050515584,0.06033753113551887,-0.10274002479978103
1.7673534706941387,PASSED,-0.29345714240099197,-0.011058419052402567,0.01909251772627535,2.803876336683,0.06023480049182774,-0.10272438961869709
1.7683536707341467,PASSED,-0.2934681912754583,-0.011039329028325915,0.019088361643569158,2.803936520127889,0.060132085928687774,-0.10270801215415457
1.7693538707741547,PASSED,-0.2934792210620332,-0.011020243241681228,0.019084069978767,2.8039966008667165,0.06002938820996589,-0.10269085643370977
1.7703540708141627,PASSED,-0.29349023176502176,-0.011001161827907936,0.019079642969643047,2.804056578916685,0.05992670806610107,-0.10267300215222333
1.7713542708541707,PASSED,-0.29350122338886425,-0.010982084921958216,0.019075081269771588,2.8041164542957553,0.059824046251513885,-0.10265435621049712
1.7723544708941787,PASSED,-0.2935121959381355,-0.01096301265798438,0.01907038577654394,2.804176227022621,0.05972140351084068,-0.10263499698166874
1.7733546709341867,PASSED,-0.2935231494175437,-0.010943945168835841,0.019065558063201808,2.804235897116722,0.059618780571698234,-0.10261490058297798
1.7743548709741948,PASSED,-0.2935340838319299,-0.010924882586837485,0.019060597955125578,2.8042954645982263,0.05951617816750789,-0.10259407326192652
1.7753550710142028,PASSED,-0.2935449991862671,-0.010905825043758062,0.019055506495621728,2.8043549294880306,0.05941359702313119,-0.10257252511989835
1.7763552710542108,PASSED,-0.2935558954856594,-0.010886772670365853,0.019050284656601798,2.804414291807756,0.05931103786224227,-0.10255025140160891
1.7773554710942188,PASSED,-0.2935667727353414,-0.010867725596545747,0.019044933262438037,2.8044735515797536,0.0592085014154704,-0.1025272436853727
1.7783556711342268,PASSED,-0.293577630940677,-0.010848683951335661,0.019039453175185864,2.804532708827077,0.05910598837768212,-0.10250356719020981
1.7793558711742348,PASSED,-0.29358847010715927,-0.010829647863320146,0.019033844575735284,2.8045917635734985,0.05900349945964378,-0.10247915193709026
1.7803560712142428,PASSED,-0.2935992902404087,-0.010810617459858111,0.019028109386235652,2.804650715843503,0.05890103539459178,-0.10245400712861266
1.7813562712542508,PASSED,-0.2936100913461734,-0.010791592867791794,0.019022247186373086,2.804709565662272,0.05879859685849859,-0.1024282220695797
1.7823564712942588,PASSED,-0.29362087343032744,-0.010772574212901197,0.01901626002674776,2.8047683130556873,0.05869618453868594,-0.10240171830804258
1.7833566713342668,PASSED,-0.2936316364988706,-0.010753561620360976,0.019010147549199677,2.8048269580503242,0.05859379915507666,-0.10237449381010404
1.7843568713742748,PASSED,-0.29364238055792735,-0.010734555214637774,0.019003911172539228,2.8048855006734508,0.05849144138369591,-0.10234662309452996
1.7853570714142828,PASSED,-0.293653105613746,-0.01071555511906797,0.018997551834647797,2.804943940953021,0.05838911190021402,-0.10231805707345036
1.7863572714542908,PASSED,-0.29366381167269806,-0.0106965614562292,0.018991070174848947,2.8050022789176765,0.05828681140946895,-0.10228877985947975
1.7873574714942988,PASSED,-0.2936744987412772,-0.010677574348313271,0.018984466409985804,2.8050605145967205,0.058184540554222064,-0.10225890550516988
1.7883576715343068,PASSED,-0.29368516682609874,-0.010658593916344581,0.018977742341157802,2.8051186480201435,0.05808230001602367,-0.10222829332721302
1.7893578715743148,PASSED,-0.29369581593389843,-0.010639620280130367,0.018970898796247356,2.8051766792186,0.057980090486585895,-0.10219702017815276
1.7903580716143228,PASSED,-0.2937064460715321,-0.01062065355969718,0.018963934857813336,2.8052346082234094,0.05787791259622541,-0.10216513714869273
1.7913582716543308,PASSED,-0.2937170572459746,-0.010601693873531517,0.018956853704231755,2.8052924350665482,0.05777576700398326,-0.10213256230445833
1.7923584716943388,PASSED,-0.29372764946431895,-0.01058274133940214,0.01894965441280616,2.8053501597806556,0.05767365439372714,-0.10209930889056529
1.7933586717343468,PASSED,-0.2937382227337757,-0.010563796074365339,0.018942338786130865,2.805407782399013,0.05757157538454441,-0.10206547604417619
1.7943588717743548,PASSED,-0.29374877706167213,-0.01054485819482654,0.01893490670724439,2.8054653029555614,0.057469530632237455,-0.10203093648214356
1.7953590718143628,PASSED,-0.2937593124554511,-0.010525927816089357,0.01892736009047485,2.80552272148487,0.05736752078087141,-0.10199579462198181
1.7963592718543708,PASSED,-0.2937698289226708,-0.010507005052625409,0.0189196990462632,2.805580038022157,0.05726554645735121,-0.10196000945233602
1.7973594718943788,PASSED,-0.2937803264710034,-0.010488090018702975,0.018911923839882886,2.805637252603273,0.05716360830664687,-0.10192357820567206
1.7983596719343868,PASSED,-0.29379080510823474,-0.01046918282716661,0.018904036667353633,2.805694365264694,0.057061706945089136,-0.1018865504591113
1.7993598719743948,PASSED,-0.2938012648422634,-0.01045028359024438,0.018896037092146475,2.805751376043527,0.05695984299694694,-0.10184887993092637
1.8003600720144028,PASSED,-0.2938117056810994,-0.010431392419139965,0.01888792711259486,2.805808284977496,0.05685801709238781,-0.10181058764460256
1.8013602720544108,PASSED,-0.29382212763286414,-0.01041250942490852,0.01887970564401371,2.8058650921049493,0.05675622984137858,-0.10177169325231951
1.8023604720944189,PASSED,-0.2938325307057892,-0.010393634717458675,0.018871375320402898,2.8059217974648383,0.056654481841809184,-0.10173220378078342
1.8033606721344269,PASSED,-0.2938429149082157,-0.010374768405505113,0.01886293637566634,2.805978401096731,0.05655277371658711,-0.10169207284959876
1.8043608721744349,PASSED,-0.29385328024859336,-0.010355910597611716,0.018854388905219423,2.806034903040794,0.056451106066162896,-0.1016513688072967
1.8053610722144429,PASSED,-0.29386362673547983,-0.010337061401186277,0.0188457347722504,2.8060913033378014,0.056349479481232076,-0.10161006234649428
1.8063612722544509,PASSED,-0.29387395437754,-0.010318220923094581,0.018836973637992645,2.806147602029115,0.056247894557506124,-0.10156816464559033
1.8073614722944589,PASSED,-0.2938842631835448,-0.010299389269015177,0.018828107707011828,2.8062037991566906,0.05614635188358041,-0.10152568011246718
1.8083616723344669,PASSED,-0.2938945531623712,-0.010280566544468742,0.018819135772714296,2.8062598947630764,0.056044852054650235,-0.10148259480863286
1.8093618723744749,PASSED,-0.2939048243230003,-0.010261752853572255,0.01881006097900343,2.8063158888913975,0.055943395641957785,-0.10143895794832662
1.8103620724144829,PASSED,-0.29391507667451783,-0.010242948299855335,0.018800882208864916,2.8063717815853666,0.05584198322719093,-0.10139471931253428
1.8113622724544909,PASSED,-0.2939253102261124,-0.010224152986531065,0.018791600734540215,2.8064275728892585,0.05574061537629412,-0.10134993861966471
1.8123624724944989,PASSED,-0.29393552498707515,-0.010205367015554684,0.01878221780427656,2.8064832628479324,0.05563929266755665,-0.10130455548267157
1.813362672534507,PASSED,-0.29394572096679905,-0.010186590488040815,0.018772733986932105,2.806538851506803,0.05553801566108286,-0.10125864046787275
1.814362872574515,PASSED,-0.29395589817477774,-0.010167823504595358,0.018763149751139914,2.8065943389118595,0.05543678491948744,-0.10121214234712346
1.815363072614523,PASSED,-0.2939660566206053,-0.010149066165364632,0.01875346555045086,2.8066497251096374,0.05533560099506855,-0.10116511246674172
1.816363272654531,PASSED,-0.29397619631397515,-0.010130318568933186,0.01874368368544065,2.8067050101472364,0.05523446444440612,-0.10111750945955938
1.817363472694539,PASSED,-0.2939863172646793,-0.010111580813656311,0.018733803004499096,2.8067601940722993,0.055133375814171735,-0.10106937741758927
1.818363672734547,PASSED,-0.2939964194826076,-0.010092852997488928,0.018723824942642225,2.8068152769330204,0.055032335647622124,-0.10102069263762732
1.819363872774555,PASSED,-0.2940065029777473,-0.010074135216779023,0.018713751221413538,2.806870258778133,0.054931344487593896,-0.10097147162195477
1.820364072814563,PASSED,-0.2940165677601818,-0.010055427567518396,0.018703581286769987,2.8069251396569106,0.054830402867539194,-0.10092171900986441
1.821364272854571,PASSED,-0.29402661384009054,-0.010036730145432788,0.01869331595149679,2.8069799196191627,0.05472951132601387,-0.10087142320229765
1.822364472894579,PASSED,-0.2940366412277474,-0.010018043044783874,0.01868295711386169,2.8070345987152217,0.05462867037977865,-0.10082062825717336
1.823364672934587,PASSED,-0.29404664993352086,-0.009999366359367623,0.018672504284508694,2.8070891769959547,0.054527880560227004,-0.10076928041463745
1.824364872974595,PASSED,-0.2940566399678727,-0.009980700182485504,0.01866195861385782,2.8071436545127515,0.05442714240090669,-0.10071741192409252
1.825365073014603,PASSED,-0.2940666113413574,-0.009962044606308014,0.01865132121991156,2.807198031317509,0.05432645638621398,-0.10066508320511287
1.826365273054611,PASSED,-0.2940765640646217,-0.009943399722665638,0.01864059192402065,2.807252307462655,0.054225823056418515,-0.10061216085569442
1.827365473094619,PASSED,-0.29408649814840315,-0.009924765622375547,0.018629772534136585,2.8073064830011147,0.05412524292089182,-0.10055878530735936
1.828365673134627,PASSED,-0.2940964136035304,-0.009906142395563857,0.018618862996726264,2.8073605579863266,0.054024716459251054,-0.1005049125297075
1.829365873174635,PASSED,-0.29410631044092167,-0.009887530132171847,0.01860786365553345,2.807414532472227,0.05392424418902003,-0.10045050869856208
1.830366073214643,PASSED,-0.2941161886715844,-0.009868928920519687,0.018596776983242642,2.807468406513258,0.053823826618912246,-0.10039561104727825
1.831366273254651,PASSED,-0.2941260483066145,-0.009850338848756792,0.018585601615995605,2.807522180164355,0.053723464226068364,-0.10034024737495664
1.832366473294659,PASSED,-0.2941358893571955,-0.009831760004523247,0.018574339311915575,2.8075758534809387,0.05362315749170718,-0.10028439235200523
1.833366673334667,PASSED,-0.29414571183459826,-0.009813192474433194,0.018562990608812915,2.8076294265189277,0.05352290692811307,-0.1002280110888532
1.834366873374675,PASSED,-0.2941555157501796,-0.009794636344263466,0.01855155654367366,2.807682899334719,0.053422713006735574,-0.10017119490324945
1.835367073414683,PASSED,-0.29416530111538247,-0.009776091699716936,0.018540036548432254,2.807736271985186,0.05332257618437064,-0.10011390733939939
1.836367273454691,PASSED,-0.29417506794173437,-0.009757558625420446,0.018528432795196476,2.8077895445276897,0.05322249696986798,-0.10005608594483523
1.837367473494699,PASSED,-0.29418481624084736,-0.009739037204778684,0.01851674587280353,2.8078427170200495,0.05312247581492283,-0.09999786761202059
1.838367673534707,PASSED,-0.294194546024417,-0.00972052752146243,0.01850497494522329,2.8078957895205714,0.05302251318775821,-0.09993913353302035
1.839367873574715,PASSED,-0.2942042573042219,-0.009702029658393292,0.018493121818415066,2.8079487620880097,0.052922609558538974,-0.09987995967670578
1.840368073614723,PASSED,-0.29421395009212287,-0.009683543696997374,0.018481187780920262,2.8080016347815895,0.052822765376436896,-0.09982033038566074
1.841368273654731,PASSED,-0.2942236244000624,-0.009665069718686373,0.018469171997720125,2.808054407660995,0.052722981112499206,-0.09976021963905161
1.842368473694739,PASSED,-0.29423328024006384,-0.009646607804568427,0.018457075531428176,2.8081070807863657,0.05262325721789711,-0.09969967791078851
1.843368673734747,PASSED,-0.29424291762423094,-0.009628158033934013,0.01844490070307372,2.808159654218288,0.05252359412633368,-0.09963870066518975
1.844368873774755,PASSED,-0.2942525365647471,-0.009609720486156482,0.018432645827170063,2.808212128017798,0.05242399229628265,-0.09957724964160142
1.845369073814763,PASSED,-0.2942621370738747,-0.009591295240683523,0.01842031190348334,2.808264502246379,0.05232445217920508,-0.0995153620348726
1.846369273854771,PASSED,-0.2942717191639545,-0.009572882374789083,0.018407901888412587,2.80831677696595,0.052224974192898926,-0.09945306915367368
1.847369473894779,PASSED,-0.2942812828474049,-0.009554481965942838,0.01839541348479887,2.8083689522388733,0.0521255587857953,-0.09939029907026496
1.848369673934787,PASSED,-0.2942908281367216,-0.009536094091620994,0.01838284821320652,2.8084210281279387,0.05202620639359611,-0.09932712095179952
1.849369873974795,PASSED,-0.2943003550444765,-0.009517718827132477,0.018370208672058047,2.80847300469637,0.051926917431115854,-0.09926352349922977
1.850370074014803,PASSED,-0.2943098635833177,-0.009499356248348741,0.01835749219152066,2.808524882007819,0.051827692335962086,-0.09919947625679361
1.851370274054811,PASSED,-0.2943193537659681,-0.009481006430387472,0.01834470180776737,2.808576660126361,0.05172853153449817,-0.09913501826866782
1.852370474094819,PASSED,-0.2943288256052255,-0.009462669447217532,0.018331837411388465,2.8086283391164915,0.05162943543018504,-0.09907016167609634
1.853370674134827,PASSED,-0.29433827911396165,-0.009444345372762423,0.01831889915092354,2.8086799190431213,0.05153040444529459,-0.09900486703336284
1.854370874174835,PASSED,-0.29434771430512174,-0.009426034280227223,0.018305888124718,2.808731399971581,0.05143143900361288,-0.09893915811392968
1.855371074214843,PASSED,-0.2943571311917237,-0.009407736241653183,0.01829280554025225,2.8087827819676003,0.05133253949036262,-0.09887308334115272
1.856371274254851,PASSED,-0.29436652978685757,-0.009389451329280875,0.01827965026034542,2.80883406509733,0.051233706328267556,-0.09880654793100192
1.857371474294859,PASSED,-0.2943759101036852,-0.00937117961468894,0.018266424146328068,2.8088852494273153,0.05113493992645064,-0.09873963774085198
1.858371674334867,PASSED,-0.2943852721554394,-0.00935292116813901,0.01825312815233411,2.808936335024512,0.05103624066997684,-0.09867233562909836
1.859371874374875,PASSED,-0.29439461595542343,-0.009334676059825698,0.018239761753963524,2.8089873219562596,0.05093760894842994,-0.09860464549209899
1.860372074414883,PASSED,-0.2944039415170103,-0.009316444359518141,0.01822632600995399,2.809038210290308,0.0508390451805486,-0.0985365161408269
1.861372274454891,PASSED,-0.2944132488536426,-0.009298226136457036,0.018212821095206527,2.8090890000947906,0.05074054974870286,-0.0984680423156903
1.862372474494899,PASSED,-0.2944225379788314,-0.009280021458779123,0.018199248733051808,2.80913969143823,0.05064212301605853,-0.09839919286342295
1.863372674534907,PASSED,-0.29443180890615595,-0.009261830394201802,0.01818560847350257,2.8091902843895356,0.05054376539220741,-0.09832991117624085
1.864372874574915,PASSED,-0.2944410616492634,-0.009243653010644136,0.018171900280442355,2.809240779017999,0.05044547725947294,-0.09826028043997032
1.865373074614923,PASSED,-0.2944502962218678,-0.009225489374532445,0.018158126665855697,2.8092911753932883,0.05034725897174106,-0.09819029259315411
1.866373274654931,PASSED,-0.29445951263774955,-0.009207339551851051,0.018144286691752845,2.809341473585458,0.0502491109312127,-0.0981198724851779
1.867373474694939,PASSED,-0.2944687109107554,-0.009189203608953077,0.018130380368786673,2.809391673664929,0.050151033507616447,-0.09804912433695767
1.868373674734947,PASSED,-0.2944778910547971,-0.009171081610648838,0.018116410261205737,2.809441775702491,0.05005302704127074,-0.09797802768488315
1.869373874774955,PASSED,-0.2944870530838517,-0.009152973621413521,0.01810237521805452,2.8094917797693086,0.04995509192989687,-0.0979065004998615
1.870374074814963,PASSED,-0.29449619701196056,-0.009134879705930556,0.018088275659575027,2.8095416859369045,0.04985722853423007,-0.09783465911142189
1.871374274854971,PASSED,-0.2945053228532288,-0.009116799927298528,0.018074113946994246,2.809591494277168,0.04975943719301914,-0.09776246261060531
1.872374474894979,PASSED,-0.29451443062182486,-0.009098734348570569,0.018059888581934334,2.8096412048623445,0.049661718280662556,-0.09768987885391102
1.873374674934987,PASSED,-0.29452352033198015,-0.00908068303293155,0.018045600343740923,2.809690817765043,0.04956407216426599,-0.09761694142499502
1.874374874974995,PASSED,-0.2945325919979884,-0.009062646042045722,0.0180312512472227,2.8097403330582216,0.04946649917603262,-0.09754368610561648
1.8753750750150031,PASSED,-0.2945416456342051,-0.009044623437108565,0.018016840730449676,2.8097897508151872,0.04936899966255296,-0.09747006506235603
1.8763752750550111,PASSED,-0.294550681255047,-0.009026615279906188,0.018002368183660203,2.8098390711095975,0.049271573990518826,-0.09739607668198594
1.8773754750950191,PASSED,-0.29455969887499195,-0.00900862163093266,0.01798783616677613,2.8098882940154604,0.049174222501292116,-0.09732176425653144
1.878375675135027,PASSED,-0.2945686985085778,-0.00899064254958432,0.017973244802717666,2.809937419607123,0.049076945521733716,-0.09724712309296855
1.879375875175035,PASSED,-0.29457768017040264,-0.008972678096198852,0.01795859244063616,2.8099864479592718,0.04897974340027507,-0.09717212036910197
1.880376075215043,PASSED,-0.29458664387512357,-0.008954728329953974,0.01794388211437282,2.8100353791469317,0.04888261647750273,-0.0970967910411614
1.881376275255051,PASSED,-0.29459558963745686,-0.008936793309072011,0.01792911339369127,2.810084213245462,0.04878556507521011,-0.09702114312691222
1.882376475295059,PASSED,-0.2946045174721772,-0.008918873092086586,0.017914286046583898,2.810132950330564,0.04868858954462611,-0.09694512222205844
1.883376675335067,PASSED,-0.2946134273941172,-0.008900967736684003,0.017899401639914714,2.810181590478256,0.04859169019975056,-0.09686882664453104
1.884376875375075,PASSED,-0.294622319418167,-0.008883077299915698,0.017884460187231877,2.810230133764894,0.04849486736393953,-0.09679217525536371
1.885377075415083,PASSED,-0.2946311935592739,-0.008865201839098674,0.017869461236885535,2.810278580267155,0.04839812137708702,-0.09671519458395164
1.886377275455091,PASSED,-0.2946400498324417,-0.008847341410370843,0.017854407055125417,2.8103269300620406,0.04830145255128317,-0.09663791328378667
1.887377475495099,PASSED,-0.29464888825273045,-0.008829496069498217,0.01783929675095759,2.8103751832268693,0.04820486119818338,-0.09656031297713294
1.888377675535107,PASSED,-0.2946577088352559,-0.008811665872409955,0.01782413064646734,2.8104233398392844,0.04810834765259207,-0.0964823673340851
1.889377875575115,PASSED,-0.2946665115951891,-0.008793850873870286,0.017808910468471426,2.810471399977238,0.04801191221943649,-0.09640414370325026
1.890378075615123,PASSED,-0.29467529654775604,-0.00877605112858725,0.01779363515941194,2.8105193637190027,0.04791555520692006,-0.09632559172521624
1.891378275655131,PASSED,-0.2946840637082371,-0.008758266690946549,0.0177783059615621,2.8105672311431587,0.04781927693609076,-0.09624672356535102
1.892378475695139,PASSED,-0.29469281309196665,-0.008740497614737256,0.017762923041112717,2.8106150023285865,0.047723077696765794,-0.09616758316471614
1.893378675735147,PASSED,-0.29470154471433274,-0.008722743953129436,0.017747487318957,2.810662677354491,0.047626957814130934,-0.09608808228162745
1.894378875775155,PASSED,-0.29471025859077665,-0.008705005759402496,0.017731997998928915,2.8107102563003687,0.047530917590100495,-0.09600831852964489
1.895379075815163,PASSED,-0.2947189547367924,-0.008687283086172103,0.01771645671803509,2.8107577392460232,0.047434957306844217,-0.09592825974068606
1.896379275855171,PASSED,-0.2947276331679262,-0.008669575985103291,0.017700863969330814,2.810805126271552,0.047339077273529616,-0.09584788236387799
1.897379475895179,PASSED,-0.2947362938997766,-0.008651884508420957,0.017685218491003074,2.8108524174573573,0.04724327779757516,-0.09576720501484787
1.898379675935187,PASSED,-0.2947449369479936,-0.008634208707764613,0.017669522099903627,2.810899612884137,0.047147559165740774,-0.0956862497140622
1.899379875975195,PASSED,-0.2947535623282784,-0.00861654863371723,0.017653775345703338,2.810946712632876,0.047051921659066735,-0.0956050113140307
1.900380076015203,PASSED,-0.29476217005638283,-0.00859890433670352,0.0176379781257119,2.810993716784857,0.04695636558270394,-0.09552345306197403
1.901380276055211,PASSED,-0.29477076014810955,-0.008581275867825443,0.017622129379652338,2.8110406254216476,0.04686089122421309,-0.09544162877677138
1.902380476095219,PASSED,-0.29477933261931094,-0.008563663276212372,0.01760623310201797,2.8110874386251066,0.0467654988615083,-0.09535951865680352
1.903380676135227,PASSED,-0.29478788748588935,-0.008546066611440148,0.017590285885697155,2.8111341564773733,0.04667018878088493,-0.09527712193442638
1.904380876175235,PASSED,-0.29479642476379625,-0.00852848592317942,0.017574289844080968,2.811180779060878,0.04657496127630726,-0.09519442633982932
1.905381076215243,PASSED,-0.2948049444690321,-0.008510921259515861,0.01755824620987804,2.81122730645832,0.0464798166082223,-0.09511149591505505
1.906381276255251,PASSED,-0.29481344661764614,-0.00849337266929134,0.017542152900951836,2.8112737387526945,0.046384755070494374,-0.0950282322698314
1.907381476295259,PASSED,-0.2948219312257356,-0.008475840200740013,0.017526012318243574,2.8113200760272568,0.04628977693694543,-0.09494473440169136
1.908381676335267,PASSED,-0.2948303983094458,-0.008458323901199586,0.017509824355215718,2.8113663183655544,0.046194882480269324,-0.09486093819238196
1.909381876375275,PASSED,-0.2948388478849696,-0.008440823818178803,0.01749358879782969,2.8114124658513924,0.04610007196729304,-0.0947768961655589
1.910382076415283,PASSED,-0.29484727996854704,-0.00842333999876692,0.01747730648791922,2.8114585185688563,0.046005345671299325,-0.09469256254581125
1.911382276455291,PASSED,-0.29485569457646504,-0.008405872489705455,0.01746097744383003,2.811504476602304,0.045910703878687745,-0.09460794598875966
1.912382476495299,PASSED,-0.29486409172505706,-0.008388421337397005,0.017444602218198133,2.8115503400363555,0.045816146833344826,-0.09452311157902808
1.913382676535307,PASSED,-0.2948724714307027,-0.008370986587719575,0.017428181316918458,2.8115961089559,0.04572167480365388,-0.09443797509888231
1.914382876575315,PASSED,-0.2948808337098277,-0.008353568286595827,0.017411714328298605,2.811641783446094,0.0456272880752463,-0.0943525639467332
1.915383076615323,PASSED,-0.2948891785789031,-0.00833616647932706,0.017395202562416202,2.811687363592349,0.04553298688336934,-0.09426694383043856
1.916383276655331,PASSED,-0.2948975060544453,-0.008318781210856588,0.017378645742509465,2.8117328494803457,0.04543877149490643,-0.09418101821788982
1.917383476695339,PASSED,-0.29490581615301564,-0.008301412526332022,0.017362043712602266,2.8117782411960155,0.045344642179808256,-0.09409484635168852
1.918383676735347,PASSED,-0.2949141088912201,-0.008284060470246398,0.017345397667634696,2.8118235388255566,0.045250599186525915,-0.09400842456944024
1.919383876775355,PASSED,-0.29492238428570894,-0.00826672508608653,0.01732870848802385,2.8118687424554216,0.04515664277365348,-0.09392173840776452
1.920384076815363,PASSED,-0.29493064235317645,-0.008249406418342218,0.017311973915171485,2.8119138521723115,0.04506277318784258,-0.09383481741298115
1.921384276855371,PASSED,-0.29493888311036076,-0.008232104510908389,0.017295196446264847,2.811958868063181,0.044968990678516146,-0.09374763726874487
1.922384476895379,PASSED,-0.29494710657404327,-0.008214819406188841,0.017278376901733332,2.8120037902152473,0.04487529552324684,-0.09366016726969453
1.923384676935387,PASSED,-0.2949553127610486,-0.008197551147332782,0.017261513492274977,2.8120486187159592,0.04478168793639293,-0.09357253324338494
1.924384876975395,PASSED,-0.29496350168824415,-0.008180299777920974,0.017244606691495242,2.812093353653027,0.0446881681701305,-0.09348458827512741
1.925385077015403,PASSED,-0.29497167337254004,-0.008163065339687059,0.01722765926219813,2.8121379951144045,0.04459473650361179,-0.093396385347769
1.926385277055411,PASSED,-0.2949798278308885,-0.00814584787434501,0.01721066939527864,2.812182543188285,0.04450139314093917,-0.09330801422251823
1.927385477095419,PASSED,-0.294987965080284,-0.008128647424844654,0.0171936362370768,2.8122269979631107,0.044408138331867436,-0.0932193389712156
1.928385677135427,PASSED,-0.29499608513776243,-0.008111464032201672,0.017176563580247984,2.812271359527563,0.04431497234433424,-0.09313041990785355
1.929385877175435,PASSED,-0.2950041880204015,-0.008094297737441254,0.01715944888053193,2.812315627970568,0.04422189539656036,-0.09304129968457449
1.930386077215443,PASSED,-0.2950122737453199,-0.008077148582266849,0.01714229270365457,2.812359803381285,0.044128907716738566,-0.09295193324659769
1.931386277255451,PASSED,-0.29502034232967733,-0.008060016607349604,0.01712509639296723,2.812403885849114,0.04403600956533947,-0.09286229683409732
1.932386477295459,PASSED,-0.2950283937906742,-0.008042901852853121,0.01710785989882834,2.812447875463687,0.04394320116612787,-0.09277246746326555
1.933386677335467,PASSED,-0.29503642814555137,-0.00802580435955366,0.017090582233216217,2.81249177231488,0.04385048275223892,-0.0926823781727347
1.934386877375475,PASSED,-0.2950444454115897,-0.008008724167279258,0.017073265635193458,2.8125355764927935,0.0437578545612672,-0.09259206617104068
1.935387077415483,PASSED,-0.29505244560611027,-0.00799166131576651,0.017055908764449835,2.8125792880877647,0.04366531682060524,-0.0925015236558996
1.936387277455491,PASSED,-0.2950604287464736,-0.007974615844625907,0.01703851272470863,2.812622907190357,0.04357286975641349,-0.09241075788232696
1.937387477495499,PASSED,-0.2950683948500798,-0.007957587793404965,0.017021076885098067,2.812666433891366,0.04348051360483994,-0.09231974736769559
1.9383876775355071,PASSED,-0.29507634393436816,-0.007940577200987509,0.017003602772365418,2.8127098682818197,0.04338824859904419,-0.09222851141446907
1.9393878775755151,PASSED,-0.29508427601681675,-0.007923584105972685,0.016986089843127265,2.8127532104529607,0.04329607494170741,-0.09213708795164545
1.9403880776155231,PASSED,-0.2950921911149426,-0.007906608547601106,0.01696853739054731,2.8127964604962683,0.04320399287522617,-0.09204538550096834
1.9413882776555311,PASSED,-0.2951000892463013,-0.007889650563862857,0.016950947970051467,2.8128396185034434,0.04311200263418158,-0.09195347807366672
1.9423884776955391,PASSED,-0.29510797042848647,-0.007872710192692403,0.01693331997072056,2.812882684566406,0.0430201044115881,-0.09186138560668582
1.9433886777355471,PASSED,-0.29511583467912983,-0.007855787472345999,0.01691565393019456,2.8129256587773,0.04292829844244563,-0.09176902483299308
1.9443888777755551,PASSED,-0.29512368201590106,-0.007838882440791426,0.016897949970823476,2.8129685412284933,0.042836584964787865,-0.09167644620761832
1.9453890778155631,PASSED,-0.29513151245650737,-0.007821995135048946,0.01688020959024863,2.813011332012567,0.04274496416890752,-0.09158369566215117
1.9463892778555711,PASSED,-0.2951393260186934,-0.007805125592396547,0.016862431360498427,2.8130540312223222,0.04265343627544423,-0.09149069199739336
1.9473894778955791,PASSED,-0.29514712272024085,-0.007788273850267163,0.01684461597530719,2.813096638950778,0.04256200152403049,-0.09139745769130368
1.9483896779355871,PASSED,-0.29515490257896854,-0.007771439945383708,0.016826764155555753,2.8131391552911733,0.042470660116451016,-0.09130404083825394
1.9493898779755952,PASSED,-0.29516266561273197,-0.007754623914206978,0.01680887585751411,2.8131815803369475,0.04237941224211115,-0.09121043000760276
1.9503900780156032,PASSED,-0.29517041183942316,-0.007737825793474028,0.01679095064990751,2.8132239141817728,0.04228825815663858,-0.09111652244921807
1.9513902780556112,PASSED,-0.2951781412769705,-0.007721045619215666,0.016772989997332496,2.813266156919518,0.042197198055639894,-0.09102248669833056
1.9523904780956192,PASSED,-0.29518585394333874,-0.007704283427789098,0.016754992379391764,2.8133083086442707,0.04210623212649551,-0.0909282241084248
1.9533906781356272,PASSED,-0.2951935498565282,-0.007687539254613097,0.016736960373738917,2.813350369450329,0.04201536061364517,-0.09083370534493802
1.9543908781756352,PASSED,-0.29520122903457524,-0.007670813135476467,0.016718891645223655,2.8133923394321942,0.041924583710146616,-0.09073903560096866
1.9553910782156432,PASSED,-0.2952088914955517,-0.007654105106150777,0.016700787779334602,2.8134342186845833,0.04183390161450018,-0.0906441356767574
1.9563912782556512,PASSED,-0.29521653725756475,-0.007637415201531541,0.016682649179168847,2.813476007302411,0.041743314544356744,-0.09054902645455003
1.9573914782956592,PASSED,-0.29522416633875687,-0.007620743456911529,0.016664474913909353,2.813517705380809,0.04165282270939937,-0.09045370729258556
1.9583916783356672,PASSED,-0.2952317787573054,-0.007604089907304284,0.01664626606946732,2.8135593130151046,0.04156242630420796,-0.09035820379063243
1.9593918783756752,PASSED,-0.29523937453142246,-0.007587454587029012,0.016628023079143198,2.813600830300832,0.04147212552915765,-0.09026248922342821
1.9603920784156832,PASSED,-0.295246953679355,-0.007570837531011956,0.01660974464233083,2.8136422573337336,0.04138192060530359,-0.09016654694114223
1.9613922784556912,PASSED,-0.29525451621938426,-0.007554238773550552,0.01659143267411876,2.8136835942097447,0.04129181171673021,-0.09007044966154454
1.9623924784956992,PASSED,-0.2952620621698258,-0.007537658348545653,0.016573086558752406,2.813724841025004,0.04120179905742981,-0.08997413239296871
1.9633926785357072,PASSED,-0.29526959154902926,-0.007521096290332346,0.01655470598300941,2.813765997875857,0.04111188285603829,-0.08987758072388882
1.9643928785757152,PASSED,-0.29527710437537824,-0.007504552632763467,0.016536291959460558,2.8138070648588376,0.04102206328527658,-0.08978089745359233
1.9653930786157232,PASSED,-0.29528460066729006,-0.007488027409230493,0.01651784458198283,2.813848042070687,0.04093234054299286,-0.08968397217047872
1.9663932786557312,PASSED,-0.2952920804432156,-0.007471520653190814,0.016499363678143336,2.813888929608336,0.04084271484478498,-0.08958684889947496
1.9673934786957392,PASSED,-0.29529954372163925,-0.00745503239852688,0.016480848654459868,2.813929727568918,0.04075318637319882,-0.08948955337728846
1.9683936787357472,PASSED,-0.29530699052107845,-0.007438562677877262,0.016462301979724134,2.8139704360497557,0.04066375531672782,-0.0893920585334794
1.9693938787757552,PASSED,-0.295314420860084,-0.007422111524264498,0.016443721368124865,2.8140110551483697,0.04057442188210667,-0.08929435201292903
1.9703940788157632,PASSED,-0.29532183475723944,-0.007405678970855274,0.016425108103287872,2.814051584962477,0.040485186265104736,-0.08919646032794176
1.9713942788557712,PASSED,-0.29532923223116103,-0.007389265050034212,0.016406462632912254,2.814092025589976,0.040396048632878684,-0.08909841349145457
1.9723944788957792,PASSED,-0.2953366133004977,-0.0073728697942660164,0.01638778452505087,2.8141323771289737,0.04030700920834299,-0.08900009856517076
1.9733946789357872,PASSED,-0.2953439779839309,-0.0073564932364147545,0.016369073402068647,2.8141726396777504,0.04021806816669499,-0.0889016703698918
1.9743948789757952,PASSED,-0.29535132630017424,-0.007340135408184772,0.016350331448591382,2.814212813334786,0.04012922568247557,-0.08880302678577441
1.9753950790158032,PASSED,-0.2953586582679734,-0.0073237963413511796,0.016331557090258682,2.8142528981987476,0.040040481973077,-0.08870416447375881
1.9763952790558112,PASSED,-0.29536597390610636,-0.007307476068963304,0.016312749252953253,2.814292894368492,0.039951837217954776,-0.08860514888786122
1.9773954790958193,PASSED,-0.29537327323338247,-0.007291174621773902,0.016293912480366844,2.8143328019430642,0.039863291590158924,-0.08850594706784036
1.9783956791358273,PASSED,-0.29538055626864324,-0.00727489203131264,0.016275042448526542,2.814372621021686,0.03977484527729535,-0.08840655672740046
1.9793958791758353,PASSED,-0.29538782303076117,-0.007258628329727289,0.016256141009899985,2.814412351703777,0.039686498484752974,-0.08830694975236004
1.9803960792158433,PASSED,-0.29539507353864064,-0.007242383548140857,0.016237208637453305,2.814451994088939,0.039598251389114936,-0.08820719289516214
1.9813962792558513,PASSED,-0.295402307811217,-0.007226157717167395,0.016218245864134274,2.8144915482769544,0.03951010415524708,-0.08810726118297596
1.9823964792958593,PASSED,-0.29540952586745667,-0.007209950868260853,0.016199250934813236,2.8145310143677853,0.039422056979092124,-0.08800711946962184
1.9833966793358673,PASSED,-0.2954167277263572,-0.00719376303260271,0.016180225473695565,2.814570392461588,0.03933411005765941,-0.08790678940809916
1.9843968793758753,PASSED,-0.2954239134069466,-0.007177594240057459,0.016161170592955,2.8146096826586913,0.03924626355247844,-0.08780631569622539
1.9853970794158833,PASSED,-0.2954310829282841,-0.007161444521911578,0.016142083181165084,2.814648885059606,0.03915851764005748,-0.08770564357077668
1.9863972794558913,PASSED,-0.29543823630945876,-0.007145313908534104,0.016122966841679263,2.8146879997650243,0.039070872517990296,-0.08760477439811588
1.9873974794958993,PASSED,-0.2954453735695906,-0.0071292024299453565,0.016103819753460223,2.8147270268758198,0.03898332836152206,-0.0875037445149776
1.9883976795359073,PASSED,-0.2954524947278295,-0.007113110116456383,0.016084642645980776,2.814765966493046,0.03889588534268658,-0.08740253504914591
1.9893978795759153,PASSED,-0.2954595998033557,-0.007097036998381108,0.016065435028138307,2.814804818717919,0.03880854362401245,-0.0873011744241147
1.9903980796159233,PASSED,-0.29546668881537924,-0.007080983105311955,0.016046198429828306,2.814843583651854,0.03872130341631606,-0.08719956321123909
1.9913982796559313,PASSED,-0.29547376178314005,-0.00706494846671784,0.01602693203697321,2.814882261396431,0.03863416488429802,-0.08709784455590264
1.992398479695939,PASSED,-0.2954808187259078,-0.007048933112860932,0.01600763507019707,2.8149208520534024,0.038547128172331434,-0.08699595690705035
1.993398679735947,PASSED,-0.2954878596629817,-0.0070329370731119865,0.015988309534777975,2.8149593557247057,0.03846019349629335,-0.08689382212544021
1.994398879775955,PASSED,-0.29549488461369033,-0.0070169603764077375,0.015968954817230582,2.81499777251244,0.0383733610151013,-0.08679158723645879
1.995399079815963,PASSED,-0.29550189359739165,-0.007001003052331957,0.015949570248147853,2.815036102518892,0.03828663088969185,-0.0866891508580954
1.996399279855971,PASSED,-0.2955088866334727,-0.006985065130026484,0.015930157010355838,2.815074345846504,0.038200003300949546,-0.08658654733177124
1.997399479895979,PASSED,-0.2955158637413497,-0.00696914663832154,0.015910714834670263,2.8151125025979047,0.03811347842816783,-0.08648375641502205
1.998399679935987,PASSED,-0.29552282494046755,-0.006953247605914781,0.015891244121483503,2.8151505728758917,0.03802705644083411,-0.08638080794617119
1.999399879975995,PASSED,-0.2955297702503002,-0.006937368061857395,0.0158717440146548,2.8151885567834234,0.037940737488925534,-0.08627771455018377
2.000400080016003,PASSED,-0.2955366996903501,-0.00692150803472709,0.015852215874071773,2.815226454423639,0.03785452176310054,-0.08617440000819271
2.001400280056011,PASSED,-0.2955436132801483,-0.0069056675525484305,0.015832659715051572,2.8152642658998417,0.03776840943437113,-0.0860709478768898
2.002400480096019,PASSED,-0.29555051103925395,-0.006889846643889839,0.015813074620952935,2.8153019913155006,0.0376824006450562,-0.0859673502736187
2.003400680136027,PASSED,-0.2955573929872549,-0.006874045337323572,0.01579346119647509,2.815339630774256,0.03759649558399013,-0.0858635349277022
2.004400880176035,PASSED,-0.295564259143767,-0.006858263660453148,0.015773820653056863,2.8153771843799156,0.037510694423579315,-0.08575957739955528
2.005401080216043,PASSED,-0.2955711095284339,-0.006842501641153505,0.015754151730699637,2.8154146522364534,0.03742499731087434,-0.08565546957525293
2.006401280256051,PASSED,-0.29557794416092736,-0.00682675930782306,0.01573445439694196,2.8154520344480045,0.037339404413208294,-0.08555118305990418
2.007401480296059,PASSED,-0.2955847630609469,-0.006811036687808478,0.01571473042634287,2.8154893311188727,0.03725391590754143,-0.0854467207381675
2.008401680336067,PASSED,-0.29559156624821953,-0.006795333808388083,0.015694978749763343,2.8155265423535214,0.03716853194683116,-0.08534212069167024
2.009401880376075,PASSED,-0.29559835374249993,-0.0067796506975481815,0.015675198899993487,2.8155636682565897,0.03708325270545345,-0.08523732183507202
2.010402080416083,PASSED,-0.2956051255635701,-0.0067639873825003395,0.01565539247974173,2.815600708932861,0.03699807833026871,-0.08513241075118304
2.011402280456091,PASSED,-0.2956118817312393,-0.0067483438901105725,0.015635558996450378,2.8156376644872942,0.03691300898802063,-0.08502729657934562
2.012402480496099,PASSED,-0.29561862226534397,-0.00673272024769801,0.015615698023304179,2.815674535025005,0.03682804485305604,-0.08492202722140836
2.013402680536107,PASSED,-0.2956253471857475,-0.0067171164824174475,0.015595810118735036,2.8157113206512716,0.036743186070384876,-0.08481661963767671
2.014402880576115,PASSED,-0.2956320565123403,-0.006701532620729107,0.015575896068077659,2.8157480214715256,0.0366584327953549,-0.08471104529151471
2.015403080616123,PASSED,-0.29563875026503944,-0.006685968689556558,0.015555954575529144,2.815784637591367,0.036573785206581326,-0.08460528442827447
2.016403280656131,PASSED,-0.29564542846378866,-0.00667042471553601,0.015535986983893968,2.8158211691165516,0.03648924345522522,-0.08449939597465225
2.017403480696139,PASSED,-0.2956520911285583,-0.006654900724887633,0.015515993091367251,2.8158576161529854,0.0364048076764978,-0.08439336722927501
2.018403680736147,PASSED,-0.29565873827934497,-0.00663939674417766,0.01549597245571074,2.8158939788067414,0.03632047805542721,-0.08428712363146618
2.019403880776155,PASSED,-0.29566536993617165,-0.006623912799647885,0.015475925912483562,2.815930257184045,0.03623625474795901,-0.08418076335933838
2.020404080816163,PASSED,-0.29567198611908757,-0.006608448917322509,0.015455853267304963,2.815966451391279,0.0361521378864172,-0.08407426033012566
2.021404280856171,PASSED,-0.2956785868481678,-0.006593005122981381,0.015435755057010486,2.816002561534979,0.03606812764114763,-0.08396756856251913
2.022404480896179,PASSED,-0.2956851721435135,-0.006577581442877714,0.015415630134769112,2.8160385877218337,0.03598422416888431,-0.08386074139717815
2.023404680936187,PASSED,-0.29569174202525145,-0.00656217790234422,0.015395480799311778,2.8160745300586907,0.03590042761409529,-0.08375376371692508
2.024404880976195,PASSED,-0.2956982965135343,-0.006546794527239624,0.015375304641452219,2.816110388652547,0.035816738134108884,-0.0836466241660539
2.025405081016203,PASSED,-0.29570483562853994,-0.006531431342975625,0.01535510401236203,2.816146163610551,0.03573315588105226,-0.08353933898365687
2.026405281056211,PASSED,-0.2957113593904721,-0.006516088374928423,0.015334877403762447,2.8161818550400044,0.03564968100194867,-0.08343190585021834
2.027405481096219,PASSED,-0.29571786781955955,-0.006500765648456929,0.015314625849981622,2.8162174630483627,0.03556631365667411,-0.08332430489077328
2.028405681136227,PASSED,-0.29572436093605614,-0.006485463188157021,0.015294349933192699,2.8162529877432276,0.03548305398811807,-0.08321657766623362
2.029405881176235,PASSED,-0.29573083876024103,-0.006470181019668232,0.015274047525854022,2.81628842923235,0.03539990214050261,-0.08310869424827377
2.030406081216243,PASSED,-0.2957373013124182,-0.006454919167826744,0.015253721385243798,2.816323787623631,0.035316858273488495,-0.0830006488580082
2.0314062812562512,PASSED,-0.2957437486129163,-0.006439677656563974,0.015233371181119996,2.8163590630251214,0.03523392253140953,-0.08289247089293404
2.0324064812962592,PASSED,-0.2957501806820889,-0.006424456511393375,0.015212994496916378,2.8163942555450183,0.03515109505505597,-0.08278414666064153
2.0334066813362672,PASSED,-0.2957565975403139,-0.006409255756728196,0.01519259477735503,2.8164293652916634,0.03506837599666417,-0.08267566621257613
2.0344068813762752,PASSED,-0.2957629992079938,-0.0063940754161886755,0.015172171047629652,2.8164643923735504,0.03498576550793113,-0.08256703708000558
2.0354070814162832,PASSED,-0.2957693857055554,-0.006378915514794504,0.015151721625200237,2.816499336899313,0.034903263723894164,-0.08245828200828287
2.0364072814562912,PASSED,-0.29577575705344944,-0.006363776076481115,0.015131249438848568,2.816534198977726,0.03482087077900258,-0.08234938681377978
2.0374074814962992,PASSED,-0.2957821132721511,-0.006348657125039527,0.015110752776746667,2.816568978717719,0.03473858684436615,-0.08224029985152734
2.0384076815363072,PASSED,-0.29578845438215917,-0.006333558684416199,0.01509023252104837,2.816603676228357,0.03465641205016559,-0.08213112376657378
2.0394078815763153,PASSED,-0.2957947804039964,-0.006318480778585444,0.01506968803722529,2.816638291618849,0.03457434652193229,-0.08202179787779205
2.0404080816163233,PASSED,-0.2958010913582092,-0.006303423430711228,0.015049121098877094,2.81667282499855,0.034492390430877505,-0.08191228650611225
2.0414082816563313,PASSED,-0.29580738726536754,-0.006288386664653477,0.015028529363667265,2.8167072764769467,0.03441054389683473,-0.08180269906720926
2.0424084816963393,PASSED,-0.2958136681460647,-0.006273370503717309,0.015007915317835636,2.8167416461636754,0.03432880705828685,-0.08169293153500187
2.0434086817363473,PASSED,-0.29581993402091733,-0.006258374970862569,0.014987277879344256,2.8167759341685126,0.03424718008085496,-0.08158300802982288
2.0444088817763553,PASSED,-0.29582618491056534,-0.006243400089678123,0.014966616721179753,2.816810140601364,0.034165663072521356,-0.08147300853611474
2.0454090818163633,PASSED,-0.2958324208356716,-0.006228445882676766,0.014945933854807202,2.8168442655722807,0.034084256173511525,-0.08136282599230824
2.0464092818563713,PASSED,-0.29583864181692165,-0.006213512372727254,0.014925227345982083,2.8168783091914524,0.03400295955085342,-0.08125248710197118
2.0474094818963793,PASSED,-0.29584484787502435,-0.0061985995831052,0.014904497806100177,2.816912271569197,0.03392177330667822,-0.08114208222401623
2.0484096819363873,PASSED,-0.29585103903071064,-0.006183707535581869,0.014883747334819373,2.8169461528159845,0.033840697592351324,-0.08103146906215888
2.0494098819763953,PASSED,-0.29585721530473436,-0.006168836252987365,0.01486297276762673,2.8169799530424062,0.03375973255426004,-0.0809207507773687
2.0504100820164033,PASSED,-0.29586337671787155,-0.006153985758158418,0.014842176203159668,2.8170136723591894,0.03367887829409054,-0.08080993309758701
2.0514102820564113,PASSED,-0.29586952329092053,-0.006139156072250959,0.014821359043657495,2.8170473108772005,0.03359813496973812,-0.08069891852231566
2.0524104820964193,PASSED,-0.2958756550447018,-0.0061243472178754916,0.014800517930006763,2.8170808687074373,0.03351750272406352,-0.0805877971094487
2.0534106821364273,PASSED,-0.2958817720000578,-0.006109559217323234,0.01477965563375699,2.817114345961027,0.03343698165617432,-0.08047658174237042
2.0544108821764353,PASSED,-0.29588787417785284,-0.006094792091748946,0.014758772201309176,2.8171477427492317,0.03335657191491105,-0.08036518094387453
2.0554110822164433,PASSED,-0.2958939615989729,-0.006080045862755856,0.014737866854276117,2.8171810591834467,0.03327627365188957,-0.0802536510732156
2.0564112822564513,PASSED,-0.2959000342843256,-0.006065320552415948,0.014716939330329935,2.8172142953751855,0.03319608695177375,-0.08014206614423504
2.0574114822964593,PASSED,-0.29590609225484005,-0.006050616182057312,0.014695991044172714,2.817247451436108,0.03311601197174781,-0.08003025594707755
2.0584116823364673,PASSED,-0.29591213553146656,-0.006035932772276947,0.014675022271158451,2.8172805274779904,0.033036048853852244,-0.07991835919454374
2.0594118823764753,PASSED,-0.29591816413517663,-0.006021270344723026,0.014654031075764056,2.8173135236127407,0.032956197688798615,-0.07980636895969156
2.0604120824164833,PASSED,-0.2959241780869629,-0.006006628920500798,0.014633019653204354,2.817346439952395,0.03287645862487583,-0.07969419389817642
2.0614122824564913,PASSED,-0.2959301774078388,-0.005992008519711537,0.014611988213298299,2.8173792766091097,0.032796831789867455,-0.07958192908183603
2.0624124824964993,PASSED,-0.2959361621188386,-0.005977409163811733,0.01459093435747451,2.8174120336951725,0.03271731729548039,-0.07946953792387977
2.0634126825365073,PASSED,-0.2959421322410172,-0.005962830873248408,0.014569861367223842,2.817444711323,0.03263791528743799,-0.07935698812142138
2.0644128825765153,PASSED,-0.2959480877954498,-0.005948273667887206,0.014548768023854205,2.8174773096051196,0.03255862586669434,-0.07924437582512009
2.0654130826165233,PASSED,-0.2959540288032322,-0.005933737568451238,0.01452765371070991,2.817509828654195,0.03247944916337953,-0.07913158830793719
2.0664132826565313,PASSED,-0.2959599552854803,-0.005919222595223001,0.014506519573254327,2.8175422685830025,0.032400385308920844,-0.07901869855919276
2.0674134826965394,PASSED,-0.29596586726332996,-0.0059047287677039114,0.014485366149647258,2.8175746295044477,0.032321434414577715,-0.07890569153241331
2.0684136827365474,PASSED,-0.29597176475793713,-0.005890256105918193,0.014464192209767404,2.817606911531548,0.032242596596364824,-0.07879256933320827
2.0694138827765554,PASSED,-0.29597764779047736,-0.005875804629867893,0.014442998610654786,2.8176391147774518,0.032163871991114604,-0.07867929586155945
2.0704140828165634,PASSED,-0.2959835163821459,-0.005861374358625816,0.014421786329692323,2.817671239355417,0.03208526070330986,-0.07856594910019934
2.0714142828565714,PASSED,-0.2959893705541575,-0.0058469653119133415,0.014400553634329204,2.817703285378825,0.032006762847293445,-0.07845246062722455
2.0724144828965794,PASSED,-0.2959952103277463,-0.0058325775090855864,0.0143793022900394,2.817735252961169,0.031928378551905834,-0.0783388518945472
2.0734146829365874,PASSED,-0.2960010357241655,-0.0058182109688655,0.01435803217345164,2.8177671422160686,0.03185010793439867,-0.07822512791556352
2.0744148829765954,PASSED,-0.29600684676468736,-0.005803865710485516,0.01433674251767143,2.8177989532572494,0.03177195109542488,-0.07811131301259774
2.0754150830166034,PASSED,-0.29601264347060313,-0.0057895417528755645,0.01431543433813779,2.8178306861985574,0.031693908158641954,-0.0779973526298084
2.0764152830566114,PASSED,-0.2960184258632228,-0.0057752391144787335,0.014294107769292642,2.8178623411539503,0.03161597924329914,-0.07788329048482442
2.0774154830966194,PASSED,-0.2960241939638748,-0.005760957813805332,0.014272762609474418,2.8178939182375022,0.03153816445569279,-0.0777691190206963
2.0784156831366274,PASSED,-0.29602994779390623,-0.005746697869485254,0.014251398793813132,2.8179254175633988,0.03146046390955721,-0.07765483087882977
2.0794158831766354,PASSED,-0.29603568737468233,-0.005732459299590307,0.01423001729570276,2.817956839245929,0.031382877704002596,-0.07754045533846404
2.0804160832166434,PASSED,-0.2960414127275866,-0.005718242122079867,0.014208617653598604,2.817988183399508,0.031305405973253465,-0.07742591435623679
2.0814162832566514,PASSED,-0.2960471238740204,-0.0057040463549191955,0.014187200165387012,2.8180194501386504,0.031228048818447998,-0.07731131510494944
2.0824164832966594,PASSED,-0.29605282083540296,-0.00568987201599974,0.014165764755499886,2.8180506395779807,0.03115080632721547,-0.07719660865091568
2.0834166833366674,PASSED,-0.2960585036331713,-0.005675719122977326,0.0141443118670224,2.818081751832232,0.031073678630420997,-0.07708175555684263
2.0844168833766754,PASSED,-0.29606417228877996,-0.00566158769302312,0.01412284201232956,2.818112787016249,0.03099666584137379,-0.076966811374119
2.0854170834166834,PASSED,-0.2960698268237007,-0.005647477743526848,0.01410135448556466,2.8181437452449747,0.030919768034653874,-0.07685180361711393
2.0864172834566914,PASSED,-0.2960754672594227,-0.005633389291955375,0.014079849628746631,2.8181746266334686,0.030842985341155628,-0.07673662008567152
2.0874174834966994,PASSED,-0.296081093617452,-0.005619322354869008,0.014058328724779391,2.8182054312968856,0.030766317867884484,-0.07662137539478925
2.0884176835367074,PASSED,-0.29608670591931174,-0.005605276949196955,0.014036790303569423,2.818236159350485,0.03068976568860898,-0.0765060485293099
2.0894178835767154,PASSED,-0.2960923041865417,-0.005591253091968011,0.014015235179192486,2.818266810909638,0.03061332893988824,-0.07639054884835782
2.0904180836167234,PASSED,-0.2960978884406983,-0.005577250799192682,0.01399366450608743,2.8182973860898053,0.030537007710739906,-0.07627501601498175
2.0914182836567314,PASSED,-0.29610345870335425,-0.005563270087229157,0.013972076935150112,2.818327885006557,0.030460802084228935,-0.07615936684162873
2.0924184836967394,PASSED,-0.2961090149960988,-0.0055493109730898665,0.01395047227538583,2.8183583077755627,0.030384712190510366,-0.0760435783031947
2.0934186837367474,PASSED,-0.2961145573405371,-0.005535373471758259,0.01392885403575492,2.8183886545125887,0.030308738114618997,-0.07592774095015334
2.0944188837767554,PASSED,-0.29612008575829035,-0.005521457599346149,0.013907217996345577,2.818418925333502,0.030232879942659104,-0.07581179263304771
2.0954190838167635,PASSED,-0.2961256002709954,-0.005507563372149259,0.013885566663918615,2.8184491203542636,0.030157137787956985,-0.07569572941482648
2.0964192838567715,PASSED,-0.29613110090030476,-0.005493690805164878,0.013863900531356608,2.8184792396909355,0.030081511745953558,-0.07557958372916253
2.0974194838967795,PASSED,-0.29613658766788664,-0.005479839913722064,0.013842218717117908,2.8185092834596746,0.030006001903412273,-0.07546334841602505
2.0984196839367875,PASSED,-0.29614206059542425,-0.005466010713432994,0.013820521337037575,2.8185392517767283,0.02993060835557838,-0.0753470141124734
2.0994198839767955,PASSED,-0.29614751970461606,-0.005452203219176986,0.01379880953532359,2.8185691447584427,0.02985533120352163,-0.07523057735293674
2.1004200840168035,PASSED,-0.2961529650171753,-0.005438417445373727,0.013777083315216406,2.818598962521256,0.02978017053759465,-0.07511405830967006
2.1014202840568115,PASSED,-0.2961583965548304,-0.005424653407615124,0.013755340720860274,2.8186287051816947,0.029705126436940243,-0.07499746221756703
2.1024204840968195,PASSED,-0.2961638143393241,-0.005410911119913233,0.013733585689242876,2.8186583728563788,0.0296301990046552,-0.07488074566336461
2.1034206841368275,PASSED,-0.2961692183924136,-0.005397190596226024,0.013711815685852986,2.818687965662022,0.029555388338633713,-0.07476394626023757
2.1044208841768355,PASSED,-0.2961746087358706,-0.005383491851734498,0.013690030361975221,2.818717483715422,0.029480694505553483,-0.0746470909602214
2.1054210842168435,PASSED,-0.2961799853914807,-0.005369814900010533,0.013668232631958606,2.8187469271334655,0.029406117601819836,-0.0745301122492638
2.1064212842568515,PASSED,-0.29618534838104366,-0.005356159754432535,0.01364642087535655,2.8187762960331275,0.029331657724946947,-0.07441305328863922
2.1074214842968595,PASSED,-0.29619069772637274,-0.0053425264293279085,0.013624594590807046,2.818805590531469,0.029257314946999086,-0.07429592772067163
2.1084216843368675,PASSED,-0.29619603344929507,-0.005328914938246515,0.013602755408451862,2.8188348107456354,0.02918308935481547,-0.07417870182557595
2.1094218843768755,PASSED,-0.29620135557165117,-0.005315325294214568,0.013580903114279034,2.81886395679286,0.029108981044427072,-0.07406138276360963
2.1104220844168835,PASSED,-0.2962066641152947,-0.005301757510437628,0.013559037552047222,2.818893028790452,0.029034990079876696,-0.073944019074892
2.1114222844568915,PASSED,-0.2962119591020926,-0.005288211600055481,0.013537158935546153,2.818922026855815,0.028961116559462742,-0.0738265213066637
2.1124224844968995,PASSED,-0.29621724055392434,-0.005274687575773272,0.01351526784665109,2.818950951106419,0.0288873605547968,-0.07370899357212482
2.1134226845369075,PASSED,-0.2962225084926827,-0.005261185450580128,0.013493363424139013,2.818979801659823,0.028813722139672298,-0.0735913628260898
2.1144228845769155,PASSED,-0.29622776294027253,-0.005247705236438718,0.01347144795292428,2.8190085786336696,0.028740201417263928,-0.07347362879655689
2.1154230846169235,PASSED,-0.2962330039186114,-0.005234246945806619,0.013449519084881085,2.8190372821456715,0.028666798444953803,-0.07335586798584215
2.1164232846569315,PASSED,-0.29623823144962896,-0.005220810591308009,0.013427578107764,2.819065912313623,0.028593513295740537,-0.07323800336488528
2.1174234846969395,PASSED,-0.29624344555526677,-0.0052073961842675825,0.013405626328867,2.8190944692553943,0.028520346065829295,-0.07312004760881707
2.1184236847369475,PASSED,-0.29624864625747843,-0.005194003736481596,0.013383662090732754,2.8191229530889297,0.028447296815849014,-0.07300205156126134
2.1194238847769555,PASSED,-0.2962538335782293,-0.005180633260171327,0.013361685789960852,2.8191513639322476,0.028374365613737143,-0.07288396914561009
2.1204240848169635,PASSED,-0.296259007539496,-0.005167284766044519,0.013339699684705577,2.819179701903446,0.028301552556489796,-0.07276578264850181
2.1214242848569715,PASSED,-0.2962641681632666,-0.00515395826542759,0.013317701238410057,2.819207967120685,0.028228857691227176,-0.07264758700535934
2.1224244848969795,PASSED,-0.29626931547154023,-0.005140653769895692,0.01329569172755665,2.8192361597022075,0.028156281098021003,-0.07252926400671801
2.1234246849369875,PASSED,-0.29627444948632714,-0.005127371289926421,0.013273672130414133,2.8192642797663146,0.028083822851427274,-0.07241090165173518
2.1244248849769956,PASSED,-0.29627957022964824,-0.005114110836077932,0.013251641660538117,2.819292327431391,0.028011483019618724,-0.07229245191309468
2.1254250850170036,PASSED,-0.296284677723535,-0.005100872419046651,0.01322960061177723,2.819320302815876,0.02793926166072466,-0.07217396354804934
2.1264252850570116,PASSED,-0.29628977199002954,-0.0050876560494420835,0.013207548933094886,2.8193482060382857,0.027867158848030423,-0.07205537879169169
2.1274254850970196,PASSED,-0.29629485305118386,-0.005074461736771677,0.01318548849528076,2.819376037217197,0.027795174652960362,-0.07193673925564166
2.1284256851370276,PASSED,-0.2962999209290603,-0.005061289491442102,0.013163416552436916,2.8194037964712546,0.027723309130425495,-0.07181804472102028
2.1294258851770356,PASSED,-0.296304975645731,-0.0050481393233887065,0.013141335720701345,2.8194314839191694,0.027651562349546834,-0.07169927165042053
2.1304260852170436,PASSED,-0.29631001722327766,-0.0050350112415542,0.013119245910376918,2.819459099679713,0.027579934377434785,-0.07158043908646525
2.1314262852570516,PASSED,-0.29631504568379163,-0.005021905255816956,0.013097145621820825,2.81948664387172,0.027508425265375613,-0.07146156070764062
2.1324264852970596,PASSED,-0.2963200610493735,-0.00500882137554278,0.01307503670907848,2.819514116614084,0.02743703507764659,-0.07134260574327546
2.1334266853370676,PASSED,-0.296325063342133,-0.004995759609420225,0.013052919064874206,2.8195415180257584,0.027365763874621925,-0.07122360121225978
2.1344268853770756,PASSED,-0.2963300525841889,-0.004982719966303573,0.013030792484505555,2.819568848225764,0.02729461172446862,-0.07110451611400125
2.1354270854170836,PASSED,-0.29633502879766843,-0.004969702455098419,0.01300865701891825,2.8195961073331706,0.027223578672020885,-0.07098541000355585
2.1364272854570916,PASSED,-0.2963399920047078,-0.004956707084136039,0.01298651359135607,2.8196232954671063,0.027152664767841464,-0.07086623362999567
2.1374274854970996,PASSED,-0.2963449422274513,-0.004943733861729853,0.012964361616072046,2.819650412746759,0.027081870090293413,-0.07074697349342397
2.1384276855371076,PASSED,-0.2963498794880515,-0.0049307827960488985,0.012942201724209235,2.81967745929137,0.027011194679813805,-0.0706277018037282
2.1394278855771156,PASSED,-0.2963548038086691,-0.004917853894734934,0.012920034373800422,2.8197044352202303,0.02694063857801599,-0.070508368460539
2.1404280856171236,PASSED,-0.2963597152114724,-0.0049049471658692044,0.012897858527015584,2.819731340652691,0.026870201862002355,-0.07038894771569598
2.1414282856571316,PASSED,-0.2963646137186375,-0.004892062616800282,0.012875676096860725,2.819758175708151,0.026799884573567797,-0.07026951558046446
2.1424284856971396,PASSED,-0.29636949935234785,-0.004879200254924825,0.01285348572785485,2.819784940506057,0.026729686745040646,-0.07015003715827432
2.1434286857371476,PASSED,-0.29637437213479423,-0.004866360087396783,0.012831288728167254,2.81981163516591,0.026659608449870007,-0.07003046717888219
2.1444288857771556,PASSED,-0.2963792320881743,-0.004853542120955224,0.012809084917154226,2.8198382598072596,0.026589649734652394,-0.0699108805767692
2.1454290858171636,PASSED,-0.296384079234693,-0.004840746363072005,0.012786873193929576,2.8198648145496974,0.026519810621400415,-0.06979126836878545
2.1464292858571716,PASSED,-0.2963889135965615,-0.004827972819494994,0.012764657165730558,2.8198912995128707,0.026450091183628597,-0.069671550707174
2.1474294858971796,PASSED,-0.29639373519599765,-0.004815221496885248,0.012742432905756804,2.8199177148164587,0.026380491454029202,-0.06955184886087137
2.1484296859371876,PASSED,-0.2963985440552257,-0.004802492401985593,0.012720202895588322,2.8199440605802,0.02631101147322608,-0.06943206876462578
2.1494298859771956,PASSED,-0.29640334019647585,-0.004789785540131863,0.012697967825824597,2.8199703369238667,0.026241651297240962,-0.06931224746544161
2.1504300860172036,PASSED,-0.2964081236419843,-0.0047771009172828255,0.012675726197845346,2.8199965439672776,0.026172410955740032,-0.06919240419125727
2.1514302860572116,PASSED,-0.29641289441399304,-0.004764438539423298,0.012653478967314962,2.8200226818302867,0.02610329048517845,-0.06907251480846267
2.1524304860972197,PASSED,-0.2964176525347494,-0.004751798411647814,0.012631226980931259,2.82004875063279,0.02603428993397592,-0.06895257546524479
2.1534306861372277,PASSED,-0.2964223980265062,-0.004739180539240077,0.012608969358940025,2.8200747504947348,0.025965409355997237,-0.06883257965430181
2.1544308861772357,PASSED,-0.29642713091152145,-0.004726584927392475,0.012586706840043226,2.820100681536086,0.02589664875371913,-0.06871261736064668
2.1554310862172437,PASSED,-0.29643185121205806,-0.004714011580924676,0.012564439552970607,2.820126543876857,0.025828008175464233,-0.0685925521843965
2.1564312862572517,PASSED,-0.2964365589503836,-0.004701460504478806,0.012542167707803439,2.820152337637096,0.02575948768222798,-0.06847245393748747
2.1574314862972597,PASSED,-0.29644125414877054,-0.004688931702702481,0.012519891155338775,2.8201780629368844,0.025691087278317957,-0.06835237055837903
2.1584316863372677,PASSED,-0.2964459368294953,-0.004676425179477542,0.012497611271338511,2.8202037198963383,0.02562280699771407,-0.06823222063423232
2.1594318863772757,PASSED,-0.2964506070148388,-0.004663940939022133,0.012475326578123119,2.820229308635604,0.025554646893269882,-0.06811202698415085
2.1604320864172837,PASSED,-0.29645526472708583,-0.004651478985892387,0.012453037497493366,2.8202548292748593,0.025486606978779146,-0.06799183949512799
2.1614322864572917,PASSED,-0.2964599099885251,-0.004639039322993443,0.012430746499913221,2.820280281934317,0.025418687286807965,-0.06787159362187861
2.1624324864972992,PASSED,-0.2964645428214488,-0.004626621953704631,0.012408451148078928,2.8203056667342095,0.025350887845573534,-0.0677513396428008
2.1634326865373072,PASSED,-0.29646916324815253,-0.004614226882319602,0.012386151542996602,2.8203309837948094,0.025283208691133246,-0.06763103097194505
2.1644328865773153,PASSED,-0.2964737712909353,-0.004601854111414942,0.012363850479101315,2.8203562332364065,0.025215649841273936,-0.06751072911755077
2.1654330866173233,PASSED,-0.2964783669720989,-0.004589503643486002,0.01234154622883152,2.820381415179321,0.025148211317103895,-0.0673903875383674
2.1664332866573313,PASSED,-0.2964829503139481,-0.004577175481862707,0.0123192385529369,2.8204065297438974,0.02508089315782219,-0.06727000711060264
2.1674334866973393,PASSED,-0.29648752133879036,-0.004564869629128148,0.012296928855640607,2.8204315770505035,0.025013695376865583,-0.067149630187277
2.1684336867373473,PASSED,-0.29649208006893546,-0.0045525860871190715,0.012274617444700913,2.82045655721953,0.02494661799323507,-0.06702921925932925
2.1694338867773553,PASSED,-0.29649662652669545,-0.004540324858388768,0.012252302920705081,2.82048147037139,0.024879661036530425,-0.06690878166819153
2.1704340868173633,PASSED,-0.29650116073438465,-0.004528085945118992,0.012229986835824835,2.8205063166265125,0.024812824518259516,-0.06678834267272248
2.1714342868573713,PASSED,-0.296505682714319,-0.0045158693485253835,0.012207669765465995,2.820531096105352,0.02474610846307738,-0.06666786352174123
2.1724344868973793,PASSED,-0.2965101924888161,-0.004503675070273157,0.012185350576733221,2.82055580892838,0.02467951289254503,-0.06654737520608968
2.1734346869373873,PASSED,-0.2965146900801952,-0.0044915031122155415,0.012163029711535852,2.820580455216083,0.024613037813170584,-0.06642688215335739
2.1744348869773953,PASSED,-0.2965191755107769,-0.004479353475216774,0.012140708523587628,2.8206050350889647,0.024546683242964287,-0.06630636224158613
2.1754350870174033,PASSED,-0.2965236488028826,-0.004467226160176278,0.012118386051768024,2.820629548667542,0.024480449201753667,-0.06618582718997244
2.1764352870574113,PASSED,-0.2965281099788349,-0.004455121168170475,0.0120960626418269,2.820653996072348,0.024414335699588882,-0.06606528548133182
2.1774354870974193,PASSED,-0.2965325590609569,-0.004443038499562295,0.012073739252416005,2.8206783774239317,0.02434834275160447,-0.0659447229864624
2.1784356871374273,PASSED,-0.29653699607157225,-0.004430978154693783,0.012051415279242849,2.820702692842848,0.02428247036507082,-0.06582416223178172
2.1794358871774353,PASSED,-0.29654142103300507,-0.0044189401343800614,0.01202909033670697,2.820726942449664,0.024216718549146015,-0.06570358505349282
2.1804360872174433,PASSED,-0.2965458339675794,-0.004406924438092458,0.012006766921535949,2.820751126364961,0.02415108732246278,-0.06558298776972304
2.1814362872574513,PASSED,-0.2965502348976194,-0.004394931065580087,0.011984442906261257,2.82077524470932,0.02408557667853902,-0.06546241469311989
2.1824364872974593,PASSED,-0.29655462384544884,-0.004382960016919716,0.011962119163110371,2.820799297603338,0.02402018663195301,-0.06534180118127626
2.1834366873374673,PASSED,-0.2965590008333911,-0.004371011291437818,0.01193979636108994,2.820823285167615,0.023954917196645983,-0.06522119139085836
2.1844368873774753,PASSED,-0.29656336588376897,-0.004359084888282595,0.011917474351310119,2.820847207522757,0.023889768364430186,-0.06510059276575143
2.1854370874174833,PASSED,-0.2965677190189043,-0.004347180806534381,0.011895153346150125,2.8208710647893716,0.023824740139418526,-0.06497997984226803
2.1864372874574913,PASSED,-0.2965720602611178,-0.004335299045011676,0.01187283364040818,2.8208948570880716,0.023759832533193085,-0.06485935714755632
2.1874374874974993,PASSED,-0.2965763896327295,-0.004323439602894607,0.011850514434843884,2.8209185845394713,0.02369504554147149,-0.06473874810429221
2.1884376875375073,PASSED,-0.29658070715605733,-0.004311602478018953,0.011828198502860647,2.8209422472641887,0.023630379165121,-0.06461812851462335
2.1894378875775153,PASSED,-0.29658501285341804,-0.004299787668740304,0.011805883129174261,2.8209658453828386,0.023565833407866547,-0.06449750974767422
2.1904380876175233,PASSED,-0.29658930674712647,-0.004287995173888912,0.011783569332870478,2.8209893790160336,0.023501408258940135,-0.06437690837890721
2.1914382876575313,PASSED,-0.29659358885949555,-0.004276224990750651,0.011761259008520592,2.8210128482843904,0.023437103725649493,-0.06425628323179738
2.1924384876975394,PASSED,-0.2965978592128359,-0.004264477116702442,0.011738950741334275,2.821036253308513,0.02337291979839754,-0.06413568993205289
2.1934386877375474,PASSED,-0.29660211782945584,-0.004252751550203978,0.011716643669883415,2.8210595942090095,0.023308856471440497,-0.06401508497370126
2.1944388877775554,PASSED,-0.29660636473166124,-0.004241048288468397,0.011694340446045384,2.8210828711064764,0.023244913740523787,-0.06389449487871557
2.1954390878175634,PASSED,-0.29661059994175504,-0.004229367327858144,0.011672040719723926,2.8211060841215088,0.023181091602072358,-0.06377390083323697
2.1964392878575714,PASSED,-0.29661482348203744,-0.004217708665883933,0.011649742810536086,2.821129233374689,0.02311739004182126,-0.06365333319633683
2.1974394878975794,PASSED,-0.2966190353748054,-0.004206072299679581,0.011627448466895797,2.821152318986596,0.023053809053869903,-0.06353275778804086
2.1984396879375874,PASSED,-0.29662323564235255,-0.004194458225134563,0.01160515859709946,2.821175341077794,0.022990348629278845,-0.06341220245973472
2.1994398879775954,PASSED,-0.29662742430696915,-0.004182866439078335,0.011582871028979373,2.821198299768842,0.02292700875501012,-0.06329165547472489
2.2004400880176034,PASSED,-0.2966316013909416,-0.004171296937830829,0.011560588059856557,2.8212211951802795,0.0228637894125584,-0.06317113376971153
2.2014402880576114,PASSED,-0.2966357669165525,-0.004159749716968799,0.011538309396811816,2.8212440274326442,0.02280069060601087,-0.06305058839940807
2.2024404880976194,PASSED,-0.2966399209060805,-0.004148224772590223,0.011516034366417429,2.821266796646447,0.02273771230172771,-0.06293011487232418
2.2034406881376274,PASSED,-0.2966440633817998,-0.004136722100659351,0.01149376364050891,2.821289502942195,0.022674854490615466,-0.06280960860552574
2.2044408881776354,PASSED,-0.2966481943659805,-0.0041252416963039815,0.011471498165277266,2.82131214644037,0.022612117163115994,-0.0626891400954372
2.2054410882176434,PASSED,-0.2966523138808876,-0.00411378355451278,0.011449237541819045,2.821334727261447,0.02254950029697605,-0.06256868350294473
2.2064412882576514,PASSED,-0.29665642194878167,-0.0041023476709723585,0.011426980872821938,2.821357245525871,0.02248700386635261,-0.0624482620371071
2.2074414882976594,PASSED,-0.29666051859191805,-0.004090934040428716,0.01140473032419059,2.8213797013540782,0.022424627859981998,-0.062327835926281855
2.2084416883376674,PASSED,-0.29666460383254717,-0.0040795426574576545,0.011382484735643657,2.8214020948664786,0.022362372259817676,-0.06220744298967533
2.2094418883776754,PASSED,-0.29666867769291383,-0.004068173516648872,0.011360244857542322,2.821424426183462,0.022300237032686684,-0.06208708322520687
2.2104420884176834,PASSED,-0.29667274019525736,-0.004056826612377562,0.011338010547154801,2.8214466954254003,0.022238222169396412,-0.06196671666698274
2.2114422884576914,PASSED,-0.2966767913618116,-0.004045501939186169,0.011315781620885179,2.8214689027126347,0.022176327636937377,-0.06184640965373997
2.2124424884976994,PASSED,-0.2966808312148041,-0.0040341994904379815,0.01129356016639027,2.8214910481654867,0.022114553405611404,-0.06172611244079389
2.2134426885377074,PASSED,-0.29668485977645653,-0.004022919260139028,0.01127134372066229,2.8215131319042506,0.02205289946467956,-0.06160582659254143
2.2144428885777154,PASSED,-0.2966888770689842,-0.004011661242264219,0.01124913397757322,2.821535154049199,0.021991365782870843,-0.061485585286165816
2.2154430886177234,PASSED,-0.2966928831145962,-0.004000425430045907,0.01122693104547111,2.8215571147205707,0.02192995231822559,-0.0613653842179762
2.2164432886577314,PASSED,-0.2966968779354946,-0.003989211816687394,0.011204734900540402,2.8215790140385746,0.02186865905094108,-0.06124518932886592
2.2174434886977394,PASSED,-0.296700861553875,-0.0039780203953175995,0.011182545682630317,2.821600852123403,0.021807485969765807,-0.06112500907287651
2.2184436887377474,PASSED,-0.2967048339919257,-0.003966851158738308,0.01116036384373386,2.8216226290952036,0.021746433012772508,-0.061004922273578815
2.2194438887777554,PASSED,-0.296708795271828,-0.003955704099930759,0.011138188783425141,2.8216443450740996,0.0216855001567714,-0.060884811819461856
2.2204440888177635,PASSED,-0.2967127454157559,-0.003944579211517985,0.011116021499006097,2.8216660001801785,0.021624687386526193,-0.06076474252904227
2.2214442888577715,PASSED,-0.29671668444587557,-0.003933476485259721,0.011093862764434978,2.8216875945334956,0.021563994647180007,-0.060644737224284734
2.2224444888977795,PASSED,-0.2967206123843459,-0.003922395914099788,0.011071710090266475,2.821709128254076,0.02150342191220901,-0.06052473346880407
2.2234446889377875,PASSED,-0.2967245292533176,-0.00391133748988942,0.011049566957103721,2.821730601461902,0.02144296914867722,-0.06040478357378466
2.2244448889777955,PASSED,-0.29672843507493324,-0.0039003012037989253,0.01102743217942191,2.821752014276925,0.021382636314463608,-0.06028486797349369
2.2254450890178035,PASSED,-0.2967323298713274,-0.0038892870484037844,0.011005304205620622,2.821773366819054,0.021322423370109467,-0.06016499527456934
2.2264452890578115,PASSED,-0.29673621366462616,-0.0038782950148901433,0.010983186385654277,2.821794659208167,0.021262330285882404,-0.060045143528721825
2.2274454890978195,PASSED,-0.2967400864769469,-0.0038673250941340617,0.010961077003033457,2.821815891564094,0.021202357012790992,-0.059925359466536786
2.2284456891378275,PASSED,-0.2967439483303983,-0.00385637727799752,0.010938975558880792,2.82183706400663,0.021142503509556074,-0.059805599080503084
2.2294458891778355,PASSED,-0.29674779924708017,-0.0038454515570554857,0.010916884530804014,2.821858176655526,0.021082769739851005,-0.059685883454778876
2.2304460892178435,PASSED,-0.29675163924908304,-0.003834547921764397,0.01089480246461158,2.821879229630495,0.021023155663918717,-0.05956620425062567
2.2314462892578515,PASSED,-0.29675546835848826,-0.0038236663635666896,0.010872728686437455,2.8219002230512,0.020963661226252737,-0.059446593276218
2.2324464892978595,PASSED,-0.2967592865973678,-0.003812806872597359,0.01085066582459209,2.8219211570372646,0.02090428638706405,-0.059327003130336474
2.2334466893378675,PASSED,-0.29676309398778383,-0.0038019694386541283,0.010828612688989676,2.8219420317082626,0.020845031103883013,-0.05920746988150532
2.2344468893778755,PASSED,-0.29676689055178895,-0.0037911540525559454,0.010806568370978249,2.8219628471837312,0.020785895335666937,-0.0590879671057869
2.2354470894178835,PASSED,-0.29677067631142556,-0.003780360703878109,0.010784535549075403,2.82198360358315,0.02072687902150298,-0.058968545536073516
2.2364472894578915,PASSED,-0.29677445128872604,-0.0037695893823472162,0.010762512185437239,2.8220043010259532,0.02066798211019722,-0.05884915515221679
2.2374474894978995,PASSED,-0.29677821550571243,-0.003758840077777453,0.010740499492647581,2.822024939631529,0.02060920457189436,-0.05872979373661743
2.2384476895379075,PASSED,-0.2967819689843963,-0.003748112779592706,0.010718497312813588,2.822045519519213,0.020550546344720182,-0.05861051613255479
2.2394478895779155,PASSED,-0.2967857117467786,-0.0037374074769101566,0.010696506262373015,2.8220660408082927,0.020492007371393686,-0.058491278122456115
2.2404480896179235,PASSED,-0.29678944381484956,-0.0037267241590468207,0.010674525597311618,2.8220865036179985,0.020433587606009516,-0.05837209022531267
2.2414482896579315,PASSED,-0.2967931652105882,-0.003716062814600902,0.01065255701165764,2.822106908067512,0.020375286998788895,-0.05825295188416262
2.2424484896979395,PASSED,-0.2967968759559626,-0.0037054234327711663,0.01063059837512144,2.8221272542759595,0.020317105486971174,-0.05813388510676107
2.2434486897379475,PASSED,-0.2968005760729296,-0.0036948060022516504,0.010608651949112362,2.8221475423624125,0.020259043017837382,-0.05801485848514349
2.2444488897779555,PASSED,-0.2968042655834344,-0.003684210510805498,0.010586717777511662,2.822167772445891,0.020201099547984748,-0.05789587743096342
2.2454490898179635,PASSED,-0.29680794450941067,-0.0036736369473549476,0.010564793899243263,2.8221879446453526,0.020143275003400407,-0.057776989353259915
2.2464492898579715,PASSED,-0.2968116128727802,-0.0036630852999444455,0.010542883084674872,2.8222080590796987,0.020085569324387674,-0.05765813878571751
2.2474494898979795,PASSED,-0.29681527069545305,-0.0036525555563929005,0.010520983862791955,2.8222281158677758,0.020027982473065725,-0.05753932634610085
2.2484496899379876,PASSED,-0.29681891799932686,-0.0036420477044847824,0.010499097271667937,2.822248115128369,0.019970514376868788,-0.05742060943082499
2.2494498899779956,PASSED,-0.2968225548062873,-0.0036315617321103755,0.010477222442899772,2.8222680569801986,0.019913164957814523,-0.05730195880322287
2.2504500900180036,PASSED,-0.29682618113820747,-0.003621097626667129,0.010455360776811319,2.8222879415419344,0.019855934190168237,-0.0571833068749954
2.2514502900580116,PASSED,-0.2968297970169479,-0.0036106553751140114,0.010433512070654705,2.8223077689321743,0.019798821994332,-0.057064788477064865
2.2524504900980196,PASSED,-0.29683340246435636,-0.003600234965257208,0.010411675047569279,2.8223275392694593,0.01974182828906584,-0.05694631645888976
2.2534506901380276,PASSED,-0.2968369975022679,-0.0035898363839770007,0.010389852101965686,2.8223472526722637,0.01968495303850435,-0.056827873296552533
2.2544508901780356,PASSED,-0.29684058215250414,-0.003579459617473668,0.010368042770911136,2.8223669092589962,0.019628196167287965,-0.05670953649627454
2.2554510902180436,PASSED,-0.29684415643687384,-0.003569104653339679,0.01034624504270743,2.822386509148009,0.01957155760801076,-0.05659124113116151
2.2564512902580516,PASSED,-0.2968477203771723,-0.0035587714780991905,0.010324462039008254,2.8224060524575703,0.01951503728446568,-0.056473045154363515
2.2574514902980596,PASSED,-0.29685127399518124,-0.003548460077241523,0.010302693403439974,2.822425539305903,0.019458635152600597,-0.056354856338894144
2.2584516903380676,PASSED,-0.29685481731266883,-0.0035381704378085617,0.010280936785974434,2.822444969811146,0.01940235113212063,-0.056236796574018345
2.2594518903780756,PASSED,-0.2968583503513893,-0.003527902546139885,0.01025919492381164,2.8224643440913684,0.019346185126003335,-0.05611881247948008
2.2604520904180836,PASSED,-0.296861873133083,-0.0035176563872183486,0.010237468253352195,2.822483662264583,0.01929013711282701,-0.056000813640884446
2.2614522904580916,PASSED,-0.2968653856794761,-0.0035074319476411215,0.010215753793143595,2.822502924448722,0.0192342070076299,-0.055882966234596716
2.2624524904980996,PASSED,-0.29686888801228056,-0.003497229212982762,0.010194055235170167,2.8225221307616466,0.019178394699513046,-0.0557652027050316
2.2634526905381076,PASSED,-0.29687238015319395,-0.003487048168448809,0.01017237073314199,2.8225412813211492,0.01912270016179005,-0.055647427734970965
2.2644528905781156,PASSED,-0.29687586212389916,-0.0034768887996115046,0.010150700906745826,2.822560376244948,0.019067123319960837,-0.05552978455870647
2.2654530906181236,PASSED,-0.2968793339460644,-0.0034667510916729575,0.010129045959747856,2.822579415650683,0.019011664056205774,-0.055412249885965804
2.2664532906581316,PASSED,-0.2968827956413432,-0.003456635029574752,0.010107406190510598,2.822598399655924,0.01895632232977809,-0.05529471078882737
2.2674534906981396,PASSED,-0.29688624723137386,-0.003446540598495326,0.010085781005369159,2.8226173283781684,0.01890109808331783,-0.05517727024121309
2.2684536907381476,PASSED,-0.2968896887377796,-0.0034364677831016837,0.010064171652491192,2.8226362019348294,0.018845991192788052,-0.05505997072215199
2.2694538907781556,PASSED,-0.29689312018216846,-0.003426416567883405,0.010042577595471176,2.8226550204432446,0.018791001593375475,-0.05494268520620005
2.2704540908181636,PASSED,-0.2968965415861329,-0.0034163869374617974,0.010020998972365743,2.822673784020678,0.018736129242469212,-0.05482546137297294
2.2714542908581716,PASSED,-0.29689995297124994,-0.00340637887623251,0.009999436067234828,2.8226924927843124,0.018681374025376233,-0.054708387572984414
2.2724544908981796,PASSED,-0.29690335435908083,-0.0033963923683463762,0.009977889098733055,2.822711146851253,0.018626735862161403,-0.05459134697606508
2.2734546909381876,PASSED,-0.29690674577117093,-0.0033864273979566746,0.009956357917013802,2.822729746338516,0.018572214688392933,-0.05447439163007624
2.2744548909781956,PASSED,-0.29691012722904964,-0.003376483948888453,0.009934843169026502,2.822748291363046,0.018517810413959897,-0.05435752963500794
2.2754550910182036,PASSED,-0.2969134987542303,-0.003366562005175718,0.009913344075206814,2.8227667820417035,0.018463522958618035,-0.054240739146433924
2.2764552910582116,PASSED,-0.2969168603682099,-0.003356661550310695,0.009891862058233563,2.822785218491264,0.018409352238399946,-0.05412404093252835
2.2774554910982197,PASSED,-0.29692021209246905,-0.0033467825675664344,0.009870396534945067,2.822803600828419,0.018355298166233224,-0.05400742632285603
2.2784556911382277,PASSED,-0.2969235539484718,-0.0033369250408046484,0.009848946913012994,2.822821929169779,0.018301360663267662,-0.05389088739403485
2.2794558911782357,PASSED,-0.2969268859576656,-0.0033270889532331684,0.009827514677124973,2.8228402036318694,0.018247539644528646,-0.053774439635671384
2.2804560912182437,PASSED,-0.296930208141481,-0.003317274287596729,0.009806099609316369,2.8228584243311245,0.018193835014224228,-0.05365809075025023
2.2814562912582517,PASSED,-0.2969335205213317,-0.003307481027115695,0.00978470106217925,2.8228765913838942,0.018140246689136053,-0.053541814646789754
2.2824564912982597,PASSED,-0.29693682311861425,-0.003297709154869168,0.009763319702758117,2.822894704906449,0.01808677459773183,-0.05342560924250892
2.2834566913382677,PASSED,-0.2969401159547081,-0.003287958653321425,0.00974195611106654,2.822912765014961,0.01803341863122378,-0.05330953801841281
2.2844568913782757,PASSED,-0.2969433990509753,-0.0032782295049755546,0.009720609835738938,2.8229307718255128,0.017980178693009625,-0.053193538344652264
2.2854570914182837,PASSED,-0.2969466724287603,-0.0032685216926597476,0.009699280635852132,2.8229487254541064,0.017927054724111,-0.0530775892679345
2.2864572914582917,PASSED,-0.2969499361093903,-0.0032588351985591815,0.009677969743708464,2.822966626016647,0.01787404661729914,-0.05296178517447936
2.2874574914982997,PASSED,-0.2969531901141744,-0.0032491700045389517,0.009656676871243951,2.8229844736289547,0.0178211542717021,-0.05284605254540982
2.2884576915383077,PASSED,-0.2969564344644042,-0.0032395260933240706,0.00963540077730581,2.8230022684067486,0.017768377608463067,-0.05273040370145286
2.2894578915783157,PASSED,-0.2969596691813531,-0.0032299034467243404,0.00961414381467959,2.823020010465664,0.017715716535204554,-0.05261485296321593
2.2904580916183237,PASSED,-0.2969628942862764,-0.0032203020460754303,0.009592905205063295,2.8230376999212377,0.017663170946314363,-0.05249941284150757
2.2914582916583317,PASSED,-0.2969661098004114,-0.0032107218735601623,0.009571684055404896,2.8230553368889137,0.017610740754795826,-0.05238404396988534
2.2924584916983397,PASSED,-0.29696931574497687,-0.0032011629109739734,0.009550481606710936,2.823072921484044,0.017558425874620774,-0.05226877097850072
2.2934586917383477,PASSED,-0.29697251214117315,-0.0031916251390493628,0.009529298803210566,2.8230904538218855,0.01750622620061914,-0.052153609350393926
2.2944588917783557,PASSED,-0.29697569901018195,-0.00318210853960664,0.009508133202396992,2.8231079340175946,0.01745414162979268,-0.05203854514384024
2.2954590918183637,PASSED,-0.2969788763731664,-0.0031726130942847882,0.00948698673482182,2.823125362186232,0.017402172073507874,-0.05192356371211319
2.2964592918583717,PASSED,-0.29698204425127067,-0.003163138783334667,0.009465860426987441,2.8231427384427663,0.017350317442589,-0.051808675723379105
2.2974594918983797,PASSED,-0.2969852026656201,-0.0031536855881981385,0.009444751609555104,2.8231600629020637,0.017298577625125093,-0.0516939119575863
2.2984596919383877,PASSED,-0.2969883516373209,-0.003144253490136867,0.009423662362415989,2.8231773356788885,0.017246952516543682,-0.05157923966396403
2.2994598919783957,PASSED,-0.29699149118746015,-0.00313484246919434,0.009402593329267721,2.823194556887918,0.01719544204692901,-0.051464622915143025
2.3004600920184037,PASSED,-0.2969946213371054,-0.0031254525059661803,0.009381543160754204,2.823211726643713,0.01714404608372513,-0.05135019006303934
2.3014602920584117,PASSED,-0.29699774210730523,-0.003116083582155936,0.009360510909904647,2.823228845060748,0.017092764533789308,-0.05123578985101057
2.3024604920984197,PASSED,-0.2970008535190884,-0.003106735677112656,0.00933950113219622,2.8232459122533893,0.01704159731807297,-0.05112149962655396
2.3034606921384277,PASSED,-0.29700395559346393,-0.0030974087707758796,0.009318509806496875,2.8232629283358994,0.016990544303552877,-0.051007357782452384
2.3044608921784357,PASSED,-0.2970070483514214,-0.0030881028447029466,0.009297536917223504,2.823279893422443,0.016939605396490833,-0.050893273248444344
2.3054610922184438,PASSED,-0.2970101318139302,-0.003078817878070051,0.00927658644334399,2.823296807627077,0.016888780506937314,-0.0507793004235756
2.3064612922584518,PASSED,-0.29701320600194003,-0.003069553850618916,0.00925565478966188,2.8233136710637594,0.016838069518568408,-0.05066544699912875
2.3074614922984598,PASSED,-0.2970162709363804,-0.0030603107432116525,0.00923474248566453,2.8233304838463407,0.016787472324060644,-0.050551692846853694
2.3084616923384678,PASSED,-0.2970193266381606,-0.0030510885347012477,0.009213852526898797,2.8233472460885674,0.016736988829020166,-0.05043802983622981
2.3094618923784758,PASSED,-0.2970223731281696,-0.0030418872046896308,0.009192981668096083,2.8233639579040792,0.01668661891976393,-0.05032449553624019
2.3104620924184838,PASSED,-0.2970254104272759,-0.0030327067335066842,0.009172130859512882,2.823380619406411,0.016636362487966377,-0.050211055971761585
2.3114622924584918,PASSED,-0.29702843855632777,-0.003023547100122239,0.009151301734400177,2.8233972307089856,0.01658621942951065,-0.05009772677837106
2.3124624924984998,PASSED,-0.29703145753615245,-0.0030144082835006393,0.009130493213065954,2.823413791925128,0.01653618964230954,-0.049984494149606686
2.313462692538508,PASSED,-0.29703446738755684,-0.00300529026348592,0.009109704549155287,2.823430303168045,0.01648627300646446,-0.04987139697539121
2.314462892578516,PASSED,-0.29703746813132675,-0.002996193019044345,0.009088937703188093,2.823446764550842,0.01643646941953359,-0.04975838023452623
2.315463092618524,PASSED,-0.29704045978822713,-0.002987116528836795,0.009068191877124876,2.8234631761865123,0.016386778776867925,-0.0496454842864272
2.316463292658532,PASSED,-0.29704344237900193,-0.002978060772078849,0.0090474666784929,2.8234795381879385,0.01633720095659801,-0.049532710925579704
2.31746349269854,PASSED,-0.2970464159243739,-0.002969025727586727,0.009026763034540974,2.823495850667891,0.01628773585087068,-0.049420035595153455
2.318463692738548,PASSED,-0.29704938044504475,-0.002960011374062079,0.00900608051805351,2.8235121137390355,0.016238383360379867,-0.04930746042125212
2.319463892778556,PASSED,-0.2970523359616945,-0.0029510176900797787,0.008985419625131066,2.8235283275139182,0.016189143357728693,-0.049195030804455434
2.320464092818564,PASSED,-0.2970552824949821,-0.0029420446540806998,0.008964780248378174,2.8235444921049813,0.016140015737095077,-0.049082680519725766
2.321464292858572,PASSED,-0.2970582200655447,-0.0029330922446144797,0.008944162278114535,2.8235606076245454,0.01609100038610497,-0.04897046463702941
2.32246449289858,PASSED,-0.2970611486939979,-0.0029241604396715148,0.008923566719532247,2.823576674184829,0.01604209719594763,-0.04885834050421024
2.323464692938588,PASSED,-0.29706406840093563,-0.0029152492178681896,0.00890299185918688,2.82359269189792,0.015993306033404094,-0.0487463772364209
2.324464892978596,PASSED,-0.29706697920693,-0.0029063585575267556,0.008882439329598733,2.823608660875811,0.015944626806473232,-0.04863446006048952
2.325465093018604,PASSED,-0.2970698811325311,-0.002897488436105333,0.008861909482638942,2.823624581230365,0.015896059393549607,-0.04852271483238239
2.326465293058612,PASSED,-0.29707277419826716,-0.002888638831775104,0.008841400895289475,2.8236404530733386,0.015847603665986577,-0.048411069383461965
2.32746549309862,PASSED,-0.2970756584246442,-0.002879809722578913,0.008820914730124576,2.8236562765163677,0.015799259525862887,-0.04829952061717304
2.328465693138628,PASSED,-0.297078533832146,-0.0028710010860090586,0.008800451129674463,2.8236720516709735,0.01575102684754529,-0.048188116784548325
2.329465893178636,PASSED,-0.2970814004412342,-0.0028622128997966493,0.00878000960089854,2.8236877786485572,0.015702905504928588,-0.0480768265048054
2.330466093218644,PASSED,-0.29708425827234797,-0.002853445141771314,0.008759590308293964,2.823703457560408,0.015654895400114416,-0.047965623687087726
2.331466293258652,PASSED,-0.29708710734590404,-0.0028446977890728203,0.008739194291960121,2.8237190885176884,0.015606996398948993,-0.047854586150982426
2.33246649329866,PASSED,-0.2970899476822965,-0.002835970819291218,0.008718820108030078,2.8237346716314544,0.015559208387332301,-0.047743628593831765
2.333466693338668,PASSED,-0.29709277930189704,-0.002827264209792252,0.00869846909292298,2.8237502070126306,0.015511531247948202,-0.047632813244277684
2.334466893378676,PASSED,-0.2970956022250544,-0.002818577937597447,0.008678140929393252,2.823765694772031,0.015463964858287275,-0.04752210727202749
2.335467093418684,PASSED,-0.29709841647209445,-0.0028099119798880258,0.008657835562772352,2.823781135020345,0.015416509100700155,-0.04741152446384627
2.336467293458692,PASSED,-0.29710122206332035,-0.002801266313961302,0.00863755283602456,2.8237965278681396,0.015369163846165084,-0.047301074582554566
2.3374674934987,PASSED,-0.2971040190190123,-0.0027926409167237593,0.008617293505222019,2.8238118734258655,0.01532192898374339,-0.04719072098112053
2.338467693538708,PASSED,-0.29710680735942724,-0.002784035764772685,0.008597057581641847,2.8238271718038526,0.015274804395929459,-0.0470804990358079
2.339467893578716,PASSED,-0.29710958710479907,-0.0027754508351540623,0.008576844309942917,2.823842423112301,0.015227789936775704,-0.046970432565718576
2.340468093618724,PASSED,-0.2971123582753384,-0.002766886104578545,0.00855665475256701,2.8238576274613,0.015180885509204625,-0.04686042424132004
2.341468293658732,PASSED,-0.2971151208912327,-0.002758341549820017,0.008536488095835406,2.823872784960799,0.015134090977004822,-0.046750604172122394
2.34246849369874,PASSED,-0.2971178749726457,-0.0027498171470677567,0.008516345856543232,2.823887895720643,0.015087406215173592,-0.04664086693730507
2.343468693738748,PASSED,-0.297120620539718,-0.002741312873121193,0.00849622600657819,2.8239029598505394,0.015040831109861921,-0.04653126422791465
2.344468893778756,PASSED,-0.2971233576125665,-0.002732828704292523,0.008476130710065284,2.8239179774600793,0.014994365527777824,-0.046421793988217344
2.345469093818764,PASSED,-0.2971260862112845,-0.0027243646169893047,0.008456058365320323,2.82393294865872,0.014948009338164934,-0.04631245336267004
2.346469293858772,PASSED,-0.2971288063559416,-0.0027159205873859373,0.008436010428731596,2.8239478735558086,0.01490176243990267,-0.04620319486199078
2.34746949389878,PASSED,-0.29713151806658344,-0.0027074965914110944,0.008415986338917339,2.823962752260549,0.014855624683061699,-0.04609413149362531
2.348469693938788,PASSED,-0.29713422136323214,-0.002699092605682073,0.00839598532242442,2.823977584882029,0.01480959593745064,-0.045985155022682675
2.349469893978796,PASSED,-0.2971369162658855,-0.002690708605919897,0.008376009388676497,2.8239923715292092,0.014763676104211575,-0.04587628538332114
2.350470094018804,PASSED,-0.29713960279451757,-0.0026823445679265163,0.008356057063183936,2.824007112310923,0.014717865039950024,-0.04576758351370517
2.351470294058812,PASSED,-0.2971422809690783,-0.0026740004681789415,0.008336128203835244,2.824021807335875,0.014672162605146238,-0.04565900233050653
2.35247049409882,PASSED,-0.2971449508094934,-0.002665676281895656,0.008316225002918731,2.8240364567126366,0.014626568681473934,-0.04555053790016885
2.353470694138828,PASSED,-0.2971476123356642,-0.0026573719845625655,0.008296345553205589,2.824051060549664,0.014581083159590318,-0.04544217787258063
2.354470894178836,PASSED,-0.2971502655674682,-0.00264908755279067,0.008276489251022222,2.824065618955273,0.014535705883512301,-0.0453340082149733
2.355471094218844,PASSED,-0.297152910524758,-0.0026408229617257816,0.008256658940799117,2.824080132037657,0.014490436727565467,-0.0452259211014073
2.356471294258852,PASSED,-0.29715554722736215,-0.0026325781863410372,0.008236853014041546,2.8240945999048743,0.01444527557677364,-0.045117970585440745
2.35747149429886,PASSED,-0.2971581756950844,-0.002624353202734982,0.008217070667398301,2.8241090226648597,0.014400222292844978,-0.04501015949080838
2.358471694338868,PASSED,-0.29716079594770417,-0.002616147986556244,0.008197313186298228,2.824123400425414,0.014355276741147165,-0.044902479835819735
2.359471894378876,PASSED,-0.29716340800497604,-0.0026079625121388506,0.008177581904790487,2.824137733294207,0.014310438795627862,-0.04479492264162354
2.360472094418884,PASSED,-0.29716601188663,-0.0025997967554711775,0.008157873176261998,2.82415202137878,0.014265708327406656,-0.04468749860759295
2.361472294458892,PASSED,-0.2971686076123712,-0.002591650691888446,0.008138190520378417,2.824166264786536,0.014221085194158397,-0.044580223008705275
2.3624724944989,PASSED,-0.29717119520187985,-0.0025835242956658484,0.00811853335741069,2.824180463624757,0.014176569275538441,-0.04447304902745775
2.363472694538908,PASSED,-0.29717377467481154,-0.0025754175427000416,0.008098899371404117,2.824194618000588,0.014132160445159804,-0.044366017946088875
2.364472894578916,PASSED,-0.2971763460507967,-0.0025673304079315393,0.008079291699901191,2.8242087280210364,0.014087858545157374,-0.04425915470665783
2.365473094618924,PASSED,-0.2971789093494405,-0.002559262865435214,0.008059709693940875,2.8242227937929796,0.014043663453202676,-0.044152383453391245
2.366473294658932,PASSED,-0.2971814645903235,-0.0025512148910463183,0.008040150852199212,2.824236815423167,0.013999575059499069,-0.044045733870419754
2.36747349469894,PASSED,-0.29718401179300086,-0.0025431864594342023,0.008020618785394276,2.824250793018209,0.013955593200124478,-0.04393927637737442
2.368473694738948,PASSED,-0.2971865509770023,-0.0025351775445935864,0.008001112210763134,2.8242647266845813,0.013911717739900308,-0.04383291612203293
2.369473894778956,PASSED,-0.29718908216183254,-0.002527188121871492,0.007981629729648216,2.824278616528631,0.013867948577338493,-0.04372666018833571
2.370474094818964,PASSED,-0.297191605366971,-0.002519218166257118,0.007962172870857577,2.8242924626565626,0.01382428554583429,-0.04362061238144701
2.371474294858972,PASSED,-0.29719412061187134,-0.002511267651317906,0.007942742984782234,2.824306265174451,0.013780728508395148,-0.04351465414426994
2.37247449489898,PASSED,-0.2971966279159622,-0.0025033365520574823,0.007923336777518475,2.824320024188237,0.013737277363800725,-0.04340880489452335
2.373474694938988,PASSED,-0.2971991272986464,-0.002495424843364827,0.007903956636078943,2.8243337398037176,0.013693931941971164,-0.04330316645291895
2.374474894978996,PASSED,-0.2972016187793013,-0.002487532498982885,0.00788460287918441,2.8243474121265617,0.013650692107414781,-0.04319761329202384
2.375475095019004,PASSED,-0.2972041023772786,-0.0024796594933405264,0.007865274151142123,2.824361041262298,0.013607557752687674,-0.04309218235049717
2.376475295059012,PASSED,-0.2972065781119044,-0.0024718058010363016,0.00784597107294673,2.824374627316323,0.013564528720941018,-0.04298693134409347
2.37747549509902,PASSED,-0.2972090460024789,-0.0024639713962608437,0.007826693910465289,2.8243881703938887,0.013521604860822867,-0.04288181263418812
2.378475695139028,PASSED,-0.2972115060682766,-0.002456156252738894,0.007807443262939096,2.8244016706001127,0.013478786059011347,-0.04277679459640884
2.379475895179036,PASSED,-0.29721395832854614,-0.002448360344935216,0.007788217497504701,2.8244151280399814,0.01343607218200439,-0.04267193194732264
2.380476095219044,PASSED,-0.2972164028025102,-0.0024405836473001376,0.007769017726793469,2.824428542818333,0.013393463060543386,-0.042567247803456706
2.381476295259052,PASSED,-0.29721883950936573,-0.0024328261332635472,0.007749844909788016,2.8244419150398725,0.013350958575288197,-0.042462643556343
2.38247649529906,PASSED,-0.2972212684682833,-0.002425087776630067,0.007730697782608609,2.824455244809169,0.013308558604745545,-0.04235818853352143
2.383476695339068,PASSED,-0.2972236896984077,-0.0024173685520972447,0.007711575699631036,2.824468532230645,0.013266262973575168,-0.042253926261613776
2.384476895379076,PASSED,-0.2972261032188575,-0.0024096684331089387,0.007692481180756239,2.824481777408591,0.01322407156042505,-0.04214973774245335
2.385477095419084,PASSED,-0.29722850904872516,-0.0024019873931779524,0.0076734124311397985,2.824494980447156,0.013181984242806054,-0.042045704203359166
2.386477295459092,PASSED,-0.2972309072070769,-0.0023943254064790983,0.007654369543996909,2.8245081414503486,0.013140000852346817,-0.04194184796315385
2.3874774954991,PASSED,-0.2972332977129526,-0.0023866824466184182,0.007635353405135518,2.8245212605220322,0.013098121248144043,-0.04183810836252115
2.388477695539108,PASSED,-0.2972356805853661,-0.002379058487332136,0.007616363207047257,2.82453433776594,0.013056345322459717,-0.04173447056552923
2.389477895579116,PASSED,-0.2972380558433046,-0.0023714535021672643,0.007597399803421235,2.8245473732856565,0.013014672907598734,-0.04163104439128873
2.3904780956191236,PASSED,-0.29724042350572893,-0.002363867464480328,0.007578462942613924,2.824560367184629,0.012973103855627801,-0.04152772369069633
2.3914782956591316,PASSED,-0.2972427835915737,-0.002356300348267207,0.007559551726791835,2.824573319566163,0.012931638055360026,-0.0414245179858274
2.3924784956991396,PASSED,-0.2972451361197468,-0.00234875212673719,0.007540668065499986,2.824586230533421,0.012890275343490862,-0.04132150779138521
2.3934786957391476,PASSED,-0.2972474811091295,-0.0023412227730017442,0.007521810848742736,2.824599100189428,0.012849015576296426,-0.04121860679647107
2.3944788957791556,PASSED,-0.2972498185785769,-0.002333712261305529,0.007502978927863943,2.8246119286370615,0.012807858625115813,-0.041115847436708625
2.3954790958191636,PASSED,-0.297252148546917,-0.002326220564237804,0.00748417582763224,2.8246247159790565,0.012766804333036933,-0.041013255173663346
2.3964792958591716,PASSED,-0.29725447103295144,-0.002318747655069718,0.0074653980617213934,2.8246374623180146,0.012725852572963419,-0.0409107633400803
2.3974794958991796,PASSED,-0.297256786055455,-0.002311293508042043,0.007446646338310591,2.8246501677563844,0.01268500319371027,-0.04080845652852624
2.3984796959391876,PASSED,-0.2972590936331757,-0.0023038580952050762,0.007427923836070617,2.8246628323964753,0.012644256041955957,-0.0407062819048389
2.3994798959791956,PASSED,-0.2972613937848349,-0.0022964413901611002,0.007409225849246142,2.8246754563404495,0.012603610987616462,-0.04060423596260016
2.4004800960192036,PASSED,-0.297263686529127,-0.0022890433665655294,0.007390555426453621,2.824688039690335,0.01256306789369586,-0.04050233255927339
2.4014802960592116,PASSED,-0.2972659718847194,-0.0022816639966260063,0.007371912948235357,2.8247005825480094,0.012522626600691242,-0.040400599968181856
2.4024804960992197,PASSED,-0.29726824987025297,-0.0022743032539127798,0.0073532958898872664,2.8247130850152047,0.012482286961782742,-0.04029899820204411
2.4034806961392277,PASSED,-0.2972705205043412,-0.002266961111706791,0.007334706416722797,2.824725547193518,0.012442048858745822,-0.04019750626017137
2.4044808961792357,PASSED,-0.2972727838055707,-0.0022596375422268412,0.007316144855434725,2.8247379691843864,0.012401912116641184,-0.04009623266761655
2.4054810962192437,PASSED,-0.2972750397925012,-0.0022523325188966606,0.007297608980011144,2.8247503510891163,0.012361876598461082,-0.039995041855091416
2.4064812962592517,PASSED,-0.29727728848366525,-0.0022450460149792805,0.007279100542292455,2.8247626930088616,0.012321942179404768,-0.039894003857130676
2.4074814962992597,PASSED,-0.2972795298975681,-0.0022377780023506108,0.007260620686254444,2.8247749950446353,0.012282108692086444,-0.03979314295911923
2.4084816963392677,PASSED,-0.29728176405268825,-0.002230528454631213,0.007242165741492559,2.824787257297304,0.01224237599354312,-0.03969240226612396
2.4094818963792757,PASSED,-0.2972839909674766,-0.002223297344721901,0.007223739354524822,2.824799479867585,0.012202743946762967,-0.03959180978950821
2.4104820964192837,PASSED,-0.29728621066035715,-0.0022160846446076304,0.0072053406207680986,2.8248116628560527,0.012163212399674581,-0.03949137195430126
2.4114822964592917,PASSED,-0.2972884231497263,-0.00220889032738813,0.007186968285321516,2.824823806363139,0.012123781210378009,-0.039391067524754096
2.4124824964992997,PASSED,-0.29729062845395354,-0.002201714366276156,0.007168622996408076,2.8248359104891203,0.012084450225212704,-0.03929093025900613
2.4134826965393077,PASSED,-0.2972928265913808,-0.002194556733274204,0.007150306338982459,2.8248479753341353,0.012045219301806038,-0.03919091883843882
2.4144828965793157,PASSED,-0.29729501758032256,-0.002187417400905714,0.007132016388161062,2.824860000998174,0.012006088302090129,-0.039091053634222016
2.4154830966193237,PASSED,-0.2972972014390662,-0.00218029634244931,0.007113753168566707,2.8248719875810777,0.01196705706729506,-0.038991355568967954
2.4164832966593317,PASSED,-0.2972993781858714,-0.0021731935298874173,0.007095518824109657,2.8248839351825374,0.011928125443766214,-0.038891802168762375
2.4174834966993397,PASSED,-0.29730154783897045,-0.0021661089357474287,0.007077311017241715,2.8248958439021106,0.011889293314289768,-0.03879234768157018
2.4184836967393477,PASSED,-0.2973037104165683,-0.0021590425328310084,0.0070591308492063244,2.8249077138391843,0.011850560494363302,-0.03869313475639538
2.4194838967793557,PASSED,-0.297305865936842,-0.0021519942934428954,0.0070409784140510025,2.8249195450930196,0.011811926850113117,-0.038593983912707894
2.4204840968193637,PASSED,-0.2973080144179415,-0.0021449641900093274,0.0070228534465793324,2.824931337762718,0.011773392255567259,-0.03849500163462442
2.4214842968593717,PASSED,-0.29731015587798887,-0.0021379521948603204,0.007004756283959148,2.8249430919472363,0.011734956528590204,-0.038396210538672614
2.4224844968993797,PASSED,-0.2973122903350786,-0.0021309582803817357,0.00698668660833515,2.8249548077453874,0.011696619539915033,-0.038297507432833826
2.4234846969393877,PASSED,-0.29731441780727763,-0.0021239824189854917,0.006968644588182617,2.824966485255827,0.011658381142580767,-0.03819899060188595
2.4244848969793957,PASSED,-0.29731653831262506,-0.0021170245828873793,0.006950630438065671,2.824978124577069,0.01162024117450222,-0.03810061972965475
2.4254850970194037,PASSED,-0.2973186518691324,-0.0021100847444948476,0.006932643695508842,2.8249897258074737,0.011582199496389226,-0.038002383701887354
2.4264852970594117,PASSED,-0.29732075849478345,-0.0021031628759884896,0.006914685046924536,2.825001289045256,0.011544255962077048,-0.03790430138570662
2.4274854970994197,PASSED,-0.2973228582075341,-0.002096258949478466,0.0068967541520895985,2.8250128143884816,0.011506410414596638,-0.037806378210212495
2.4284856971394277,PASSED,-0.2973249510253126,-0.0020893729373661555,0.0068788507524573245,2.8250243019350663,0.011468662708701522,-0.037708591018386244
2.4294858971794357,PASSED,-0.29732703696601936,-0.0020825048117298134,0.006860975558932773,2.8250357517827758,0.011431012695770376,-0.037610960872989437
2.4304860972194438,PASSED,-0.29732911604752676,-0.0020756545443941198,0.006843128520201057,2.825047164029225,0.011393460220694785,-0.03751348454399257
2.4314862972594518,PASSED,-0.2973311882876796,-0.002068822108113317,0.0068253081212036855,2.825058538771882,0.011356005139269201,-0.03741614601331157
2.4324864972994598,PASSED,-0.29733325370429464,-0.0020620074745967853,0.006807517113416743,2.8250698761080657,0.011318647305017498,-0.03731895974396498
2.4334866973394678,PASSED,-0.29733531231516047,-0.0020552106155430658,0.006789753680588041,2.825081176134939,0.011281386554012738,-0.03722194517862654
2.4344868973794758,PASSED,-0.29733736413803824,-0.0020484315039724795,0.006772016830585138,2.825092438949522,0.011244222747992883,-0.037125046580674136
2.4354870974194838,PASSED,-0.29733940919066076,-0.0020416701110901065,0.006754310250231446,2.8251036646486796,0.011207155738312402,-0.03702831841368613
2.4364872974594918,PASSED,-0.2973414474907328,-0.0020349264087807586,0.006736630348758734,2.8251148533291257,0.011170185358472218,-0.03693175412451529
2.4374874974994998,PASSED,-0.2973434790559315,-0.002028200369931156,0.006718977850165126,2.8251260050874296,0.011133311476336918,-0.03683530080915782
2.438487697539508,PASSED,-0.29734550390390546,-0.0020214919654724228,0.006701355531111685,2.825137120020002,0.011096533934813371,-0.03673903533313878
2.439487897579516,PASSED,-0.29734752205227566,-0.0020148011676452823,0.006683759357826036,2.825148198223108,0.011059852572168403,-0.03664291418618977
2.440488097619524,PASSED,-0.29734953351863463,-0.002008127948964798,0.0066661915622564715,2.82515923979286,0.011023267252970863,-0.03654692253844241
2.441488297659532,PASSED,-0.2973515383205469,-0.002001472280256599,0.006648653472161406,2.8251702448252174,0.010986777819095864,-0.03645110809937288
2.44248849769954,PASSED,-0.29735353647554896,-0.0019948341339694462,0.006631141497146857,2.8251812134159913,0.01095038411540989,-0.036355434077041046
2.443488697739548,PASSED,-0.29735552800114906,-0.0019882134821274295,0.006613658738596966,2.825192145660839,0.010914085997177017,-0.03625990767009711
2.444488897779556,PASSED,-0.29735751291482737,-0.0019816102962800963,0.006596203919823677,2.8252030416552687,0.010877883310938192,-0.03616453861797823
2.445489097819564,PASSED,-0.29735949123403566,-0.001975024547899207,0.0065787780216002385,2.82521390149463,0.010841775894454233,-0.03606933506127901
2.446489297859572,PASSED,-0.2973614629761976,-0.001968456209179271,0.006561379185493528,2.8252247252741345,0.01080576361951023,-0.03597423486581754
2.44748949789958,PASSED,-0.2973634281587087,-0.0019619052521452278,0.006544008933076964,2.8252355130888236,0.010769846310059046,-0.03587935917476246
2.448489697939588,PASSED,-0.2973653867989361,-0.001955371647852015,0.006526667866635986,2.825246265033605,0.010734023822767046,-0.035784572703494465
2.449489897979596,PASSED,-0.2973673389142186,-0.001948855367997517,0.006509354513072921,2.8252569812032178,0.010698296009939158,-0.03568997291081744
2.450490098019604,PASSED,-0.29736928452186695,-0.0019423563850702768,0.006492068536685316,2.8252676616922585,0.010662662708578187,-0.03559552032773976
2.451490298059612,PASSED,-0.2973712236391633,-0.001935874670132958,0.006474812537741011,2.8252783065951697,0.01062712377856477,-0.03550120313720201
2.45249049809962,PASSED,-0.29737315628336164,-0.0019294101947712567,0.0064575839110082795,2.8252889160062415,0.010591679064440704,-0.03540705478197742
2.453490698139628,PASSED,-0.29737508247168754,-0.001922962930934671,0.00644038378697095,2.825299490019605,0.010556328397208698,-0.035313075532024854
2.454490898179636,PASSED,-0.29737700222133817,-0.001916532850182372,0.006423212062517662,2.825310028729246,0.010521071641876201,-0.03521920853281173
2.455491098219644,PASSED,-0.2973789155494825,-0.0019101199240847092,0.006406068787759613,2.8253205322290005,0.010485908656804465,-0.035125502764353556
2.456491298259652,PASSED,-0.29738082247326075,-0.0019037241240460597,0.006388954205909208,2.825331000612536,0.010450839248337269,-0.035032012269089544
2.45749149829966,PASSED,-0.297382723009785,-0.0018973454217519053,0.006371867686317732,2.825341433973382,0.01041586329141412,-0.03493858669252409
2.458491698339668,PASSED,-0.29738461717613884,-0.0018909837889793692,0.006354809496681747,2.825351832404908,0.010380980647026718,-0.03484534951732003
2.459491898379676,PASSED,-0.2973865049893774,-0.001884639197075017,0.006337780176132521,2.825362196000337,0.010346191133586386,-0.03475228938900859
2.460492098419684,PASSED,-0.29738838646652727,-0.0018783116174477654,0.006320779261330873,2.825372524852724,0.010311494593013221,-0.03465937469593459
2.461492298459692,PASSED,-0.29739026162458654,-0.0018720010216350515,0.0063038068469691635,2.825382819054987,0.010276890906219811,-0.034566561525059915
2.4624924984997,PASSED,-0.2973921304805249,-0.00186570738147763,0.006286862364389664,2.825393078699877,0.010242379893620247,-0.03447397998257007
2.463492698539708,PASSED,-0.29739399305128345,-0.0018594306681289777,0.006269947338160848,2.8254033038799973,0.010207961392180186,-0.034381515745057
2.464492898579716,PASSED,-0.29739584935377483,-0.0018531708529513995,0.006253060403856584,2.8254134946878033,0.010173635287563787,-0.03428916386395749
2.465493098619724,PASSED,-0.2973976994048832,-0.0018469279077489094,0.006236201734912466,2.825423651215585,0.010139401391605084,-0.03419705068853266
2.466493298659732,PASSED,-0.29739954322146395,-0.00184070180377742,0.0062193721292075595,2.8254337735554844,0.010105259546674386,-0.03410504109214241
2.46749349869974,PASSED,-0.297401380820344,-0.001834492512180911,0.00620257124137663,2.825443861799488,0.010071209627312819,-0.03401317154118319
2.468493698739748,PASSED,-0.2974032122183217,-0.0018283000048197166,0.006185798107739621,2.8254539160394265,0.010037251457047675,-0.03392150274778685
2.469493898779756,PASSED,-0.2974050374321669,-0.0018221242530688452,0.006169054179626129,2.8254639363669867,0.010003384892472014,-0.03382993912757822
2.470494098819764,PASSED,-0.29740685647862064,-0.001815965227828601,0.006152339280656531,2.825473922873682,0.009969609769012696,-0.0337385796804761
2.471494298859772,PASSED,-0.2974086693743954,-0.0018098229008394545,0.006135652128139858,2.825483875650887,0.009935925935719946,-0.033647335700931445
2.47249449889978,PASSED,-0.2974104761361752,-0.0018036972437918066,0.006118993660653034,2.8254937947898187,0.009902333253745645,-0.03355624615654606
2.473494698939788,PASSED,-0.29741227678061527,-0.0017975882273846288,0.006102364904860906,2.825503680381535,0.009868831544902595,-0.03346535063405258
2.474494898979796,PASSED,-0.29741407132434206,-0.0017914958229871324,0.006085764059253572,2.8255135325169407,0.009835420658248696,-0.03337457733379293
2.475495099019804,PASSED,-0.2974158597839536,-0.0017854200026465462,0.006069191194808065,2.8255233512867868,0.009802100455603384,-0.03328395285299104
2.476495299059812,PASSED,-0.29741764217601907,-0.0017793607371293042,0.0060526483988643165,2.8255331367816727,0.009768870773340977,-0.03319350186868302
2.47749549909982,PASSED,-0.2974194185170791,-0.0017733179974425413,0.0060361338786953265,2.825542889092036,0.009735731443885778,-0.033103214512879904
2.478495699139828,PASSED,-0.2974211888236455,-0.0017672917555542603,0.006019647228004858,2.825552608308166,0.009702682331349927,-0.03301304455116254
2.479495899179836,PASSED,-0.2974229531122013,-0.0017612819824723007,0.006003190317929245,2.825562294520189,0.009669723269941614,-0.0329230726464132
2.480496099219844,PASSED,-0.29742471139920107,-0.001755288649248975,0.0059867618269236495,2.8255719478180854,0.009636854104675411,-0.032833227012728575
2.481496299259852,PASSED,-0.2974264637010704,-0.00174931172747373,0.00597036174079233,2.8255815682916734,0.00960407468653222,-0.032743545563495687
2.48249649929986,PASSED,-0.2974282100342064,-0.0017433511883273424,0.005953990750117957,2.825591156030619,0.00957138485278794,-0.03265402586480305
2.483496699339868,PASSED,-0.2974299504149771,-0.001737407002902564,0.005937648541218453,2.8256007111244337,0.009538784454251702,-0.03256464698386118
2.484496899379876,PASSED,-0.29743168485972205,-0.0017314791427288164,0.005921334595433996,2.82561023366247,0.009506273331455074,-0.03247544000513564
2.485497099419884,PASSED,-0.29743341338475193,-0.0017255675787575262,0.005905050221861018,2.825619723733928,0.009473851327927997,-0.032386379208369113
2.486497299459892,PASSED,-0.2974351360063486,-0.0017196722821238904,0.005888794241485889,2.8256291814278516,0.009441518292933136,-0.03229747218585918
2.4874974994999,PASSED,-0.29743685274076515,-0.0017137932243699845,0.005872566762186017,2.8256386068331274,0.009409274066527373,-0.03220872921903371
2.488497699539908,PASSED,-0.29743856360422605,-0.001707930376743731,0.005856368202298662,2.8256480000384925,0.009377118499714454,-0.032120125208840854
2.489497899579916,PASSED,-0.2974402686129269,-0.0017020837101626724,0.005840198833565164,2.8256573611325204,0.009345051428604373,-0.032031701710910694
2.490498099619924,PASSED,-0.2974419677830343,-0.0016962531958823659,0.005824057911467823,2.825666690203631,0.00931307269582579,-0.03194342015703284
2.491498299659932,PASSED,-0.2974436611306862,-0.0016904388051063566,0.005807946019036972,2.8256759873400936,0.009281182160488672,-0.03185527879050878
2.49249849969994,PASSED,-0.29744534867199185,-0.001684640509131411,0.005791862612218016,2.825685252630015,0.009249379652959204,-0.031767326688772406
2.493498699739948,PASSED,-0.29744703042303144,-0.0016788582789969337,0.005775808482650241,2.8256944861613467,0.00921766501003239,-0.03167952041884249
2.494498899779956,PASSED,-0.2974487063998565,-0.0016730920858157592,0.005759782980190821,2.825703688021894,0.009186038106908318,-0.03159182492755746
2.495499099819964,PASSED,-0.29745037661848966,-0.001667341901108603,0.005743785858466177,2.825712858299291,0.00915449875715856,-0.03150436629789002
2.496499299859972,PASSED,-0.2974520410949246,-0.001661607695577366,0.005727818646417493,2.825721997081026,0.009123046804360218,-0.03141701046530861
2.49749949989998,PASSED,-0.2974536998451265,-0.0016558894405124234,0.00571187934395918,2.8257311044544307,0.009091682125664875,-0.03132979084869963
2.498499699939988,PASSED,-0.2974553528850313,-0.0016501871074279246,0.0056959689115249935,2.8257401805066764,0.00906040453199728,-0.031242795546857084
2.499499899979996,PASSED,-0.2974570002305463,-0.001644500667038425,0.005680088041482873,2.8257492253247825,0.00902921386816204,-0.03115590936083279
2.500500100020004,PASSED,-0.29745864189754984,-0.0016388300904218217,0.0056642356666837985,2.8257582389956077,0.008998110001378973,-0.03106917173122229
2.501500300060012,PASSED,-0.29746027790189156,-0.0016331753491196745,0.005648411725789392,2.825767221605861,0.008967092761922106,-0.030982617940629696
2.50250050010002,PASSED,-0.297461908259392,-0.0016275364139190366,0.005632617517203613,2.825776173242086,0.008936161977437079,-0.030896228847961518
2.503500700140028,PASSED,-0.29746353298584294,-0.0016219132559705486,0.005616851569344028,2.8257850939906786,0.008905317519939893,-0.030809943263334347
2.504500900180036,PASSED,-0.29746515209700736,-0.0016163058467894894,0.005601114255536387,2.8257939839378756,0.008874559227086928,-0.030723859246051484
2.505501100220044,PASSED,-0.2974667656086193,-0.0016107141571002953,0.005585406644966051,2.825802843169753,0.00884388691574779,-0.030637946067860827
2.506501300260052,PASSED,-0.2974683735363837,-0.0016051381576763638,0.005569727943241564,2.8258116717722417,0.008813300466572166,-0.03055211791413366
2.50750150030006,PASSED,-0.2974699758959771,-0.0015995778205826737,0.005554076527322585,2.825820469831103,0.008782799708220296,-0.0304665186436916
2.508501700340068,PASSED,-0.29747157270304664,-0.0015940331162663012,0.005538456175738897,2.825829237431947,0.008752384461203626,-0.030381065931989883
2.509501900380076,PASSED,-0.2974731639732109,-0.001588504015732715,0.0055228634388177775,2.8258379746602307,0.008722054608554798,-0.030295710460052912
2.510502100420084,PASSED,-0.29747474972205934,-0.0015829904906837478,0.005507299455733663,2.8258466816012517,0.00869180998092064,-0.030210572416895416
2.511502300460092,PASSED,-0.2974763299651527,-0.0015774925116434208,0.005491765430056053,2.825855358340152,0.008661650398064031,-0.030125589816419846
2.5125025005001,PASSED,-0.2974779047180228,-0.001572010049840012,0.005476259385643652,2.8258640049619133,0.00863157572715508,-0.030040724970636864
2.513502700540108,PASSED,-0.29747947399617247,-0.0015665430766274868,0.005460782430446662,2.8258726215513614,0.008601585810144797,-0.02995604503671496
2.514502900580116,PASSED,-0.2974810378150757,-0.001561091562865315,0.005445334649988697,2.825881208193176,0.008571680487972895,-0.029871506928693774
2.515503100620124,PASSED,-0.2974825961901774,-0.0015556554797651184,0.005429915400335613,2.825889764971864,0.00854185959508763,-0.029787150189641745
2.516503300660132,PASSED,-0.29748414913689397,-0.0015502347983820314,0.005414525371587916,2.8258982919717885,0.008512122985224047,-0.029702916312881127
2.51750350070014,PASSED,-0.29748569667061253,-0.0015448294897381417,0.0053991641587573915,2.825906789277151,0.008482470507368523,-0.029618852217286603
2.518503700740148,PASSED,-0.2974872388066914,-0.0015394395250316586,0.0053838317383000794,2.8259152569719954,0.00845290198522386,-0.02953496876291546
2.519503900780156,PASSED,-0.2974887755604601,-0.001534064875178292,0.005368528596744249,2.825923695140206,0.008423417267160671,-0.029451217596705177
2.520504100820164,PASSED,-0.2974903069472191,-0.0015287055114189098,0.005353253867807439,2.8259321038655214,0.008394016221387622,-0.029367597890613134
2.521504300860172,PASSED,-0.29749183298223997,-0.0015233614050383206,0.0053380080557772,2.825940483231512,0.008364698663283918,-0.029284198245763223
2.52250450090018,PASSED,-0.2974933536807655,-0.0015180325267164453,0.005322791832607388,2.8259488333215987,0.00833546443670041,-0.029200912142005483
2.523504700940188,PASSED,-0.2974948690580095,-0.0015127188476088047,0.005307603957662958,2.8259571542190396,0.008306313402357204,-0.029117782477337727
2.524504900980196,PASSED,-0.29749637912915666,-0.0015074203391207029,0.005292444841727742,2.825965446006943,0.00827724539643181,-0.02903482155743479
2.525505101020204,PASSED,-0.2974978839093632,-0.001502136972394665,0.0052773146489112546,2.825973708768255,0.008248260253167338,-0.028952024402496182
2.526505301060212,PASSED,-0.29749938341375615,-0.001496868717866079,0.005262214448369482,2.8259819425857673,0.008219357825509538,-0.028869363161339232
2.52750550110022,PASSED,-0.29750087765743355,-0.0014916155470714142,0.005247141692194993,2.825990147542113,0.008190537956605806,-0.028786872731993544
2.528505701140228,PASSED,-0.2975023666554647,-0.0014863774314143132,0.005232098300371419,2.8259983237197726,0.008161800483600273,-0.028704539854557943
2.529505901180236,PASSED,-0.29750385042288996,-0.001481154341391053,0.005217084505186086,2.8260064712010635,0.008133145252243033,-0.028622359025694145
2.530506101220244,PASSED,-0.2975053289747209,-0.001475946248237649,0.005202098918882541,2.8260145900681533,0.008104572110985486,-0.028540329412116712
2.531506301260252,PASSED,-0.2975068023259399,-0.001470753123665945,0.005187141673584782,2.826022680403048,0.00807608089713103,-0.02845847014934791
2.53250650130026,PASSED,-0.29750827049150075,-0.001465574938018541,0.005172214963283755,2.8260307422875983,0.008047671453491305,-0.02837675929997857
2.533506701340268,PASSED,-0.2975097334863281,-0.001460411662374332,0.005157316098159098,2.8260387758035,0.008019343629990213,-0.02829519963516402
2.534506901380276,PASSED,-0.2975111913253179,-0.0014552632687253766,0.0051424453494865055,2.8260467810322862,0.007991097259118691,-0.02821381836242643
2.535507101420284,PASSED,-0.297512644023337,-0.0014501297273236053,0.005127605436627486,2.8260547580553417,0.007962932194008104,-0.02813256294269326
2.536507301460292,PASSED,-0.2975140915952237,-0.001445011009537511,0.00511279268573903,2.8260627069538837,0.007934848271124794,-0.028051496177054998
2.5375075015003,PASSED,-0.29751553405578696,-0.001439907086507299,0.005098009926527187,2.8260706278089884,0.00790684534433539,-0.027970547197636402
2.538507701540308,PASSED,-0.2975169714198072,-0.001434817929286299,0.0050832554173149145,2.826078520701557,0.007878923240741534,-0.027889807858001818
2.539507901580316,PASSED,-0.29751840370203586,-0.0014297435092199098,0.005068529832438967,2.8260863857123506,0.007851081816254407,-0.027809168906542357
2.540508101620324,PASSED,-0.29751983091719547,-0.001424683797206933,0.005053833466668566,2.826094222921959,0.007823320910205529,-0.02772873081043697
2.541508301660332,PASSED,-0.29752125307997973,-0.0014196387644898954,0.005039165550617221,2.8261020324108244,0.007795640358363109,-0.027648432530409404
2.54250850170034,PASSED,-0.29752267020505335,-0.0014146083819668162,0.005024527171387003,2.8261098142592327,0.0077680400249532265,-0.027568267329529956
2.543508701740348,PASSED,-0.2975240823070525,-0.0014095926211533626,0.0050099165748312795,2.8261175685473057,0.007740519729945149,-0.027488313460444173
2.544508901780356,PASSED,-0.2975254894005841,-0.0014045914530020538,0.004995335868960449,2.826125295355021,0.007713079329713675,-0.027408458078826956
2.545509101820364,PASSED,-0.2975268915002264,-0.0013996048484445482,0.004980783683202758,2.8261329947621823,0.007685718663416801,-0.02732880510890576
2.546509301860372,PASSED,-0.2975282886205288,-0.0013946327791082554,0.004966259771686056,2.826140666848451,0.007658437572734237,-0.027249281065001393
2.54750950190038,PASSED,-0.2975296807760119,-0.0013896752157612463,0.004951765730557638,2.8261483116933297,0.007631235913802512,-0.027169910842874876
2.548509701940388,PASSED,-0.29753106798116724,-0.0013847321294175893,0.004937300085723227,2.826155929376156,0.00760411350795931,-0.027090735843420092
2.549509901980396,PASSED,-0.2975324502504578,-0.0013798034919826287,0.004922862334452479,2.82616351997612,0.007577070212009004,-0.027011669354896288
2.550510102020404,PASSED,-0.29753382759831754,-0.0013748892739250498,0.004908455206329705,2.826171083572251,0.007550105876685985,-0.026932779301767226
2.551510302060412,PASSED,-0.2975352000391516,-0.001369989446494812,0.004894075579509392,2.826178620243421,0.007523220327023939,-0.02685406323556516
2.55251050210042,PASSED,-0.2975365675873365,-0.0013651039813104273,0.0048797249209682455,2.8261861300683475,0.007496413415394966,-0.0267754772245774
2.553510702140428,PASSED,-0.2975379302572197,-0.0013602328492857074,0.004865403427220954,2.826193613125593,0.00746968499738357,-0.026697045202610285
2.554510902180436,PASSED,-0.29753928806311997,-0.001355376021263713,0.00485111108517675,2.8262010694935578,0.007443034893816407,-0.0266188091435316
2.555511102220444,PASSED,-0.29754064101932726,-0.0013505334689884357,0.004836846402011048,2.826208499250493,0.007416462960312575,-0.02654068307736585
2.556511302260452,PASSED,-0.29754198914010266,-0.0013457051636247364,0.004822611338158328,2.8262159024744853,0.0073899690456691825,-0.02646273568741
2.55751150230046,PASSED,-0.2975433324396786,-0.001340891075949948,0.0048084052325412735,2.826223279243476,0.007363552987280698,-0.026384940189200495
2.558511702340468,PASSED,-0.29754467093225867,-0.0013360911775451643,0.004794227186278704,2.8262306296352357,0.007337214619175537,-0.02630732004913513
2.559511902380476,PASSED,-0.29754600463201764,-0.001331305439853831,0.0047800780280365775,2.8262379537273903,0.007310953801756418,-0.026229815665776614
2.560512102420484,PASSED,-0.2975473335531015,-0.0013265338333961856,0.004765958744051549,2.826245251597405,0.007284770376484081,-0.026152498343375373
2.561512302460492,PASSED,-0.29754865770962763,-0.0013217763299158167,0.004751866637913706,2.8262525233225864,0.0072586641702321745,-0.02607534485759408
2.5625125025005002,PASSED,-0.2975499771156843,-0.0013170329006564454,0.004737804340343305,2.826259768980087,0.0072326350416057564,-0.025998317805633275
2.5635127025405082,PASSED,-0.29755129178533163,-0.0013123035169074898,0.004723770021363634,2.8262669886469056,0.0072066828394218106,-0.025921458436155388
2.5645129025805162,PASSED,-0.29755260173260034,-0.0013075881496191787,0.004709765466275794,2.8262741823998865,0.00718080739915934,-0.025844761480013433
2.5655131026205242,PASSED,-0.2975539069714929,-0.0013028867701933718,0.004695788732161191,2.8262813503157047,0.007155008550420407,-0.025768240244879125
2.5665133026605322,PASSED,-0.2975552075159828,-0.0012981993502503275,0.004681840750299474,2.826288492470892,0.007129286159064152,-0.025691825430506514
2.5675135027005402,PASSED,-0.29755650338001494,-0.0012935258606639349,0.004667922143788031,2.8262956089418245,0.007103640077121991,-0.02561558628326554
2.5685137027405482,PASSED,-0.2975577945775054,-0.0012888662727349543,0.004654031785775562,2.826302699804712,0.007078070111159754,-0.025539552414883204
2.5695139027805562,PASSED,-0.2975590811223417,-0.0012842205581284985,0.0046401698202424265,2.8263097651356177,0.007052576129668291,-0.02546360087584911
2.5705141028205643,PASSED,-0.29756036302838257,-0.0012795886879325095,0.0046263371131533915,2.8263168050104435,0.007027157989807704,-0.02538783251707946
2.5715143028605723,PASSED,-0.2975616403094581,-0.0012749706332191412,0.004612533113511586,2.8263238195049376,0.007001815505233645,-0.02531225261204595
2.5725145029005803,PASSED,-0.29756291297936965,-0.0012703663657666637,0.0045987570117879805,2.8263308086946903,0.0069765485303941695,-0.025236789657761098
2.5735147029405883,PASSED,-0.29756418105189,-0.0012657758568652055,0.00458501016123808,2.8263377726551404,0.006951356929889707,-0.025161474402264197
2.5745149029805963,PASSED,-0.2975654445407632,-0.0012611990775555119,0.004571292075330503,2.826344711461565,0.006926240521888511,-0.025086363733817455
2.5755151030206043,PASSED,-0.2975667034597048,-0.0012566359992659273,0.004557602432420479,2.826351625189091,0.006901199155753994,-0.02501136773498288
2.5765153030606123,PASSED,-0.2975679578224016,-0.00125208659364456,0.004543941080665039,2.826358513912685,0.006876232690976877,-0.024936529471873782
2.5775155031006203,PASSED,-0.2975692076425117,-0.001247550832051471,0.004530308601371722,2.826365377707162,0.006851340957992081,-0.024861868660078345
2.5785157031406283,PASSED,-0.29757045293366474,-0.0012430286853333148,0.004516705462679065,2.8263722166471767,0.006826523796547482,-0.024787356634279688
2.5795159031806363,PASSED,-0.2975716937094617,-0.0012385201254240677,0.004503129540292554,2.8263790308072316,0.006801781065883333,-0.024712980017394293
2.5805161032206443,PASSED,-0.2975729299834749,-0.0012340251239230404,0.004489582808183801,2.826385820261672,0.006777112604441105,-0.024638782392117867
2.5815163032606523,PASSED,-0.2975741617692481,-0.0012295436515213105,0.0044760654640941715,2.8263925850846907,0.006752518252647977,-0.02456473139380123
2.5825165033006603,PASSED,-0.29757538908029674,-0.0012250756802588715,0.0044625751280019405,2.826399325350322,0.0067279978618110595,-0.024490830465661906
2.5835167033406683,PASSED,-0.29757661193010726,-0.0012206211814145846,0.004449114655143658,2.8264060411324428,0.0067035512659713425,-0.024417106089086732
2.5845169033806763,PASSED,-0.29757783033213797,-0.0012161801262798831,0.004435682121072885,2.826412732504777,0.006679178315395317,-0.024343513567318637
2.5855171034206843,PASSED,-0.2975790442998183,-0.0012117524865743713,0.004422278095137962,2.8264193995408977,0.006654878869326872,-0.024270067735862016
2.5865173034606923,PASSED,-0.2975802538465494,-0.001207338233646249,0.004408902816778772,2.8264260423142162,0.006630652751500849,-0.024196817886129422
2.5875175035007003,PASSED,-0.29758145898570376,-0.0012029373389457715,0.004395555956276614,2.8264326608979893,0.006606499805753131,-0.024123697655443498
2.5885177035407083,PASSED,-0.29758265973062537,-0.0011985497740138952,0.004382237582276035,2.8264392553653237,0.006582419900411037,-0.02405071046652572
2.5895179035807163,PASSED,-0.29758385609462995,-0.0011941755106096505,0.004368947285557022,2.8264458257891656,0.00655841286210216,-0.023977923537111513
2.5905181036207243,PASSED,-0.2975850480910044,-0.001189814519864411,0.004355686385027491,2.8264523722423087,0.006534478530403639,-0.023905270472793484
2.5915183036607323,PASSED,-0.2975862357330074,-0.0011854667733552854,0.00434245325852466,2.8264588947973914,0.006510616770116891,-0.02383275349605147
2.5925185037007403,PASSED,-0.2975874190338691,-0.0011811322430551761,0.004329248327832493,2.826465393526894,0.006486827409580687,-0.023760431896303884
2.5935187037407483,PASSED,-0.2975885980067912,-0.0011768109000481221,0.004316072793201611,2.826471868503151,0.006463110301385403,-0.023688225727936316
2.5945189037807563,PASSED,-0.29758977266494696,-0.0011725027160471864,0.004302924806091838,2.826478319798332,0.006439465294887234,-0.023616193678323016
2.5955191038207643,PASSED,-0.2975909430214812,-0.0011682076629764805,0.004289805247115279,2.8264847474844568,0.006415892221468351,-0.023544326579255287
2.5965193038607723,PASSED,-0.2975921090895105,-0.0011639257120108337,0.004276714778001205,2.8264911516333906,0.0063923909389846795,-0.023472586419948593
2.5975195039007803,PASSED,-0.29759327088212284,-0.001159656834783839,0.004263652192990149,2.826497532316839,0.006368961288934322,-0.023401025803963662
2.5985197039407884,PASSED,-0.29759442841237793,-0.0011554010033565918,0.00425061758341853,2.826503889606365,0.006345603119432583,-0.023329598633588938
2.5995199039807964,PASSED,-0.29759558169330713,-0.0011511581888982477,0.004237612374961181,2.826510223573361,0.006322316268297781,-0.023258352802277088
2.6005201040208044,PASSED,-0.29759673073791343,-0.0011469283632570785,0.004224634485308239,2.826516534289078,0.006299100586799024,-0.0231872339630785
2.6015203040608124,PASSED,-0.29759787555917144,-0.0011427114981324466,0.004211685550847733,2.826522821824608,0.0062759559264249695,-0.023116277981372186
2.6025205041008204,PASSED,-0.29759901617002754,-0.0011385075652443945,0.0041987644461884376,2.826529086250889,0.006252882122951885,-0.023045487134224777
2.6035207041408284,PASSED,-0.2976001525833998,-0.0011343165363123854,0.004185871922556102,2.8265353276387026,0.0062298790224841315,-0.022974842690106616
2.6045209041808364,PASSED,-0.2976012848121778,-0.0011301383826943278,0.0041730080817253285,2.8265415460586785,0.0062069464780466444,-0.022904345602407766
2.6055211042208444,PASSED,-0.2976024128692232,-0.0011259730765207053,0.004160171568220291,2.826547741581294,0.006184084333765038,-0.02283401006774
2.6065213042608524,PASSED,-0.297603536767369,-0.0011218205895726636,0.004147363867922659,2.826553914276869,0.006161292429865616,-0.022763833120542743
2.6075215043008604,PASSED,-0.29760465651942025,-0.0011176808932345458,0.004134584651581243,2.826560064215572,0.006138570618798256,-0.022693796365238782
2.6085217043408684,PASSED,-0.29760577213815376,-0.0011135539597022092,0.0041218327861735436,2.826566191467415,0.006115918743575778,-0.022623927793970645
2.6095219043808764,PASSED,-0.29760688363631793,-0.0011094397604503442,0.004109110228992691,2.8265722961022615,0.0060933366546820165,-0.022554196293622528
2.6105221044208844,PASSED,-0.29760799102663305,-0.0011053382672448519,0.004096415189825315,2.8265783781898177,0.006070824197070618,-0.022484631823247437
2.6115223044608924,PASSED,-0.29760909432179133,-0.0011012494524453532,0.004083747872614258,2.826584437799631,0.006048381203962457,-0.022415233964769042
2.6125225045009004,PASSED,-0.2976101935344566,-0.001097173287390731,0.004071109842627447,2.8265904750011055,0.006026007541201381,-0.022345948625280613
2.6135227045409084,PASSED,-0.29761128867726483,-0.0010931097438566224,0.00405849932842907,2.826596489863486,0.00600370305430233,-0.022276845748232226
2.6145229045809164,PASSED,-0.2976123797628235,-0.0010890587941486249,0.004045916627710148,2.8266024824558666,0.005981467573793791,-0.022207903682077246
2.6155231046209244,PASSED,-0.2976134668037123,-0.0010850204099132994,0.004033362640402199,2.826608452847185,0.005959300956571907,-0.02213909291508831
2.6165233046609324,PASSED,-0.2976145498124826,-0.001080994562869968,0.004020836645284212,2.826614401106224,0.005937203050108298,-0.022070448829289
2.61752350470094,PASSED,-0.29761562880165776,-0.0010769812252505108,0.00400833826890567,2.826620327301625,0.005915173707485541,-0.022001938485069057
2.618523704740948,PASSED,-0.29761670378373295,-0.0010729803688617212,0.003995868468712021,2.826626231501861,0.005893212758944769,-0.02193362191123933
2.619523904780956,PASSED,-0.2976177747711756,-0.0010689919657637925,0.003983426184072984,2.8266321137752617,0.005871320059677796,-0.021865417504128393
2.620524104820964,PASSED,-0.2976188417764247,-0.0010650159876500343,0.003971012733548527,2.826637974189998,0.0058494954649474925,-0.02179737954775383
2.621524304860972,PASSED,-0.2976199048118916,-0.0010610524068849346,0.0039586261194672675,2.8266438128140963,0.005827738815707261,-0.021729495701884094
2.62252450490098,PASSED,-0.2976209638899594,-0.0010571011953188002,0.003946268530579602,2.826649629715423,0.005806049955064764,-0.021661770602904896
2.623524704940988,PASSED,-0.2976220190229832,-0.0010531623246764418,0.00393393871687727,2.8266554249616966,0.005784428736442215,-0.021594183968978053
2.624524904980996,PASSED,-0.2976230702232903,-0.001049235767546798,0.003921636071488122,2.826661198620478,0.005762875004429725,-0.02152676404149841
2.625525105021004,PASSED,-0.2976241175031799,-0.0010453214956286357,0.003909362482611571,2.8266669507591806,0.005741388608785749,-0.0214594833789603
2.626525305061012,PASSED,-0.2976251608749235,-0.001041419481022998,0.0038971160209883586,2.8266726814450602,0.005719969392434367,-0.02139237166632905
2.62752550510102,PASSED,-0.29762620035076437,-0.0010375296959459226,0.0038848977811333078,2.8266783907452284,0.00569861721283422,-0.021325384889357753
2.628525705141028,PASSED,-0.2976272359429181,-0.0010336521124796002,0.0038727072564484115,2.8266840787266383,0.005677331912117805,-0.021258577934453265
2.629525905181036,PASSED,-0.29762826766357237,-0.001029786702741917,0.0038605447251731794,2.8266897454560924,0.005656113330560361,-0.0211919173061042
2.630526105221044,PASSED,-0.2976292955248869,-0.0010259334387488102,0.003848410171729076,2.826695391000242,0.005634961330545699,-0.02112538848703405
2.631526305261052,PASSED,-0.29763031953899377,-0.0010220922929342212,0.003836302909828879,2.826701015425588,0.005613875757554441,-0.02105902932740792
2.63252650530106,PASSED,-0.29763133971799705,-0.0010182632374202952,0.0038242239166573194,2.8267066187984717,0.005592856441294404,-0.020992840881790494
2.633526705341068,PASSED,-0.29763235607397315,-0.0010144462443492253,0.003812172507344711,2.8267122011850936,0.005571903254154425,-0.02092675131210396
2.634526905381076,PASSED,-0.2976333686189706,-0.0010106412857392962,0.003800149344985207,2.8267177626514974,0.005551016042970139,-0.020860851099073652
2.635527105421084,PASSED,-0.2976343773650102,-0.0010068483342866072,0.003788152857824889,2.8267233032635755,0.005530194636705235,-0.020795109708792454
2.636527305461092,PASSED,-0.29763538232408504,-0.0010030673620035702,0.0037761852331783213,2.826728823087071,0.005509438900855229,-0.02072948661081517
2.6375275055011,PASSED,-0.2976363835081604,-0.0009992983409634801,0.0037642449113647375,2.826734322187574,0.005488748687357743,-0.02066403142193507
2.638527705541108,PASSED,-0.29763738092917413,-0.0009955412441839417,0.0037523313583206295,2.826739800630522,0.0054681238251097775,-0.020598749465317912
2.639527905581116,PASSED,-0.29763837459903597,-0.0009917960433031866,0.0037404472290446383,2.8267452584812016,0.005447564174080028,-0.02053358540603653
2.640528105621124,PASSED,-0.2976393645296283,-0.000988062710590438,0.003728589701884738,2.8267506958047552,0.005427069603951276,-0.020468559943897534
2.641528305661132,PASSED,-0.2976403507328059,-0.0009843412193307937,0.003716758964817274,2.826756112666161,0.005406639923410274,-0.020403760939070228
2.64252850570114,PASSED,-0.2976413332203958,-0.0009806315411694723,0.0037049576256572504,2.8267615091302676,0.005386275015770433,-0.020339005440353396
2.643528705741148,PASSED,-0.2976423120041974,-0.0009769336481858344,0.0036931832222914314,2.826766885261748,0.005365974719515208,-0.0202744901318065
2.644528905781156,PASSED,-0.29764328709598253,-0.0009732475137309913,0.0036814352765439378,2.826772241125141,0.005345738865025602,-0.020210097394804456
2.645529105821164,PASSED,-0.2976442585074957,-0.0009695731100816429,0.0036697158978850064,2.8267775767848375,0.005325567347596936,-0.02014579745124075
2.646529305861172,PASSED,-0.29764522625045353,-0.0009659104088942147,0.0036580247137902363,2.8267828923050593,0.005305459969817834,-0.0200817646643426
2.64752950590118,PASSED,-0.2976461903365453,-0.0009622593833738353,0.003646359391438595,2.826788187749902,0.005285416597465414,-0.02001777747780388
2.648529705941188,PASSED,-0.297647150777433,-0.0009586200062774577,0.003634722233003642,2.826793463183293,0.005265437104814055,-0.019953969433728538
2.649529905981196,PASSED,-0.29764810758475074,-0.0009549922493849604,0.0036231133321597713,2.826798718669017,0.005245521302298439,-0.019890357903541746
2.650530106021204,PASSED,-0.2976490607701055,-0.0009513760855971944,0.003611530758170181,2.8268039542707117,0.00522566906364024,-0.019826825827970657
2.651530306061212,PASSED,-0.2976500103450767,-0.0009477714880513954,0.0035999754042181534,2.8268091700518556,0.00520588024007921,-0.019763488716402305
2.65253050610122,PASSED,-0.2976509563212164,-0.0009441784284715371,0.003588449030285381,2.826814366075794,0.005186154677098535,-0.019700279156855807
2.653530706141228,PASSED,-0.2976518987100494,-0.0009405968798757237,0.0035769483061652467,2.826819542405701,0.005166492216257093,-0.019637248631166726
2.654530906181236,PASSED,-0.2976528375230728,-0.0009370268151487412,0.0035654756741940875,2.8268246991046193,0.005146892720205678,-0.019574327664913207
2.655531106221244,PASSED,-0.29765377277175675,-0.0009334682064978686,0.003554030635324936,2.826829836235433,0.005127356043138601,-0.019511576668520967
2.656531306261252,PASSED,-0.29765470446754394,-0.0009299210270183264,0.0035426120423539087,2.8268349538608843,0.0051078820264007065,-0.01944897678414392
2.65753150630126,PASSED,-0.2976556326218496,-0.0009263852492200481,0.0035312216355612557,2.8268400520435586,0.005088470520131975,-0.01938652592512195
2.658531706341268,PASSED,-0.29765655724606194,-0.0009228608458034342,0.0035198579373155866,2.826845130845894,0.005069121378054963,-0.019324219511605765
2.659531906381276,PASSED,-0.2976574783515419,-0.0009193477900311126,0.00350852099565885,2.8268501903301884,0.005049834464216357,-0.019262043389941887
2.660532106421284,PASSED,-0.297658395949623,-0.0009158460540586385,0.00349721262368423,2.8268552305585803,0.005030609612103938,-0.019200057927403244
2.661532306461292,PASSED,-0.29765931005161184,-0.0009123556108003508,0.00348593034802323,2.826860251593067,0.005011446677998585,-0.019138184890652284
2.6625325065013,PASSED,-0.2976602206687877,-0.0009088764336533245,0.0034746750130284906,2.8268652534954914,0.004992345519736636,-0.019076473842812757
2.663532706541308,PASSED,-0.29766112781240267,-0.000905408494756333,0.003463448152966795,2.826870236327552,0.004973305982175686,-0.019014913373040912
2.664532906581316,PASSED,-0.2976620314936819,-0.0009019517674924586,0.0034522466711461907,2.826875200150802,0.004954327925035215,-0.018953486318758376
2.665533106621324,PASSED,-0.2976629317238233,-0.0008985062246860963,0.003441073563173064,2.826880145026638,0.0049354111897817535,-0.0188922345432635
2.666533306661332,PASSED,-0.2976638285139976,-0.0008950718389106751,0.003429927250253542,2.8268850710163136,0.0049165556298891465,-0.01883111012550313
2.66753350670134,PASSED,-0.2976647218753488,-0.0008916485838062844,0.003418807007148664,2.8268899781809416,0.004897761120982947,-0.01877010809332939
2.668533706741348,PASSED,-0.2976656118189936,-0.0008882364319340107,0.003407715115690371,2.8268948665814753,0.004879027484902491,-0.01870932140520777
2.669533906781356,PASSED,-0.29766649835602177,-0.000884835356112047,0.0033966496261459023,2.82689973627873,0.004860354582042714,-0.01864862382948944
2.670534106821364,PASSED,-0.2976673814974963,-0.0008814453298688111,0.0033856106546293102,2.826904587333364,0.004841742276577071,-0.0185880932230789
2.671534306861372,PASSED,-0.2976682612544529,-0.0008780663259717113,0.0033745993920803307,2.8269094198058986,0.004823190414160865,-0.018527708544955633
2.67253450690138,PASSED,-0.2976691376379006,-0.0008746983174678437,0.0033636145783924125,2.826914233756699,0.004804698839801875,-0.01846748490167845
2.673534706941388,PASSED,-0.2976700106588214,-0.0008713412778476931,0.0033526563146561066,2.826919029245994,0.004786267426191659,-0.018407366082576333
2.674534906981396,PASSED,-0.29767088032817063,-0.0008679951797706924,0.003341725918563752,2.826923806333854,0.004767896010528239,-0.018347448717316216
2.675535107021404,PASSED,-0.29767174665687657,-0.0008646599965423452,0.0033308214348693787,2.826928565080214,0.004749584448001494,-0.018287638399696857
2.676535307061412,PASSED,-0.29767260965584075,-0.0008613357018849146,0.003319943472471562,2.826933305544849,0.004731332595464523,-0.018227995295154113
2.67753550710142,PASSED,-0.29767346933593786,-0.0008580222682331123,0.0033090937713561226,2.826938027787403,0.004713140312039769,-0.0181684755111533
2.678535707141428,PASSED,-0.29767432570801594,-0.0008547196689661122,0.00329826959742937,2.8269427318673634,0.004695007443348174,-0.018109130811888686
2.679535907181436,PASSED,-0.2976751787828962,-0.0008514278778956598,0.003287472052467756,2.826947417844076,0.004676933841952759,-0.018049915117766668
2.680536107221444,PASSED,-0.29767602857137315,-0.0008481468681990235,0.00327670145941535,2.826952085776735,0.004658919367554646,-0.0179908472516759
2.681536307261452,PASSED,-0.2976768750842147,-0.0008448766125736044,0.003265958402754764,2.8269567357243965,0.004640963875084721,-0.01793192261542364
2.68253650730146,PASSED,-0.29767771833216194,-0.0008416170847866701,0.0032552407097206576,2.826961367745965,0.004623067213874487,-0.017873153606774703
2.683536707341468,PASSED,-0.2976785583259295,-0.0008383682585594858,0.003244549905493357,2.8269659819002046,0.004605229243599278,-0.017814514720832283
2.684536907381476,PASSED,-0.29767939507620517,-0.000835130106792243,0.0032338863417423805,2.8269705782457297,0.0045874498177444455,-0.01775603327749957
2.685537107421484,PASSED,-0.29768022859365056,-0.0008319026032054188,0.0032232484168788346,2.8269751568410095,0.004569728783805838,-0.017697701046011743
2.686537307461492,PASSED,-0.29768105888890034,-0.0008286857211767648,0.0032126377698374377,2.8269797177443743,0.004552066011868841,-0.017639485864320053
2.6875375075015002,PASSED,-0.29768188597256284,-0.0008254794340320291,0.0032020533946676482,2.8269842610140006,0.0045344613450672274,-0.017581454093144284
2.6885377075415082,PASSED,-0.29768270985521983,-0.0008222837155170725,0.0031914952618159235,2.826988786707923,0.0045169146305278,-0.017523554836950166
2.6895379075815162,PASSED,-0.29768353054742674,-0.0008190985393194344,0.003180963488186127,2.8269932948840366,0.004499425750521916,-0.0174657634518393
2.6905381076215242,PASSED,-0.29768434805971233,-0.0008159238784753528,0.003170459081345131,2.826997785600089,0.004481994546637089,-0.017408164173483464
2.6915383076615322,PASSED,-0.2976851624025792,-0.0008127597071136101,0.003159979548674365,2.827002258913681,0.004464620858622158,-0.017350703909231668
2.6925385077015402,PASSED,-0.29768597358650356,-0.0008096059988847178,0.0031495273490376673,2.82700671488227,0.004447304563036109,-0.017293356703926312
2.6935387077415482,PASSED,-0.2976867816219349,-0.0008064627266533657,0.0031391021528952285,2.8270111535631712,0.004430045517137396,-0.017236172028570838
2.6945389077815562,PASSED,-0.29768758651929694,-0.0008033298652119588,0.0031287009670812344,2.827015575013557,0.004412843563261605,-0.017179141773937107
2.6955391078215643,PASSED,-0.29768838828898675,-0.0008002073879633829,0.0031183281029055895,2.8270199792904487,0.004395698556462642,-0.017122250148980025
2.6965393078615723,PASSED,-0.2976891869413752,-0.0007970952679062434,0.0031079813599622585,2.8270243664507366,0.004378610378274434,-0.017065463547694726
2.6975395079015803,PASSED,-0.2976899824868068,-0.0007939934793662709,0.0030976599933125637,2.8270287365511546,0.004361578860002874,-0.01700888808746987
2.6985397079415883,PASSED,-0.2976907749356002,-0.0007909019968902107,0.0030873641312254116,2.8270330896483022,0.0043446038585870424,-0.016952410301405704
2.6995399079815963,PASSED,-0.29769156429804755,-0.0007878207930253515,0.003077097020615056,2.827037425798635,0.004327685255981978,-0.01689606414083608
2.7005401080216043,PASSED,-0.297692350584415,-0.0007847498420255893,0.0030668536525269717,2.827041745058459,0.004310822881947429,-0.016839913963690917
2.7015403080616123,PASSED,-0.29769313380494256,-0.0007816891185508297,0.0030566366895813683,2.827046047483944,0.004294016598216011,-0.01678386357657004
2.7025405081016203,PASSED,-0.2976939139698441,-0.000778638595678948,0.003046446993415098,2.8270503331311136,0.004277266279318235,-0.016727955778580054
2.7035407081416283,PASSED,-0.2976946910893075,-0.0007755982474202521,0.0030362824355498197,2.8270546020558536,0.004260571771954028,-0.016672208421292543
2.7045409081816363,PASSED,-0.2976954651734947,-0.000772568048443261,0.0030261433379521335,2.827058854313902,0.004243932925749084,-0.016616604727377995
2.7055411082216443,PASSED,-0.2976962362325413,-0.000769547971962387,0.0030160319094886265,2.8270630899608564,0.004227349610338907,-0.01656112253204278
2.7065413082616523,PASSED,-0.2976970042765573,-0.0007665379922796764,0.003005944864858511,2.8270673090521767,0.004210821687123855,-0.016505790337058887
2.7075415083016603,PASSED,-0.2976977693156267,-0.0007635380839531392,0.0029958839676562567,2.8270715116431746,0.00419434899800265,-0.016450621643969314
2.7085417083416683,PASSED,-0.2976985313598074,-0.0007605482204843882,0.0029858498028140328,2.8270756977890255,0.004177931415906773,-0.016395555730482163
2.7095419083816763,PASSED,-0.2976992904191316,-0.0007575683760949681,0.0029758407804909436,2.8270798675447537,0.004161568789526392,-0.01634067348031306
2.7105421084216843,PASSED,-0.2977000465036056,-0.0007545985253085398,0.0029658574570530804,2.8270840209652572,0.0041452609872301375,-0.01628588817354868
2.7115423084616923,PASSED,-0.2977007996232099,-0.0007516386419866268,0.002955900565152875,2.827088158105282,0.004129007866770408,-0.01623127531718234
2.7125425085017003,PASSED,-0.2977015497878992,-0.0007486887005243953,0.0029459687269507355,2.827092279019436,0.004112809274437481,-0.016176803676755398
2.7135427085417083,PASSED,-0.2977022970076025,-0.0007457486752781802,0.002936062925724588,2.827096383762186,0.004096665083408882,-0.016122449263162017
2.7145429085817163,PASSED,-0.297703041292223,-0.0007428185403968675,0.0029261828517048996,2.827100472387859,0.00408057515233893,-0.01606825227447828
2.7155431086217243,PASSED,-0.2977037826516382,-0.0007398982699367786,0.0029163288656781166,2.8271045449506413,0.004064539331578899,-0.016014199750399288
2.7165433086617323,PASSED,-0.29770452109570017,-0.00073698783887592,0.0029064991909788793,2.8271086015045794,0.004048557488759438,-0.01596027153216979
2.7175435087017403,PASSED,-0.2977052566342351,-0.0007340872213789948,0.002896696367556177,2.827112642103574,0.004032629477059778,-0.015906505144653662
2.7185437087417483,PASSED,-0.29770598927704367,-0.0007311963914316559,0.002886919000527444,2.8271166668013983,0.00401675517046086,-0.015852840901760284
2.7195439087817563,PASSED,-0.29770671903390106,-0.0007283153240211632,0.0028771663504695297,2.8271206756516714,0.004000934414082159,-0.01579936669666279
2.7205441088217643,PASSED,-0.2977074459145568,-0.0007254439935457417,0.0028674398920562403,2.827124668707883,0.003985167068205279,-0.015745998663691432
2.7215443088617723,PASSED,-0.2977081699287351,-0.0007225823742912227,0.0028577388294940835,2.82712864602338,0.0039694530125554016,-0.015692760307333995
2.7225445089017803,PASSED,-0.29770889108613446,-0.0007197304409040253,0.002848063092333062,2.827132607651369,0.00395379208822377,-0.015639700347831353
2.7235447089417884,PASSED,-0.29770960939642827,-0.0007168881682785632,0.0028384123142148315,2.827136553644918,0.003938184155810679,-0.015586753789929665
2.7245449089817964,PASSED,-0.29771032486926424,-0.0007140555306215341,0.0028287878855718525,2.8271404840569545,0.003922629090301714,-0.01553393998832285
2.7255451090218044,PASSED,-0.2977110375142649,-0.0007112325026351124,0.0028191880536548967,2.8271443989402743,0.003907126751713117,-0.015481270988780538
2.7265453090618124,PASSED,-0.29771174734102734,-0.0007084190594758151,0.0028096132297257314,2.827148298347525,0.0038916769858812943,-0.01542876239384982
2.7275455091018204,PASSED,-0.29771245435912347,-0.0007056151753738571,0.0028000646834460212,2.8271521823312256,0.00387627967049009,-0.015376350722773822
2.7285457091418284,PASSED,-0.2977131585780998,-0.0007028208248708017,0.0027905410494615842,2.827156050943747,0.003860934662820725,-0.015324112300426749
2.7295459091818364,PASSED,-0.2977138600074777,-0.0007000359835003005,0.0027810415845275016,2.8271599042373294,0.0038456418187072824,-0.015271998655452403
2.7305461092218444,PASSED,-0.2977145586567532,-0.0006972606256088045,0.002771568762808323,2.8271637422640703,0.003830401007174248,-0.015220020118089466
2.7315463092618524,PASSED,-0.29771525453539743,-0.0006944947258606628,0.0027621204050303633,2.8271675650759343,0.003815212093165096,-0.015168176603193546
2.7325465093018604,PASSED,-0.2977159476528563,-0.0006917382599269447,0.0027526962861766,2.827171372724746,0.0038000749322459884,-0.015116483796383468
2.7335467093418684,PASSED,-0.2977166380185504,-0.0006889912018333065,0.002743299298612422,2.8271751652621884,0.00378498938306027,-0.01506492611194146
2.7345469093818764,PASSED,-0.29771732564187553,-0.0006862535267566759,0.002733925595309373,2.8271789427398155,0.0037699553245866997,-0.015013480047989197
2.7355471094218844,PASSED,-0.29771801053220237,-0.0006835252103487779,0.0027245769496238295,2.82718270520904,0.003754972612317148,-0.014962200417260048
2.7365473094618924,PASSED,-0.2977186926988765,-0.000680806226780933,0.0027152546466590955,2.827186452721139,0.003740041100338871,-0.014911053018955832
2.7375475095019004,PASSED,-0.29771937215121874,-0.0006780965514941814,0.002705955713479941,2.8271901853272494,0.0037251606609202833,-0.014860030351674887
2.7385477095419084,PASSED,-0.2977200488985249,-0.0006753961597620815,0.002696682411179885,2.827193903078381,0.003710331168308777,-0.014809134118061047
2.7395479095819164,PASSED,-0.2977207229500658,-0.0006727050261840368,0.002687434355954549,2.8271976060253947,0.0036955524625328358,-0.014758420214527564
2.7405481096219244,PASSED,-0.29772139431508754,-0.0006700231263748122,0.002678210111404617,2.827201294219025,0.003680824418945299,-0.01470779250287522
2.7415483096619324,PASSED,-0.29772206300281134,-0.0006673504355389694,0.002669011318801562,2.827204967709867,0.0036661469161182875,-0.014657309709769556
2.7425485097019404,PASSED,-0.29772272902243374,-0.0006646869286710144,0.0026598372340574123,2.8272086265483805,0.0036515197956925954,-0.014606994236307354
2.7435487097419484,PASSED,-0.2977233923831264,-0.000662032581027124,0.0026506879171123683,2.82721227078489,0.0036369429296880334,-0.014556780516731453
2.7445489097819564,PASSED,-0.29772405309403627,-0.0006593873679852509,0.002641563125046998,2.8272159004695867,0.0036224161976230896,-0.014506699763751666
2.7455491098219644,PASSED,-0.29772471116428556,-0.0006567512651002285,0.002632462725006039,2.827219515652522,0.0036079394420733164,-0.014456792740454544
2.7465493098619724,PASSED,-0.2977253666029721,-0.0006541242475343003,0.0026233874598761905,2.8272231163836152,0.0035935125343264465,-0.014406984417813799
2.7475495099019804,PASSED,-0.2977260194191689,-0.0006515062905613441,0.0026143366483428222,2.827226702712653,0.003579135356859827,-0.014357306165822857
2.7485497099419884,PASSED,-0.29772666962192434,-0.000648897369946139,0.0026053099264467233,2.827230274689283,0.0035648077539946355,-0.014307800664770417
2.7495499099819964,PASSED,-0.2977273172202626,-0.0006462974611203026,0.0025963080920959405,2.827233832363023,0.0035505295983950394,-0.014258392222812994
2.7505501100220044,PASSED,-0.2977279622231828,-0.0006437065391792744,0.0025873311736496164,2.827237375783257,0.003536300769846608,-0.01420911943217698
2.7515503100620124,PASSED,-0.29772860463966017,-0.0006411245800433604,0.0025783777774235567,2.827240904999227,0.0035221211055948636,-0.014160027464789341
2.7525505101020205,PASSED,-0.2977292444786451,-0.0006385515595438205,0.002569448980951095,2.8272444200600497,0.0035079904912464596,-0.014111005604147797
2.7535507101420285,PASSED,-0.29772988174906395,-0.0006359874528815096,0.0025605451165505613,2.8272479210147092,0.0034939088083414315,-0.014062134438948012
2.7545509101820365,PASSED,-0.2977305164598183,-0.0006334322354617228,0.00255166562194439,2.827251407912047,0.003479875885984546,-0.014013447635510193
2.7555511102220445,PASSED,-0.2977311486197857,-0.0006308858837905301,0.002542809037358374,2.8272548808007856,0.003465891619489546,-0.01396481240132723
2.7565513102620525,PASSED,-0.2977317782378194,-0.0006283483732384182,0.0025339782286142674,2.827258339729496,0.00345195587088385,-0.0139163727419429
2.7575515103020605,PASSED,-0.29773240532274825,-0.0006258196791477116,0.002525171332101417,2.8272617847466335,0.0034380684963086047,-0.01386804246411313
2.7585517103420685,PASSED,-0.2977330298833771,-0.0006232997779412584,0.002516387789354236,2.827265215900511,0.003424229376391196,-0.013819838219605824
2.7595519103820765,PASSED,-0.29773365192848633,-0.000620788645099096,0.0025076295440345235,2.8272686332393135,0.0034104383756942626,-0.01377177568181825
2.7605521104220845,PASSED,-0.29773427146683257,-0.000618286256611533,0.002498894449915262,2.8272720368110926,0.003396695356591816,-0.013723848049532287
2.7615523104620925,PASSED,-0.2977348885071479,-0.0006157925884143797,0.0024901840286453165,2.8272754266637676,0.003383000192641012,-0.013676041218318644
2.7625525105021005,PASSED,-0.29773550305814084,-0.000613307616615458,0.00248149697910599,2.827278802845127,0.003369352753530724,-0.013628371038267924
2.7635527105421085,PASSED,-0.2977361151284954,-0.0006108313167796709,0.00247283507357462,2.8272821654028264,0.003355752901117088,-0.013580839997214485
2.7645529105821165,PASSED,-0.2977367247268719,-0.0006083636651941554,0.002464195926809505,2.8272855143843887,0.0033422005048354634,-0.013533433804564643
2.7655531106221245,PASSED,-0.29773733186190665,-0.0006059046383274114,0.002455580826700385,2.8272888498372093,0.0033286954424602876,-0.013486148088915963
2.7665533106621325,PASSED,-0.29773793654221203,-0.0006034542114530463,0.002446990906141648,2.8272921718085526,0.003315237580208107,-0.013439005027690165
2.7675535107021405,PASSED,-0.29773853877637646,-0.0006010123610990469,0.0024384233192380044,2.827295480345549,0.0033018267774453268,-0.013392001252841075
2.7685537107421485,PASSED,-0.29773913857296463,-0.0005985790638411386,0.002429879883688392,2.827298775495202,0.003288462914928818,-0.013345103358953617
2.7695539107821565,PASSED,-0.29773973594051734,-0.0005961542952664093,0.0024213610354231288,2.8273020573043803,0.0032751458588151485,-0.01329835795014624
2.7705541108221645,PASSED,-0.2977403308875518,-0.0005937380319889364,0.002412864772172903,2.827305325819828,0.0032618754780882908,-0.013251729244665266
2.7715543108621725,PASSED,-0.29774092342256125,-0.0005913302502817308,0.002404392997227166,2.8273085810881526,0.003248651641578523,-0.013205241353169177
2.7725545109021805,PASSED,-0.29774151355401546,-0.0005889309262017813,0.0023959448017644197,2.8273118231558394,0.003235474224971895,-0.013158866775599673
2.7735547109421885,PASSED,-0.2977421012903602,-0.0005865400362686342,0.002387520020735329,2.8273150520692365,0.003222343093029921,-0.013112642052890486
2.7745549109821965,PASSED,-0.29774268664001824,-0.0005841575573871462,0.0023791181219898795,2.827318267874571,0.0032092581214540217,-0.013066524591237761
2.7755551110222045,PASSED,-0.29774326961138814,-0.0005817834652247538,0.0023707415226608634,2.8273214706179326,0.0031962191787017215,-0.013020554859675536
2.7765553110622125,PASSED,-0.2977438502128453,-0.0005794177363721006,0.002362387072648135,2.8273246603452895,0.0031832261357201907,-0.012974701729435078
2.7775555111022205,PASSED,-0.29774442845274146,-0.0005770603481707094,0.0023540556205531122,2.8273278371024713,0.003170278857895644,-0.012928995221287844
2.7785557111422285,PASSED,-0.297745004339405,-0.0005747112761052531,0.002345749695391778,2.8273310009351964,0.003157377238538821,-0.012883368780513205
2.7795559111822365,PASSED,-0.29774557788114075,-0.0005723704971142677,0.0023374651880477904,2.827334151889035,0.003144521126361339,-0.01283794110879513
2.7805561112222446,PASSED,-0.29774614908623037,-0.0005700379885710806,0.0023292041132799484,2.8273372900094413,0.0031317103910173502,-0.012792598167451086
2.7815563112622526,PASSED,-0.29774671796293195,-0.0005677137261157462,0.0023209680167041204,2.8273404153417374,0.0031189449291211535,-0.012747371048693305
2.7825565113022606,PASSED,-0.29774728451948035,-0.0005653976867005547,0.0023127536808496027,2.8273435279311228,0.003106224601902395,-0.012702297998801867
2.7835567113422686,PASSED,-0.2977478487640872,-0.0005630898477462192,0.0023045624699930376,2.8273466278226618,0.0030935492651771933,-0.012657362542801334
2.7845569113822766,PASSED,-0.29774841070494096,-0.000560790185455953,0.002296395503781517,2.8273497150612985,0.0030809188132665272,-0.012612511489242003
2.7855571114222846,PASSED,-0.29774897035020675,-0.0005584986765374999,0.00228825119490078,2.827352789691844,0.0030683331153948056,-0.012567822126708374
2.7865573114622926,PASSED,-0.29774952770802665,-0.0005562152982571026,0.0022801296707282395,2.827355851758987,0.0030557920338442636,-0.012523254499764163
2.7875575115023006,PASSED,-0.2977500827865195,-0.0005539400274099869,0.002272031631374013,2.8273589013072864,0.003043295451540249,-0.012478800840181593
2.7885577115423086,PASSED,-0.2977506355937812,-0.000551672840631763,0.0022639568761238286,2.8273619383811837,0.0030308432534468764,-0.012434462928833252
2.7895579115823166,PASSED,-0.29775118613788465,-0.000549413715451411,0.0022559040498374744,2.8273649630249795,0.0030184352859702816,-0.012390303841769184
2.7905581116223246,PASSED,-0.29775173442687963,-0.0005471626286140005,0.002247875362459275,2.827367975282859,0.00300607143441049,-0.012346216705139499
2.7915583116623326,PASSED,-0.297752280468793,-0.0005449195568890702,0.0022398692999109214,2.8273709751988783,0.002993751592150562,-0.012302259296454534
2.7925585117023406,PASSED,-0.29775282427162875,-0.0005426844779345346,0.0022318853909520345,2.8273739628169667,0.002981475608473424,-0.012258466597593241
2.7935587117423486,PASSED,-0.29775336584336787,-0.0005404573685879126,0.0022239253170684447,2.827376938180936,0.002969243368601738,-0.01221475538774773
2.7945589117823566,PASSED,-0.2977539051919688,-0.0005382382060597699,0.002215987335525669,2.8273799013344556,0.002957054742616509,-0.012171206383550529
2.7955591118223646,PASSED,-0.29775444232536685,-0.0005360269675567541,0.002208072614675795,2.8273828523210938,0.0029449096214367097,-0.012127731043964704
2.7965593118623726,PASSED,-0.2977549772514748,-0.0005338236303852519,0.002200180209386511,2.8273857911842737,0.0029328078643716215,-0.012084441079170902
2.7975595119023806,PASSED,-0.2977555099781825,-0.0005316281717743839,0.002192310878522384,2.8273887179673056,0.0029207493428066345,-0.01204124188886475
2.7985597119423886,PASSED,-0.29775604051335747,-0.0005294405694223659,0.002184463334348591,2.8273916327133706,0.0029087339536660304,-0.011998153975096848
2.7995599119823966,PASSED,-0.29775656886484414,-0.0005272608001593887,0.0021766398820629576,2.8273945354655274,0.002896761558483221,-0.011955222654617929
2.8005601120224046,PASSED,-0.29775709504046477,-0.0005250888417423273,0.0021688374403936797,2.8273974262667085,0.0028848320255432155,-0.011912406463596885
2.8015603120624126,PASSED,-0.2977576190480188,-0.0005229246715870961,0.0021610586317896727,2.8274003051597276,0.0028729452540443125,-0.011869681522440294
2.8025605121024206,PASSED,-0.2977581408952832,-0.0005207682671537886,0.0021533016343193534,2.827403172187272,0.0028611011093073206,-0.01182712021335954
2.8035607121424286,PASSED,-0.2977586605900125,-0.0005186196059140034,0.0021455676434289717,2.8274060273919037,0.0028492994536050862,-0.01178467936148399
2.8045609121824366,PASSED,-0.2977591781399388,-0.0005164786656849794,0.002137855286087341,2.8274088708160696,0.0028375401931626898,-0.011742314496338651
2.8055611122224446,PASSED,-0.29775969355277176,-0.0005143454240000164,0.0021301659508799753,2.8274117025020833,0.0028258231869235637,-0.01170013406765166
2.8065613122624526,PASSED,-0.29776020683619875,-0.0005122198582733008,0.0021224989106060207,2.8274145224921403,0.0028141483006661324,-0.011658054383951495
2.8075615123024606,PASSED,-0.29776071799788467,-0.0005101019463777805,0.002114853885463135,2.827417330828324,0.0028025154533943817,-0.0116160425302832
2.8085617123424687,PASSED,-0.29776122704547237,-0.0005079916662766457,0.0021072309115826218,2.827420127552574,0.0027909244813172853,-0.011574258441638428
2.8095619123824767,PASSED,-0.2977617339865824,-0.0005058889956184757,0.0020996304892281713,2.8274229127067296,0.0027793752716705014,-0.011532510450214148
2.8105621124224847,PASSED,-0.2977622388288129,-0.0005037939118976363,0.002092052541913662,2.827425686332496,0.0027678677298213434,-0.01149089611512061
2.8115623124624927,PASSED,-0.29776274157974014,-0.0005017063933896188,0.0020844958187533082,2.8274284484714602,0.0027564017027118365,-0.011449447772430956
2.8125625125025007,PASSED,-0.2977632422469181,-0.0004996264180000651,0.0020769617700873736,2.8274311991650922,0.002744977079047648,-0.011408074258693206
2.8135627125425087,PASSED,-0.2977637408378787,-0.000497553963328675,0.0020694499389252614,2.8274339384547327,0.0027335937477451673,-0.0113668359983397
2.8145629125825167,PASSED,-0.2977642373601321,-0.0004954890078083213,0.0020619592413059495,2.827436666381607,0.0027222515738630155,-0.011325732471360171
2.8155631126225247,PASSED,-0.297764731821166,-0.0004934315290490232,0.0020544917712926494,2.8274393829868196,0.002710950445157443,-0.011284726195047494
2.8165633126625327,PASSED,-0.2977652242284464,-0.0004913815053186017,0.002047045036507542,2.827442088311353,0.002699690242384794,-0.011243853824384314
2.8175635127025407,PASSED,-0.29776571458941753,-0.0004893389149725044,0.002039620552490458,2.8274447823960727,0.0026884708419498545,-0.011203098175309418
2.8185637127425487,PASSED,-0.29776620291150147,-0.00048730373545097683,0.002032218834218961,2.8274474652817205,0.0026772921245189875,-0.011162463601238107
2.8195639127825567,PASSED,-0.2977666892020987,-0.00048527594568602435,0.0020248370521081683,2.8274501370089222,0.0026661539720238174,-0.011121945091124534
2.8205641128225647,PASSED,-0.2977671734685877,-0.0004832555238107491,0.0020174784240533086,2.827452797618183,0.002655056267869387,-0.01108154352996783
2.8215643128625727,PASSED,-0.2977676557183254,-0.0004812424475018345,0.002010141565488733,2.8274554471498856,0.0026439988832575746,-0.011041278666375881
2.8225645129025807,PASSED,-0.29776813595864693,-0.00047923669561869965,0.0020028254282322805,2.8274580856442983,0.0026329817074159574,-0.011001107291778398
2.8235647129425887,PASSED,-0.29776861419686573,-0.00047723824665557227,0.0019955313197241448,2.827460713141572,0.002622004629321732,-0.010961058629189932
2.8245649129825967,PASSED,-0.2977690904402737,-0.00047524707858590746,0.001988259236291938,2.8274633296817266,0.0026110675035660013,-0.010921170506757298
2.8255651130226047,PASSED,-0.297769564696141,-0.0004732631696554752,0.0019810087265257764,2.8274659353046876,0.0026001702473144755,-0.010881313414704816
2.8265653130626127,PASSED,-0.29777003697171656,-0.00047128649915676086,0.0019737783468399377,2.8274685300502336,0.002589312719056748,-0.01084167148640967
2.8275655131026207,PASSED,-0.29777050727422744,-0.0004693170451234848,0.001966571157566879,2.827471113958049,0.002578494797225953,-0.010802088727051816
2.8285657131426287,PASSED,-0.2977709756108795,-0.00046735478579888875,0.0019593847692821005,2.827473687067686,0.0025677163871594766,-0.01076262429275946
2.8295659131826367,PASSED,-0.2977714419888571,-0.00046539970038824764,0.0019522191715470709,2.8274762494185897,0.0025569773577200656,-0.010723299537178769
2.8305661132226447,PASSED,-0.2977719064153232,-0.00046345176731633084,0.0019450756721633706,2.827478801050082,0.002546277588162574,-0.010684082904366595
2.8315663132626527,PASSED,-0.29777236889741937,-0.0004615109649517143,0.0019379534929186368,2.827481342001367,0.0025356169662221224,-0.010644981297842247
2.8325665133026607,PASSED,-0.297772829442266,-0.00045957727249192764,0.0019308517710319455,2.827483872311535,0.002524995377230732,-0.01060599412042325
2.8335667133426687,PASSED,-0.2977732880569623,-0.0004576506686366322,0.001923771911471097,2.8274863920195568,0.002514412700144743,-0.010567132396365338
2.8345669133826767,PASSED,-0.29777374474858603,-0.0004557311318363151,0.0019167133928811783,2.827488901164292,0.0025038688236915796,-0.01052837249102902
2.8355671134226847,PASSED,-0.29777419952419404,-0.000453818641358064,0.0019096752018310033,2.8274913997844826,0.0024933636354114164,-0.010489732139586105
2.8365673134626928,PASSED,-0.29777465239082185,-0.0004519131759011428,0.001902658960314748,2.8274938879187506,0.002482897007266255,-0.010451225482211784
2.8375675135027008,PASSED,-0.2977751033554839,-0.00045001471419385644,0.001895663538600796,2.8274963656056067,0.002472468830386863,-0.010412811144178767
2.8385677135427088,PASSED,-0.29777555242517373,-0.000448123235573616,0.0018886886746668867,2.8274988328834425,0.0024620789919288463,-0.010374523333907955
2.8395679135827168,PASSED,-0.2977759996068639,-0.00044623871922191657,0.0018817348030544423,2.8275012897905385,0.0024517273744305893,-0.010336346941156193
2.8405681136227248,PASSED,-0.2977764449075057,-0.0004443611434893163,0.0018748030189641492,2.82750373636506,0.0024414138657913543,-0.01029828310462035
2.8415683136627328,PASSED,-0.29777688833402993,-0.0004424904878722101,0.0018678906825341953,2.827506172645054,0.002431138344712892,-0.010260346394357195
2.8425685137027408,PASSED,-0.2977773298933462,-0.00044062673197295903,0.0018609993770623376,2.8275085986684574,0.002420900704424566,-0.010222502884305082
2.8435687137427488,PASSED,-0.29777776959234337,-0.00043876985408931917,0.00185413022135812,2.8275110144730893,0.002410700828023388,-0.01018479207909295
2.844568913782757,PASSED,-0.2977782074378894,-0.00043691983368974774,0.0018472805183804095,2.8275134200966554,0.0024005385966709035,-0.010147190868078727
2.8455691138227643,PASSED,-0.2977786434368319,-0.0004350766511908906,0.0018404504858416017,2.8275158155767497,0.002390413904471131,-0.010109693087568294
2.8465693138627723,PASSED,-0.29777907759599725,-0.00043324028419576864,0.001833644667975577,2.8275182009508537,0.0023803266400365393,-0.010072311999273366
2.8475695139027803,PASSED,-0.2977795099221915,-0.0004314107127218224,0.0018268560112599628,2.8275205762563296,0.002370276675481312,-0.010035066259196826
2.8485697139427884,PASSED,-0.29777994042219996,-0.000429587917000331,0.0018200888616456835,2.8275229415304315,0.002360263909216945,-0.0099978996011476
2.8495699139827964,PASSED,-0.2977803691027873,-0.00042777187500520276,0.0018133440841166541,2.8275252968103013,0.002350288236174916,-0.009960855335949264
2.8505701140228044,PASSED,-0.2977807959706978,-0.0004259625670874861,0.001806617140116644,2.827527642132964,0.0023403495241826116,-0.009923949763207407
2.8515703140628124,PASSED,-0.29778122103265514,-0.0004241599730292843,0.001799912003591911,2.8275299775353346,0.002330447668330326,-0.009887126578337643
2.8525705141028204,PASSED,-0.2977816442953625,-0.00042236407145797885,0.0017932279497811393,2.8275323030542188,0.002320582572797311,-0.009850408169466206
2.8535707141428284,PASSED,-0.29778206576550276,-0.0004205748426792214,0.0017865626647416797,2.827534618726307,0.0023107541071150203,-0.009813837357507873
2.8545709141828364,PASSED,-0.2977824854497383,-0.00041879226648062123,0.0017799185545057678,2.827536924588177,0.002300962154701477,-0.009777362450900332
2.8555711142228444,PASSED,-0.2977829033547112,-0.00041701632171099387,0.001773295579708391,2.827539220676296,0.002291206624858796,-0.009740974770534743
2.8565713142628524,PASSED,-0.2977833194870434,-0.00041524698878405005,0.0017666911584341546,2.827541507027022,0.0022814873965581505,-0.009704730654051877
2.8575715143028604,PASSED,-0.29778373385333634,-0.0004134842475633188,0.0017601079289293743,2.8275437836766013,0.002271804352953337,-0.009668585571987985
2.8585717143428684,PASSED,-0.2977841464601715,-0.00041172807730422355,0.0017535451458724524,2.827546050661165,0.0022621573872934142,-0.009632552385212705
2.8595719143828764,PASSED,-0.2977845573141099,-0.00040997845811626565,0.001747001882681452,2.827548308016741,0.0022525463980185255,-0.009596613868005524
2.8605721144228844,PASSED,-0.2977849664216928,-0.0004082353702445292,0.0017404785311064446,2.8275505557792413,0.002242971263966964,-0.009560814173932859
2.8615723144628924,PASSED,-0.297785373789441,-0.0004064987932062031,0.0017339760431391343,2.827552793984471,0.002233431874878484,-0.009525105698178144
2.8625725145029004,PASSED,-0.29778577942385553,-0.0004047687069661091,0.0017274930380640203,2.8275550226681205,0.002223928127185168,-0.009489509023408269
2.8635727145429084,PASSED,-0.29778618333141743,-0.00040304509185378645,0.0017210298284950191,2.827557241865777,0.0022144599106772374,-0.009454021497612198
2.8645729145829164,PASSED,-0.2977865855185876,-0.00040132792771126674,0.0017145870185361588,2.8275594516129177,0.0022050271180704896,-0.00941864001283773
2.8655731146229244,PASSED,-0.2977869859918071,-0.00039961719448475995,0.0017081640318206213,2.827561651944904,0.002195629628110163,-0.009383389925319688
2.8665733146629324,PASSED,-0.29778738475749716,-0.00039791287282806405,0.0017017600732794694,2.8275638428969945,0.0021862673417023665,-0.009348217396114506
2.8675735147029404,PASSED,-0.2977877818220592,-0.0003962149428071144,0.001695376652729857,2.8275660245043333,0.002176940151481234,-0.009313172104478115
2.8685737147429484,PASSED,-0.29778817719187484,-0.00039452338398096435,0.0016890136084301121,2.8275681968019626,0.002167647943327858,-0.009278232185974311
2.8695739147829564,PASSED,-0.2977885708733058,-0.00039283817730828113,0.0016826687155185832,2.8275703598248167,0.0021583906204899863,-0.00924338327247037
2.8705741148229644,PASSED,-0.2977889628726943,-0.00039115930325595076,0.0016763442768715608,2.8275725136077132,0.0021491680586857753,-0.00920868082537208
2.8715743148629724,PASSED,-0.2977893531963628,-0.00038948674144123033,0.0016700401732863733,2.8275746581853713,0.0021399801577120137,-0.009174047739354369
2.8725745149029804,PASSED,-0.2977897418506142,-0.00038782047282034444,0.0016637542526189142,2.8275767935923946,0.002130826815215346,-0.009139539001543795
2.8735747149429884,PASSED,-0.29779012884173184,-0.00038616047789512075,0.0016574887069601804,2.827578919863289,0.0021217079210095694,-0.009105131008598923
2.8745749149829964,PASSED,-0.29779051417597935,-0.00038450673675266935,0.0016512427661122527,2.8275810370324432,0.0021126233597160604,-0.009070848150115666
2.8755751150230044,PASSED,-0.29779089785960094,-0.0003828592300647869,0.00164501596906257,2.8275831451341453,0.0021035730324860894,-0.009036646616541114
2.8765753150630125,PASSED,-0.29779127989882165,-0.0003812179387603098,0.0016388081947533975,2.8275852442025746,0.0020945568380117043,-0.009002559712948143
2.8775755151030205,PASSED,-0.2977916602998467,-0.0003795828429607147,0.0016326208694895815,2.827587334271804,0.002085574657163621,-0.008968594938173749
2.8785757151430285,PASSED,-0.29779203906886226,-0.00037795392349515865,0.0016264518629336248,2.8275894153758014,0.0020766263918782055,-0.008934712183576804
2.8795759151830365,PASSED,-0.29779241621203484,-0.00037633116112955733,0.0016203027007131222,2.827591487548426,0.002067711935742049,-0.008900952104543246
2.8805761152230445,PASSED,-0.29779279173551204,-0.0003747145365287971,0.001614172534125011,2.827593550823435,0.0020588311809606975,-0.008867289899223165
2.8815763152630525,PASSED,-0.297793165645422,-0.0003731040306385761,0.0016080614609515615,2.8275956052344764,0.002049984022973416,-0.008833736712653813
2.8825765153030605,PASSED,-0.2977935379478737,-0.0003714996239836397,0.0016019701175929739,2.827597650815097,0.00204117035952293,-0.008800281275707988
2.8835767153430685,PASSED,-0.29779390864895694,-0.00036990129751075275,0.0015958973764162853,2.827599687598734,0.0020323900814907996,-0.008766942536411915
2.8845769153830765,PASSED,-0.29779427775474243,-0.0003683090323368212,0.0015898437056084506,2.8276017156187225,0.0020236430814563645,-0.008733705033117682
2.8855771154230845,PASSED,-0.29779464527128185,-0.0003667228094680194,0.0015838089775973715,2.8276037349082936,0.002014929265241153,-0.008700557003273813
2.8865773154630925,PASSED,-0.2977950112046079,-0.0003651426094804429,0.001577793994229281,2.8276057455005703,0.002006248518933112,-0.00866753917788555
2.8875775155031005,PASSED,-0.29779537556073404,-0.00036356841348970335,0.0015717973217464231,2.8276077474285786,0.0019976007444603254,-0.008634598002721162
2.8885777155431085,PASSED,-0.2977957383456551,-0.00036200020309886386,0.0015658191035682644,2.8276097407252303,0.0019889858325146297,-0.008601787907678985
2.8895779155831165,PASSED,-0.29779609956534675,-0.00036043795889799315,0.0015598609324056689,2.8276117254233446,0.001980403685460332,-0.008569053152043041
2.8905781156231245,PASSED,-0.2977964592257659,-0.00035888166184936977,0.0015539211261018828,2.8276137015556286,0.0019718541979307845,-0.008536443781216754
2.8915783156631325,PASSED,-0.29779681733285074,-0.00035733129384127364,0.0015479992627589019,2.827615669154691,0.001963337260837184,-0.008503932635189015
2.8925785157031405,PASSED,-0.2977971738925206,-0.00035578683596938223,0.0015420969446464654,2.8276176282530368,0.001954852784152386,-0.008471506051205087
2.8935787157431485,PASSED,-0.2977975289106759,-0.0003542482687332608,0.0015362140971047784,2.8276195788830627,0.0019464006492107692,-0.008439220868557666
2.8945789157831565,PASSED,-0.2977978823931987,-0.0003527155743559064,0.0015303478975207596,2.827621521077073,0.001937980765174596,-0.008406992814583663
2.8955791158231645,PASSED,-0.29779823434595215,-0.0003511887341288013,0.0015245017801612515,2.8276234548672634,0.001929593033691721,-0.008374890595069183
2.8965793158631725,PASSED,-0.29779858477478094,-0.00034966772878663327,0.0015186743835058976,2.827625380285723,0.0019212373301713461,-0.00834291213724536
2.8975795159031805,PASSED,-0.29779893368551097,-0.00034815254040472835,0.0015128643808375933,2.8276272973644545,0.0019129135835792203,-0.008310969562046038
2.8985797159431885,PASSED,-0.29779928108395,-0.00034664315048226326,0.0015070736168834122,2.82762920613534,0.0019046216747115802,-0.00827920173803604
2.8995799159831965,PASSED,-0.29779962697588686,-0.00034513954008138364,0.00150130159021039,2.8276311066301703,0.001896361488884083,-0.008247508553804786
2.9005801160232045,PASSED,-0.2977999713670923,-0.0003436416911223372,0.0014955472049370784,2.8276329988806395,0.001888132963114015,-0.008215870580909992
2.9015803160632125,PASSED,-0.29780031426331843,-0.000342149585406252,0.0014898113901839585,2.8276348829183298,0.0018799359673574336,-0.008184412540362
2.9025805161032205,PASSED,-0.2978006556702991,-0.00034066320410241515,0.001484094579605506,2.8276367587747324,0.001871770399122466,-0.00815300536470486
2.9035807161432285,PASSED,-0.29780099559374995,-0.000339182529140531,0.001478395216736523,2.82763862648123,0.001863636177702282,-0.00812169879050356
2.9045809161832365,PASSED,-0.2978013340393681,-0.00033770754259194346,0.0014727141031548648,2.827640486069107,0.0018555331850421014,-0.008090521906631995
2.9055811162232446,PASSED,-0.29780167101283267,-0.00033623822581627723,0.0014670518906738106,2.827642337569555,0.0018474613324918085,-0.008059406312733521
2.9065813162632526,PASSED,-0.2978020065198044,-0.0003347745605400197,0.001461407533313307,2.827644181013657,0.0018394205201147503,-0.008028416419941217
2.9075815163032606,PASSED,-0.29780234056592597,-0.0003333165291710571,0.001455780592728761,2.8276460164324018,0.0018314106375506714,-0.007997526660170892
2.9085817163432686,PASSED,-0.29780267315682196,-0.0003318641133306092,0.0014501726722606764,2.827647843856672,0.0018234315898611707,-0.007966728375720655
2.9095819163832766,PASSED,-0.29780300429809897,-0.00033041729464319375,0.0014445826975185746,2.827649663317262,0.001815483293186758,-0.007936008873540627
2.9105821164232846,PASSED,-0.29780333399534537,-0.0003289760557130175,0.0014390097519480305,2.8276514748448585,0.0018075656315756545,-0.007905430102811938
2.9115823164632926,PASSED,-0.29780366225413163,-0.00032754037825861304,0.0014334559227087212,2.827653278470052,0.0017996785030540497,-0.007874927467467072
2.9125825165033006,PASSED,-0.2978039890800104,-0.0003261102443358676,0.001427919256103285,2.8276550742233377,0.0017918218310612273,-0.007844501676392689
2.9135827165433086,PASSED,-0.2978043144785163,-0.0003246856362520059,0.0014224006357006634,2.8276568621351035,0.0017839954942779012,-0.00781422685461506
2.9145829165833166,PASSED,-0.2978046384551661,-0.00032326653576607593,0.0014169003860828341,2.8276586422356527,0.001776199406270126,-0.007783995443215396
2.9155831166233246,PASSED,-0.2978049610154587,-0.00032185292539511077,0.0014114170275534366,2.8276604145551767,0.0017684334713823225,-0.007753894517528934
2.9165833166633326,PASSED,-0.2978052821648755,-0.0003204447876162724,0.001405951613028262,2.827662179123784,0.0017606975890293716,-0.007723874243231779
2.9175835167033406,PASSED,-0.29780560190887984,-0.00031904210446721446,0.0014005041730777838,2.8276639359714726,0.001752991657772805,-0.007693969265456922
2.9185837167433486,PASSED,-0.2978059202529175,-0.00031764485789205076,0.0013950748432210087,2.8276656851281508,0.0017453155848392637,-0.007664142045597449
2.9195839167833566,PASSED,-0.29780623720241667,-0.00031625303076260244,0.0013896619869332874,2.827667426623632,0.0017376692825876068,-0.007634409055696702
2.9205841168233646,PASSED,-0.29780655276278767,-0.0003148666054368966,0.0013842675515542031,2.8276691604876216,0.0017300526294933268,-0.007604815786669144
2.9215843168633726,PASSED,-0.2978068669394237,-0.0003134855643031644,0.0013788901885176065,2.8276708867497424,0.0017224655515559132,-0.007575252704576454
2.9225845169033806,PASSED,-0.2978071797377001,-0.0003121098898353873,0.0013735306539500156,2.8276726054395143,0.001714907958311803,-0.00754582027046558
2.9235847169433886,PASSED,-0.2978074911629748,-0.00031073956444715425,0.0013681885444217737,2.8276743165863594,0.001707379723145951,-0.007516511762776055
2.9245849169833966,PASSED,-0.29780780122058836,-0.0003093745710078428,0.001362863369237922,2.827676020219606,0.0016998807707218305,-0.00748724619835028
2.9255851170234046,PASSED,-0.2978081099158637,-0.000308014891656516,0.0013575566727193921,2.8276777163684925,0.0016924110233757699,-0.007458081444534665
2.9265853170634126,PASSED,-0.2978084172541067,-0.0003066605096991437,0.0013522654804741733,2.827679405062154,0.001684970351512143,-0.0074290654763551674
2.9275855171034206,PASSED,-0.29780872324060575,-0.000305311407454402,0.00134699342092007,2.8276810863296364,0.001677558672771723,-0.0074000875831298505
2.9285857171434286,PASSED,-0.297809027880632,-0.0003039675675754449,0.001341737517648419,2.8276827601998833,0.001670175903777519,-0.007371223268253669
2.9295859171834366,PASSED,-0.29780933117943925,-0.00030262897302809434,0.0013364992338186108,2.827684426701752,0.0016628219370501526,-0.007342462366775026
2.9305861172234446,PASSED,-0.29780963314226433,-0.0003012956066617772,0.0013312777879827676,2.8276860858639994,0.001655496680078336,-0.00731378670851108
2.9315863172634526,PASSED,-0.2978099337743267,-0.0002999674511344566,0.0013260740202124255,2.827687737715298,0.0016482000538281469,-0.007285185944641137
2.9325865173034606,PASSED,-0.2978102330808288,-0.00029864448962239556,0.0013208865066267486,2.8276893822842086,0.0016409319363774196,-0.0072567384547844675
2.9335867173434687,PASSED,-0.29781053106695604,-0.000297326704996049,0.0013157167061597903,2.8276910195992175,0.0016336922529417612,-0.007228313422907344
2.9345869173834767,PASSED,-0.29781082773787676,-0.000296014080161485,0.0013105635868333868,2.8276926496887027,0.0016264809167980759,-0.007200017957537726
2.9355871174234847,PASSED,-0.2978111230987423,-0.000294706598125002,0.0013054276695828,2.82769427258096,0.0016192978177484785,-0.007171819777637173
2.9365873174634927,PASSED,-0.297811417154687,-0.0002934042418471054,0.0013003086834391681,2.827695888304188,0.0016121428724212771,-0.007143695693577841
2.9375875175035007,PASSED,-0.2978117099108284,-0.00029210699477946544,0.0012952059904405382,2.8276974968864907,0.0016050159891261085,-0.007115675029562399
2.9385877175435087,PASSED,-0.297812001372267,-0.0002908148400444046,0.0012901205648077046,2.8276990983558767,0.001597917061176619,-0.007087763229441033
2.9395879175835167,PASSED,-0.2978122915440867,-0.0002895277604587852,0.0012850522661604722,2.8277006927402764,0.0015908460232173158,-0.007059887779211053
2.9405881176235247,PASSED,-0.29781258043135456,-0.000288245739580813,0.0012799999525134312,2.827702280067508,0.0015838027593840802,-0.0070321812025850765
2.9415883176635327,PASSED,-0.2978128680391207,-0.00028696876062034033,0.0012749649657788178,2.8277038603653115,0.001576787177194256,-0.007004516181316801
2.9425885177035407,PASSED,-0.2978131543724188,-0.00028569680670787996,0.0012699465435813686,2.827705433661331,0.0015697992085397408,-0.00697693696998109
2.9435887177435487,PASSED,-0.29781343943626565,-0.00028442986159205784,0.001264944163982564,2.827706999983124,0.00156283874822142,-0.006949475883880794
2.9445889177835567,PASSED,-0.2978137232356616,-0.00028316790833467995,0.0012599593196413413,2.827708559358151,0.0015559056941823743,-0.006922106142488845
2.9455891178235647,PASSED,-0.29781400577559025,-0.0002819109303522064,0.0012549904243616195,2.827710111813776,0.001548999962510636,-0.006894815357904596
2.9465893178635727,PASSED,-0.2978142870610188,-0.0002806589114386345,0.0012500379063788134,2.827711657377294,0.0015421214887973071,-0.006867579283611545
2.9475895179035807,PASSED,-0.2978145670968979,-0.0002794118348808434,0.0012451023253993055,2.827713196075881,0.001535270140264935,-0.006840528031546098
2.9485897179435887,PASSED,-0.29781484588816176,-0.0002781696843536454,0.0012401826617304901,2.827714727936644,0.0015284458404165296,-0.0068134810596449805
2.9495899179835967,PASSED,-0.2978151234397281,-0.0002769324433356309,0.0012352799222038,2.8277162529865905,0.0015216485279115597,-0.0067865334685196475
2.9505901180236047,PASSED,-0.29781539975649834,-0.0002757000954402849,0.001230393210774196,2.8277177712526376,0.0015148780731341924,-0.0067597356499323824
2.9515903180636127,PASSED,-0.2978156748433575,-0.0002744726244761786,0.0012255227996610062,2.8277192827616195,0.0015081344015622495,-0.006732962186616845
2.9525905181036207,PASSED,-0.29781594870517436,-0.00027325001416581403,0.0012206686508336943,2.827720787540273,0.0015014174384815658,-0.0067062970100616685
2.9535907181436287,PASSED,-0.2978162213468014,-0.0002720322481997421,0.0012158308428974161,2.827722285615253,0.0014947270772097932,-0.006679737446246725
2.9545909181836367,PASSED,-0.2978164927730749,-0.00027081931036864907,0.00121100915655678,2.82772377701312,0.0014880632289309514,-0.006653255500571822
2.9555911182236447,PASSED,-0.297816762988815,-0.00026961118463789515,0.0012062034468853454,2.8277252617603503,0.0014814258173218504,-0.006626849014787164
2.9565913182636527,PASSED,-0.29781703199882564,-0.00026840785476797257,0.0012014141519474757,2.8277267398833215,0.001474814736943592,-0.0066005679539058336
2.9575915183036607,PASSED,-0.2978172998078947,-0.0002672093046626989,0.0011966407408244715,2.827728211408337,0.0014682299144494519,-0.006574325520962901
2.9585917183436687,PASSED,-0.29781756642079393,-0.0002660155184553161,0.001191883185088343,2.8277296763616038,0.0014616712632065146,-0.006548201724253671
2.9595919183836767,PASSED,-0.29781783184227917,-0.0002648264800600458,0.0011871418687248337,2.827731134769238,0.0014551386714728753,-0.00652218507322964
2.9605921184236847,PASSED,-0.29781809607709026,-0.00026364217347556147,0.0011824163949906848,2.827732586657277,0.0014486320800515921,-0.0064961956533186455
2.9615923184636928,PASSED,-0.297818359129951,-0.0002624625827408485,0.0011777069611944003,2.82773403205167,0.0014421514036727554,-0.006470330195849164
2.9625925185037008,PASSED,-0.29781862100556955,-0.0002612876920960115,0.001173013100598797,2.8277354709782663,0.0014356965135387879,-0.006444596759380174
2.9635927185437088,PASSED,-0.2978188817086379,-0.00026011748568612926,0.0011683352827377735,2.8277369034628435,0.0014292673628282012,-0.006418853344724335
2.9645929185837168,PASSED,-0.2978191412438324,-0.00025895194770201495,0.0011636731183652647,2.8277383295310834,0.0014228638695189507,-0.006393253285601644
2.9655931186237248,PASSED,-0.2978193996158136,-0.00025779106224662794,0.0011590270134015453,2.8277397492085856,0.001416485909735792,-0.006367764114862994
2.9665933186637328,PASSED,-0.29781965682922634,-0.00025663481395102257,0.0011543958170745635,2.8277411625208604,0.0014101334212101289,-0.006342304799529927
2.9675935187037408,PASSED,-0.2978199128886997,-0.0002554831867683508,0.0011497814264032449,2.8277425694933322,0.0014038063259441229,-0.006316955576990094
2.9685937187437488,PASSED,-0.29782016779884707,-0.00025433616516481024,0.001145181721632127,2.827743970151345,0.001397504523474422,-0.0062917003981749165
2.969593918783757,PASSED,-0.29782042156426647,-0.00025319373386751144,0.0011405976810766403,2.8277453645201445,0.0013912279181342423,-0.006266541968182814
2.970594118823765,PASSED,-0.29782067418953995,-0.0002520558767286816,0.0011360301106652434,2.827746752624907,0.0013849764549287585,-0.0062414106970174995
2.971594318863773,PASSED,-0.2978209256792344,-0.00025092257870181715,0.0011314766376639249,2.8277481344907116,0.0013787500330116652,-0.006216429397144003
2.972594518903781,PASSED,-0.297821176037901,-0.0002497938242942862,0.0011269395874422864,2.827749510142553,0.0013725485449070374,-0.006191527242950506
2.973594718943789,PASSED,-0.2978214252700754,-0.00024866959761940164,0.001122418066512734,2.8277508796053525,0.0013663719519108957,-0.006166636831602414
2.974594918983797,PASSED,-0.2978216733802781,-0.0002475498837876591,0.0011179110085623616,2.82775224290393,0.0013602201386837594,-0.006141930824158653
2.975595119023805,PASSED,-0.297821920373014,-0.00024643466735549586,0.0011134200478971684,2.827753600063035,0.001354093013070773,-0.006117255472204941
2.976595319063813,PASSED,-0.2978221662527728,-0.0002453239326703432,0.0011089444433229313,2.8277549511073246,0.0013479905204331988,-0.006092650747820367
2.977595519103821,PASSED,-0.2978224110240287,-0.00024421766463029234,0.0011044837712028224,2.8277562960613754,0.0013419125607998517,-0.006068165557031638
2.978595719143829,PASSED,-0.2978226546912409,-0.0002431158484065004,0.0011000378588513667,2.8277576349496796,0.001335859043909098,-0.006043751113235321
2.979595919183837,PASSED,-0.2978228972588532,-0.00024201846812798878,0.001095608558285097,2.827758967796648,0.001329829901497674,-0.006019403276882767
2.980596119223845,PASSED,-0.29782313873129423,-0.000240925508763602,0.0010911932351212281,2.8277602946266023,0.0013238250394091143,-0.005995167963011015
2.981596319263853,PASSED,-0.29782337911297757,-0.0002398369557979629,0.0010867927859843207,2.8277616154637855,0.0013178443725365373,-0.005970999478953891
2.982596519303861,PASSED,-0.2978236184083017,-0.00023875279363428433,0.0010824084154747806,2.827762930332358,0.0013118878320110975,-0.0059469012230967564
2.983596719343869,PASSED,-0.29782385662164984,-0.0002376730068559986,0.0010780390201596958,2.8277642392563966,0.0013059553262916416,-0.005922908717028721
2.984596919383877,PASSED,-0.29782409375739033,-0.00023659758126603168,0.0010736833031717427,2.8277655422598906,0.0013000467603925267,-0.005899004020505454
2.985597119423885,PASSED,-0.2978243298198766,-0.0002355265016497031,0.0010693438250998582,2.827766839366758,0.0012941620803669901,-0.005875130695557342
2.986597319463893,PASSED,-0.29782456481344705,-0.00023445975269398942,0.0010650190427895496,2.827768130600825,0.0012883011894894631,-0.005851397665506926
2.987597519503901,PASSED,-0.29782479874242507,-0.00023339731982919076,0.00106070874613809,2.8277694159858426,0.0012824639934881502,-0.005827728225183832
2.988597719543909,PASSED,-0.2978250316111193,-0.00023233918817762482,0.0010564135885178208,2.827770695545472,0.0012766504265840242,-0.0058041260234209715
2.989597919583917,PASSED,-0.2978252634238236,-0.00023128534294380057,0.0010521329973618848,2.827771969303302,0.0012708604117394626,-0.005780607391988971
2.990598119623925,PASSED,-0.2978254941848169,-0.00023023576926790612,0.0010478674615828079,2.8277732372828357,0.0012650938555721193,-0.005757188684246504
2.991598319663933,PASSED,-0.2978257238983635,-0.00022919045238808873,0.0010436164919737563,2.8277744995074934,0.0012593506747974853,-0.005733842168226033
2.992598519703941,PASSED,-0.29782595256871286,-0.00022814937786119549,0.0010393798835062141,2.8277757560006194,0.0012536308041220636,-0.0057105563468855475
2.993598719743949,PASSED,-0.2978261802000998,-0.00022711253075613123,0.001035158586102961,2.827777006785475,0.0012479341550124758,-0.005687377618055719
2.994598919783957,PASSED,-0.29782640679674466,-0.00022607989647178907,0.0010309514165016283,2.8277782518852392,0.0012422606371721794,-0.005664277988456468
2.995599119823965,PASSED,-0.29782663236285284,-0.0002250514604677988,0.00102675906231601,2.8277794913230174,0.0012366101926680922,-0.005641222181174823
2.996599319863973,PASSED,-0.2978268569026156,-0.00022402720861297354,0.0010225803831647796,2.827780725121826,0.0012309827246967183,-0.005618298498172913
2.997599519903981,PASSED,-0.2978270804202094,-0.0002230071256816519,0.0010184179634262034,2.8277819533046045,0.001225378145630248,-0.00559543277866876
2.998599719943989,PASSED,-0.2978273029197963,-0.0002219911974820601,0.001014268357035517,2.8277831758942202,0.0012197964073045377,-0.005572608690404492
2.999599919983997,PASSED,-0.29782752440552385,-0.0002209794099706841,0.00101013361426966,2.8277843929134536,0.0012142374090970316,-0.005549924552240786
3.000600120024005,PASSED,-0.2978277448815252,-0.00021997174819963954,0.0010060138755611408,2.8277856043850074,0.0012087010600302015,-0.00552729874322335
3.001600320064013,PASSED,-0.2978279643519193,-0.00021896819826429308,0.0010019073085366563,2.827786810331504,0.001203187305394418,-0.005504725230823633
3.002600520104021,PASSED,-0.2978281828208105,-0.00021796874561721665,0.0009978162061029497,2.827788010775493,0.0011976960655496703,-0.0054822495873634485
3.003600720144029,PASSED,-0.29782840029228924,-0.0002169733759147973,0.0009937386999635926,2.8277892057394367,0.0011922272369892632,-0.0054598812091029925
3.004600920184037,PASSED,-0.2978286167704312,-0.0002159820750260549,0.0009896756812616595,2.8277903952457315,0.0011867807703886436,-0.005437523528297053
3.005601120224045,PASSED,-0.29782883225929824,-0.0002149948289471728,0.0009856263439624057,2.827791579316685,0.0011813565804014894,-0.0054153009597255955
3.006601320264053,PASSED,-0.2978290467629379,-0.00021401162331108198,0.000981591830843097,2.827792757974525,0.0011759545617076072,-0.005393163849986783
3.007601520304061,PASSED,-0.2978292602853836,-0.0002130324438830955,0.0009775711594154214,2.8277939312414153,0.0011705746811611836,-0.005371025010714611
3.008601720344069,PASSED,-0.2978294728306546,-0.00021205727665796803,0.0009735646022688206,2.82779509913943,0.001165216842560455,-0.005349047660738103
3.009601920384077,PASSED,-0.2978296844027561,-0.00021108610782518292,0.0009695716531292977,2.827796261690568,0.0011598809413716931,-0.00532713687411118
3.010602120424085,PASSED,-0.29782989500567947,-0.00021011892327199846,0.0009655931532212146,2.827797418916756,0.0011545669438165521,-0.0053052380091609085
3.011602320464093,PASSED,-0.29783010464340176,-0.0002091557086437257,0.0009616289449738181,2.827798570839845,0.0011492747710693224,-0.005283462572608972
3.012602520504101,PASSED,-0.29783031331988635,-0.00020819645054662443,0.0009576775318528532,2.8277997174815988,0.0011440042982828384,-0.005261812929067391
3.013602720544109,PASSED,-0.2978305210390826,-0.0002072411349970516,0.0009537408947194397,2.827800858863711,0.0011387554850007724,-0.0052401468507318845
3.014602920584117,PASSED,-0.297830727804926,-0.00020628974766693654,0.0009498182870454786,2.8278019950078077,0.0011335282847561275,-0.005218569173920323
3.015603120624125,PASSED,-0.2978309336213381,-0.0002053422751962096,0.0009459085931812272,2.827803125935424,0.0011283225597362508,-0.005197162250514329
3.016603320664133,PASSED,-0.2978311384922268,-0.00020439870368221404,0.0009420134612051519,2.8278042516680273,0.0011231382536526877,-0.005175735305595623
3.017603520704141,PASSED,-0.29783134242148623,-0.00020345901938955888,0.000938131513621792,2.827805372227011,0.0011179753351256959,-0.005154374007922414
3.018603720744149,PASSED,-0.2978315454129967,-0.00020252320865945362,0.0009342635410942881,2.8278064876336853,0.0011128336706415728,-0.005133191468256759
3.019603920784157,PASSED,-0.29783174747062485,-0.00020159125752328104,0.0009304095328914757,2.8278075979092923,0.00110771319816266,-0.005111993152683508
3.020604120824165,PASSED,-0.2978319485982237,-0.000200663152778489,0.0009265682193924136,2.8278087030750014,0.0011026138873628773,-0.005090855897848805
3.021604320864173,PASSED,-0.29783214879963266,-0.00019973888065755033,0.0009227413886361442,2.827809803151899,0.0010975356099961818,-0.005069891679260096
3.022604520904181,PASSED,-0.29783234807867753,-0.00019881842738757313,0.0009189278575379086,2.8278108981610037,0.0010924783006232583,-0.005048921168699179
3.023604720944189,PASSED,-0.2978325464391706,-0.00019790177966181368,0.0009151276379071596,2.8278119881232517,0.001087441913256724,-0.005028031498424573
3.024604920984197,PASSED,-0.29783274388491066,-0.00019698892406735054,0.0009113408988338228,2.8278130730595175,0.0010824263559894133,-0.00500724111323452
3.025605121024205,PASSED,-0.29783294041968295,-0.0001960798470051523,0.0009075678377744714,2.82781415299059,0.0010774315427571509,-0.004986527978280999
3.026605321064213,PASSED,-0.2978331360472594,-0.0001951745350820125,0.0009038079800500921,2.82781522793719,0.001072457419339418,-0.004965853710700992
3.027605521104221,PASSED,-0.29783333077139845,-0.00019427297498593503,0.000900061506762372,2.827816297919962,0.0010675039074838255,-0.0049452839521870115
3.028605721144229,PASSED,-0.29783352459584533,-0.0001933751533597526,0.0008963283724624508,2.827817362959481,0.0010625709269083863,-0.00492477832427392
3.029605921184237,PASSED,-0.2978337175243317,-0.00019248105695536747,0.000892608425666896,2.827818423076247,0.0010576584142030629,-0.004904335626023292
3.030606121224245,PASSED,-0.29783390956057615,-0.0001915906721603741,0.0008889023745443622,2.827819478290686,0.0010527662910276927,-0.004883981541601165
3.031606321264253,PASSED,-0.29783410070828403,-0.00019070398630883514,0.0008852081695353927,2.8278205286231564,0.0010478944888137572,-0.004863682662158502
3.032606521304261,PASSED,-0.2978342909711473,-0.0001898209858515426,0.0008815286491306241,2.827821574093931,0.0010430429212841105,-0.004843490774638716
3.033606721344269,PASSED,-0.2978344803528449,-0.00018894165746809085,0.0008778615396658207,2.827822614723223,0.0010382115285271917,-0.0048233274117724
3.034606921384277,PASSED,-0.2978346688570425,-0.00018806598857814026,0.0008742071234738207,2.827823650531176,0.0010334002578132532,-0.004803232915382711
3.035607121424285,PASSED,-0.29783485648739294,-0.00018719396590083143,0.0008705663798655211,2.827824681537844,0.0010286089900970105,-0.004783290916815985
3.036607321464293,PASSED,-0.2978350432475357,-0.00018632557604371556,0.0008669388419494275,2.827825707763229,0.0010238376857793525,-0.004763313251552953
3.037607521504301,PASSED,-0.29783522914109734,-0.0001854608062672115,0.0008633237328738353,2.827826729227247,0.0010190862816836985,-0.004743464658387807
3.038607721544309,PASSED,-0.2978354141716915,-0.000184599643681987,0.000859721820124912,2.8278277459497563,0.0010143546829462884,-0.004723688123425153
3.039607921584317,PASSED,-0.29783559834291873,-0.0001837420751020877,0.0008561330864156087,2.8278287579505283,0.0010096428208259509,-0.004703978118278605
3.040608121624325,PASSED,-0.2978357816583668,-0.0001828880878445478,0.0008525567049560658,2.8278297652492763,0.0010049506436185125,-0.004684309933544671
3.041608321664333,PASSED,-0.29783596412161056,-0.00018203766911650934,0.0008489934100933439,2.827830767865637,0.0010002780689560408,-0.004664751148423287
3.042608521704341,PASSED,-0.29783614573621187,-0.00018119080571929428,0.0008454433886295592,2.82783176581918,0.0009956250186828914,-0.004645249689633455
3.043608721744349,PASSED,-0.29783632650571995,-0.00018034748519311537,0.0008419052845451537,2.8278327591293935,0.0009909914254411735,-0.004625822276440711
3.044608921784357,PASSED,-0.2978365064336712,-0.00017950769481018687,0.0008383804485174318,2.8278337478157187,0.0009863772475812113,-0.00460641491564324
3.045609121824365,PASSED,-0.2978366855235892,-0.00017867142136470895,0.0008348687767849391,2.827834731897499,0.0009817823707378211,-0.004587184795221196
3.046609321864373,PASSED,-0.297836863778985,-0.0001778386527249016,0.0008313685484889766,2.827835711394028,0.0009772067402472777,-0.00456792762075813
3.047609521904381,PASSED,-0.2978370412033569,-0.00017700937623145872,0.0008278817900787942,2.827836686324524,0.000972650319505971,-0.00454874948833912
3.048609721944389,PASSED,-0.29783721780019046,-0.00017618357876810563,0.0008244079122026348,2.8278376567081334,0.0009681129956972481,-0.004529706688978578
3.049609921984397,PASSED,-0.29783739357295874,-0.00017536124798307975,0.0008209460335746918,2.8278386225639363,0.0009635947090206087,-0.004510673335079732
3.050610122024405,PASSED,-0.29783756852512216,-0.00017454237178623455,0.000817496305692264,2.827839583910941,0.0009590954132073302,-0.004491710798744339
3.051610322064413,PASSED,-0.2978377426601289,-0.0001737269373525999,0.00081405985226291,2.827840540768088,0.0009546150151157944,-0.004472856286730091
3.052610522104421,PASSED,-0.2978379159814143,-0.00017291493161195073,0.0008106363329066585,2.827841493154256,0.0009501534598173967,-0.0044540213061759195
3.053610722144429,PASSED,-0.29783808849240145,-0.00017210634304267084,0.0008072233935286988,2.8278424410882406,0.0009457106714211298,-0.004435299789660935
3.054610922184437,PASSED,-0.2978382601965008,-0.00017130115883369433,0.0008038247526083698,2.8278433845887845,0.000941286584792187,-0.004416611188464142
3.055611122224445,PASSED,-0.2978384310971107,-0.00017049936668807472,0.0008004370742937576,2.8278443236745554,0.0009368811417451792,-0.004397997619370291
3.056611322264453,PASSED,-0.2978386011976171,-0.0001697009544141503,0.000797062407011451,2.8278452583641522,0.00093249425541805,-0.0043794787989684236
3.057611522304461,PASSED,-0.29783877050139346,-0.000168905909060111,0.0007937006520579097,2.8278461886761086,0.0009281258677184059,-0.004360993633427901
3.058611722344469,PASSED,-0.29783893901180103,-0.00016811421918581012,0.0007903493557962024,2.8278471146288866,0.0009237759153923964,-0.00434259145439745
3.059611922384477,PASSED,-0.29783910673218894,-0.00016732587241070467,0.0007870117213116212,2.827848036240889,0.0009194443290591257,-0.0043242495858526984
3.060612122424485,PASSED,-0.297839273665894,-0.00016654085595107127,0.000783686285181257,2.8278489535304456,0.0009151310397293111,-0.004305982492455739
3.061612322464493,PASSED,-0.2978394398162409,-0.0001657591583684831,0.0007803717808594434,2.8278498665158183,0.0009108359754970774,-0.004287785392085774
3.062612522504501,PASSED,-0.29783960518654207,-0.0001649807672673271,0.0007770706480203619,2.827850775215207,0.0009065590803325377,-0.004269635012842147
3.063612722544509,PASSED,-0.29783976978009796,-0.0001642056702689019,0.0007737812320284165,2.8278516796467414,0.0009023002852921326,-0.004251568392113867
3.064612922584517,PASSED,-0.29783993360019706,-0.0001634338558971533,0.000770503131562088,2.82785257982849,0.000898059521431636,-0.004233560839418332
3.065613122624525,PASSED,-0.29784009665011557,-0.0001626653118242593,0.0007672380337819838,2.827853475778445,0.0008938367137806792,-0.0042156388586491785
3.066613322664533,PASSED,-0.29784025893311783,-0.00016190002575390463,0.0007639847614031145,2.8278543675145467,0.0008896318192996552,-0.004197731562607054
3.067613522704541,PASSED,-0.2978404204524561,-0.00016113798620849394,0.00076074273474909,2.827855255054658,0.0008854447574957435,-0.004179948631448039
3.068613722744549,PASSED,-0.2978405812113711,-0.00016037918151812433,0.0007575126607832815,2.82785613841658,0.0008812754511317483,-0.004162211519026532
3.069613922784557,PASSED,-0.2978407412130911,-0.00015962359903190686,0.0007542957031736219,2.8278570176180526,0.0008771238641135468,-0.004144504017651416
3.070614122824565,PASSED,-0.2978409004608329,-0.00015887122726683964,0.0007510891396629289,2.8278578926767457,0.0008729899155191986,-0.0041269116454795375
3.071614322864573,PASSED,-0.2978410589578013,-0.00015812205468512718,0.0007478948764121172,2.827858763610266,0.0008688735290318014,-0.0041093697153421664
3.0726145229045807,PASSED,-0.2978412167071893,-0.00015737606907004374,0.0007447127741976847,2.8278596304361523,0.000864774656024708,-0.004091875201594209
3.0736147229445887,PASSED,-0.29784137371217834,-0.00015663325887473867,0.000741541809376632,2.8278604931718805,0.0008606932304483553,-0.004074459159524992
3.0746149229845967,PASSED,-0.29784152997593794,-0.00015589361270886733,0.0007383824035344737,2.827861351834873,0.00085662919368358,-0.004057088501608813
3.0756151230246047,PASSED,-0.29784168550162593,-0.00015515711828879334,0.00073523576443365,2.827862206442467,0.0008525824570067651,-0.004039835460285781
3.0766153230646127,PASSED,-0.29784184029238864,-0.00015442376425464546,0.0007320995472906506,2.8278630570119514,0.0008485529738677742,-0.004022581591460887
3.0776155231046207,PASSED,-0.2978419943513606,-0.00015369353917090824,0.0007289754413682975,2.827863903560549,0.0008445407001949135,-0.004005401727127231
3.0786157231446287,PASSED,-0.29784214768166495,-0.0001529664313587644,0.0007258627259942351,2.827864746105415,0.0008405455348879814,-0.003988341026801958
3.0796159231846367,PASSED,-0.297842300286413,-0.00015224242908458207,0.0007227619729743775,2.827865584663642,0.0008365674236185036,-0.0039712914312616315
3.0806161232246447,PASSED,-0.29784245216870486,-0.00015152152110142457,0.0007196719899462381,2.8278664192522616,0.0008326063304659134,-0.003954294300142631
3.0816163232646527,PASSED,-0.2978426033316289,-0.0001508036959737352,0.0007165938861847708,2.827867249888244,0.0008286621709835744,-0.003937402937136544
3.0826165233046607,PASSED,-0.2978427537782621,-0.00015008894189806832,0.0007135275353216385,2.8278680765884845,0.0008247348615911005,-0.003920580362698877
3.0836167233446687,PASSED,-0.2978429035116702,-0.00014937724794804552,0.0007104715598235685,2.8278688993698338,0.0008208243845696935,-0.00390374146054559
3.0846169233846767,PASSED,-0.29784305253490734,-0.00014866860237936145,0.0007074282412577316,2.827869718249067,0.0008169306599747852,-0.0038870466844835774
3.0856171234246847,PASSED,-0.29784320085101634,-0.00014796299397345797,0.0007043951823339915,2.8278705332429044,0.0008130536016337451,-0.0038703994454111577
3.0866173234646928,PASSED,-0.29784334846302885,-0.00014726041159953296,0.0007013738349856948,2.8278713443679955,0.0008091931730911387,-0.003853781274069894
3.0876175235047008,PASSED,-0.29784349537396504,-0.00014656084378437763,0.0006983638019351057,2.827872151640933,0.0008053493125942885,-0.0038372466453704106
3.0886177235447088,PASSED,-0.297843641586834,-0.0001458642793979972,0.0006953647760106421,2.8278729550782544,0.0008015219525856024,-0.0038207689175631535
3.0896179235847168,PASSED,-0.2978437871046335,-0.00014517070708666647,0.0006923773348774319,2.8278737546964243,0.0007977110253337997,-0.0038043661412958557
3.0906181236247248,PASSED,-0.2978439319303501,-0.00014448011584567653,0.0006894005117316168,2.827874550511851,0.0007939164742825366,-0.0037880076579079594
3.0916183236647328,PASSED,-0.2978440760669593,-0.00014379249465349311,0.0006864349791513024,2.8278753425408807,0.0007901382433711569,-0.0037717130803607865
3.0926185237047408,PASSED,-0.2978442195174255,-0.00014310783215505386,0.0006834808446311972,2.827876130799798,0.0007863762651000116,-0.0037554883983349553
3.0936187237447488,PASSED,-0.29784436228470185,-0.0001424261171875626,0.0006805377160646266,2.827876915304833,0.0007826304876522754,-0.003739303480670257
3.094618923784757,PASSED,-0.29784450437173066,-0.00014174733917029947,0.000677604884728776,2.8278776960721443,0.0007789008374692241,-0.0037232146513054842
3.095619123824765,PASSED,-0.29784464578144304,-0.00014107148682518608,0.0006746839853697767,2.827878473117838,0.0007751872576150958,-0.003707156656010058
3.096619323864773,PASSED,-0.2978447865167592,-0.00014039854892746427,0.0006717738392898624,2.827879246457956,0.0007714896993057861,-0.0036911594115093976
3.097619523904781,PASSED,-0.2978449265805885,-0.0001397285150409099,0.0006688739180640326,2.8278800161084803,0.000767808087435886,-0.003675246842160474
3.098619723944789,PASSED,-0.29784506597582916,-0.00013906137420179716,0.0006659854531452385,2.8278807820853396,0.0007641423738121668,-0.0036593581447583582
3.099619923984797,PASSED,-0.2978452047053686,-0.0001383971149390904,0.0006631084690811185,2.8278815444043905,0.0007604924906069945,-0.0036435665787816662
3.100620124024805,PASSED,-0.29784534277208363,-0.00013773572714743734,0.0006602406733677231,2.8278823030814406,0.0007568583792367753,-0.0036278078978441808
3.101620324064813,PASSED,-0.2978454801788398,-0.00013707719976583326,0.0006573851870950115,2.8278830581322305,0.0007532399849890821,-0.0036121184809259923
3.102620524104821,PASSED,-0.29784561692849215,-0.00013642152165259787,0.0006545400639956517,2.827883809572452,0.0007496372509521582,-0.0035964777409225467
3.103620724144829,PASSED,-0.29784575302388494,-0.0001357686827555772,0.0006517047857039858,2.827884557417726,0.0007460501074053724,-0.0035809207506946345
3.104620924184837,PASSED,-0.2978458884678516,-0.0001351186719016825,0.000648881566021803,2.827885301683617,0.0007424784950308671,-0.003565406790379035
3.105621124224845,PASSED,-0.29784602326321497,-0.00013447147815145454,0.0006460685396987384,2.827886042385639,0.0007389223755022621,-0.0035499280207554737
3.106621324264853,PASSED,-0.29784615741278725,-0.00013382709161965456,0.0006432651932008534,2.8278867795392397,0.000735381673504416,-0.0035345513159066415
3.107621524304861,PASSED,-0.2978462909193699,-0.0001331855013820515,0.0006404736005378495,2.8278875131598085,0.0007318563206668296,-0.0035192205187061496
3.108621724344869,PASSED,-0.2978464237857539,-0.0001325466963023006,0.0006376927325596327,2.827888243262681,0.0007283462853413648,-0.003503911863303812
3.109621924384877,PASSED,-0.29784655601471954,-0.000131910666727441,0.0006349208030595596,2.8278889698631313,0.0007248514987049497,-0.0034887031518226687
3.110622124424885,PASSED,-0.29784668760903665,-0.00013127740180310856,0.0006321610051810095,2.8278896929763806,0.0007213718911590848,-0.0034735438085597703
3.111622324464893,PASSED,-0.29784681857146467,-0.00013064689063228802,0.0006294112812469302,2.8278904126175797,0.0007179074101815678,-0.003458439090155225
3.112622524504901,PASSED,-0.2978469489047524,-0.00013001912313797396,0.0006266716363588203,2.827891128801839,0.0007144580183340864,-0.0034433603523656097
3.113622724544909,PASSED,-0.29784707861163834,-0.00012939408915374953,0.0006239422161348446,2.8278918415442025,0.0007110236387275269,-0.0034283924426888857
3.114622924584917,PASSED,-0.29784720769485035,-0.0001287717776831351,0.0006212243069341348,2.827892550859653,0.0007076042019022357,-0.003413466413692781
3.115623124624925,PASSED,-0.29784733615710623,-0.00012815217876919373,0.0006185153186128599,2.827893256763126,0.0007041996860667786,-0.003398548783299938
3.116623324664933,PASSED,-0.29784746400111334,-0.00012753528236265059,0.0006158171318300276,2.8278939592694954,0.0007008100184681916,-0.0033837468087784426
3.117623524704941,PASSED,-0.2978475912295685,-0.00012692107718410646,0.0006131305430201516,2.8278946583935753,0.0006974351185354265,-0.003369002015422959
3.118623724744949,PASSED,-0.29784771784515857,-0.00012630955385928153,0.000610451846028102,2.827895354150131,0.0006940749680346533,-0.0033542494910066474
3.119623924784957,PASSED,-0.29784784385056007,-0.00012570070227168375,0.0006077847486442565,2.8278960465538616,0.0006907294946521263,-0.0033396226435405863
3.120624124824965,PASSED,-0.29784796924843915,-0.00012509451128435645,0.0006051284797826738,2.8278967356194205,0.0006873986305827522,-0.0033250250199296748
3.121624324864973,PASSED,-0.29784809404145207,-0.00012449097165128078,0.0006024804019376495,2.827897421361399,0.0006840823419022305,-0.003310464454249667
3.122624524904981,PASSED,-0.2978482182322446,-0.00012389007301161472,0.0005998441314850094,2.8278981037943343,0.0006807805616536563,-0.003295990778124074
3.123624724944989,PASSED,-0.2978483418234527,-0.00012329180476343244,0.0005972176593138053,2.8278987829327056,0.0006774932245533888,-0.003281567981696446
3.124624924984997,PASSED,-0.29784846481770205,-0.00012269615738661683,0.0005946005218168192,2.8278994587909447,0.0006742203007621209,-0.0032671609976487963
3.125625125025005,PASSED,-0.29784858721760826,-0.00012210312064783217,0.0005919942167632604,2.827900131383414,0.0006709617097376026,-0.003252877709097974
3.126625325065013,PASSED,-0.2978487090257771,-0.00012151268464065326,0.0005893972007893302,2.8279008007244353,0.0006677174047215216,-0.003238589887403212
3.127625525105021,PASSED,-0.29784883024480413,-0.00012092483930345735,0.0005868107614669388,2.827901466828269,0.0006644873470774051,-0.0032243694819254565
3.128625725145029,PASSED,-0.2978489508772751,-0.00012033957449685323,0.0005842341700289052,2.8279021297091176,0.0006612714538140076,-0.0032102424510455137
3.129625925185037,PASSED,-0.2978490709257658,-0.00011975688066201759,0.0005816669447068065,2.8279027893811333,0.0006580696829611105,-0.003196123120798216
3.130626125225045,PASSED,-0.297849190392842,-0.00011917674772569423,0.0005791102640677206,2.8279034458584174,0.0006548820013067825,-0.0031820540100145523
3.131626325265053,PASSED,-0.2978493092810598,-0.00011859916564774316,0.0005765632872066258,2.8279040991550084,0.0006517083194754414,-0.0031681003788920315
3.132626525305061,PASSED,-0.29784942759296523,-0.00011802412500675811,0.000574025543503977,2.827904749284895,0.0006485485939298441,-0.0031541423234006435
3.133626725345069,PASSED,-0.29784954533109465,-0.0001174516157365096,0.0005714984214115391,2.827905396262016,0.0006454027959944591,-0.0031402350100411835
3.134626925385077,PASSED,-0.2978496624979747,-0.00011688162816270555,0.0005689803420657447,2.82790604010025,0.0006422708424547527,-0.003126432559483425
3.135627125425085,PASSED,-0.2978497790961221,-0.00011631415258063964,0.0005664724087326951,2.8279066808134248,0.0006391526816270893,-0.003112646339783209
3.136627325465093,PASSED,-0.297849895128044,-0.00011574917902729161,0.0005639743164249183,2.8279073184153183,0.0006360482869607432,-0.0030988935507214052
3.137627525505101,PASSED,-0.2978500105962378,-0.00011518669832810281,0.0005614849543647278,2.8279079529196443,0.0006329575709355984,-0.0030852643414271005
3.138627725545109,PASSED,-0.2978501255031912,-0.00011462670036682886,0.0005590066325467834,2.827908584340076,0.000629880494833743,-0.0030716172754742407
3.139627925585117,PASSED,-0.2978502398513823,-0.00011406917557362849,0.0005565369003027571,2.827909212690225,0.000626817020770211,-0.0030580452555704555
3.140628125625125,PASSED,-0.2978503536432797,-0.00011351411496610249,0.0005540764123415007,2.827909837983659,0.0006237670785316662,-0.003044540227194357
3.141628325665133,PASSED,-0.29785046688134237,-0.0001129615082186817,0.0005516269708069538,2.827910460233884,0.0006207306127965667,-0.0030310827403694516
3.142628525705141,PASSED,-0.29785057956801964,-0.00011241134588774925,0.0005491859043494779,2.82791107945436,0.0006177075868410527,-0.0030176547656102838
3.143628725745149,PASSED,-0.2978506917057514,-0.00011186361910055279,0.0005467540424277708,2.8279116956584898,0.0006146979375291156,-0.00300431234282153
3.144628925785157,PASSED,-0.29785080329696817,-0.0001113183180006206,0.0005443324716018079,2.8279123088596285,0.0006117016110040436,-0.0029910026465725867
3.145629125825165,PASSED,-0.29785091434409094,-0.0001107754330625007,0.0005419199157986154,2.8279129190710766,0.0006087185660316122,-0.0029777398563375114
3.146629325865173,PASSED,-0.2978510248495313,-0.00011023495504881777,0.000539516745605817,2.8279135263060837,0.00060574874265414,-0.0029645457248950904
3.147629525905181,PASSED,-0.29785113481569137,-0.00010969687433436331,0.0005371233603535684,2.8279141305778492,0.0006027920907323634,-0.002951389386364421
3.148629725945189,PASSED,-0.29785124424496395,-0.00010916118196092398,0.0005347383821631568,2.8279147318995186,0.0005998485615867126,-0.002938288985174991
3.149629925985197,PASSED,-0.2978513531397327,-0.00010862786862223148,0.0005323633097120729,2.8279153302841857,0.0005969180985120108,-0.002925245801052916
3.150630126025205,PASSED,-0.29785146150237174,-0.00010809692454663032,0.0005299979195272077,2.8279159257448994,0.0005940006609891272,-0.0029122320041042953
3.151630326065213,PASSED,-0.297851569335246,-0.0001075683407778133,0.000527641001676891,2.827916518294652,0.0005910961920217187,-0.002899293609611216
3.152630526105221,PASSED,-0.2978516766407111,-0.00010704210827323575,0.0005252935065113365,2.8279171079463823,0.0005882046271523133,-0.0028864123759348363
3.153630726145229,PASSED,-0.2978517834211137,-0.00010651821765095451,0.0005229553661278395,2.827917694712985,0.0005853259390366701,-0.0028735386087821372
3.154630926185237,PASSED,-0.297851889678791,-0.00010599665960007552,0.0005206265073797468,2.827918278607306,0.0005824600794626408,-0.0028607402175274965
3.155631126225245,PASSED,-0.29785199541607116,-0.00010547742504825791,0.0005183065814428371,2.827918859642128,0.0005796069606630766,-0.002848037854255265
3.156631326265253,PASSED,-0.2978521006352733,-0.00010496050528961466,0.0005159952101101965,2.8279194378301993,0.0005767665692436533,-0.002835293796201967
3.157631526305261,PASSED,-0.29785220533870727,-0.00010444589088877128,0.0005136938613321902,2.8279200131842117,0.00057393886324718,-0.002822647463321056
3.158631726345269,PASSED,-0.29785230952867403,-0.00010393357265147172,0.0005114011546111467,2.8279205857168024,0.0005711237460565114,-0.00281009700890018
3.159631926385277,PASSED,-0.29785241320746536,-0.00010342354189253328,0.0005091171618233075,2.8279211554405648,0.0005683211994596567,-0.0027975129888244163
3.160632126425285,PASSED,-0.29785251637736415,-0.00010291578939451777,0.0005068427221436302,2.8279217223680435,0.0005655311935278145,-0.0027850012271873037
3.161632326465293,PASSED,-0.2978526190406443,-0.00010241030637639564,0.000504576548774466,2.8279222865117326,0.0005627536399229018,-0.002772588523396485
3.162632526505301,PASSED,-0.29785272119957074,-0.00010190708376892258,0.0005023199799387996,2.8279228478840737,0.0005599884972729872,-0.002760178734259857
3.163632726545309,PASSED,-0.2978528228563994,-0.00010140611272740926,0.0005000717492296808,2.82792340649746,0.0005572357393730072,-0.002747810677126912
3.164632926585317,PASSED,-0.29785292401337754,-0.00010090738446875649,0.0004978325982681903,2.827923962364242,0.0005544953048958891,-0.0027355170104455414
3.165633126625325,PASSED,-0.2978530246727433,-0.00010041088992744868,0.0004956025033342125,2.8279245154967176,0.0005517671364984907,-0.0027232693220335517
3.166633326665333,PASSED,-0.2978531248367261,-9.991662019085178e-05,0.0004933812254386666,2.8279250659071358,0.0005490511956767285,-0.0027110551549147013
3.167633526705341,PASSED,-0.29785322450754664,-9.942456711401135e-05,0.0004911676444416097,2.8279256136076927,0.0005463474280455775,-0.0026989092819751153
3.168633726745349,PASSED,-0.29785332368741674,-9.893472140341197e-05,0.0004889644213712513,2.8279261586105444,0.0005436557904888971,-0.0026867897398172016
3.169633926785357,PASSED,-0.2978534223785395,-9.844707405022833e-05,0.0004867693077252216,2.8279267009277977,0.0005409762417316709,-0.0026747214354989495
3.170634126825365,PASSED,-0.2978535205831094,-9.796161716957644e-05,0.00048458192926966435,2.827927240571504,0.000538308713214131,-0.0026627332389005387
3.171634326865373,PASSED,-0.297853618303312,-9.747834172836853e-05,0.00048240444916672776,2.8279277775536773,0.0005356531747228,-0.0026507419929513317
3.172634526905381,PASSED,-0.29785371554132434,-9.699723850883656e-05,0.000480235733108813,2.8279283118862764,0.0005330095810922939,-0.0026388280555424823
3.173634726945389,PASSED,-0.29785381229931496,-9.651829964608908e-05,0.0004780742825065852,2.827928843581216,0.0005303778671643177,-0.0026269711762653917
3.174634926985397,PASSED,-0.29785390857944355,-9.604151646204664e-05,0.0004759224517330056,2.8279293726503627,0.0005277580002036129,-0.002615130816997861
3.175635127025405,PASSED,-0.29785400438386145,-9.556687996558469e-05,0.00047377919294790675,2.827929899105534,0.0005251499296908498,-0.002603363643273276
3.176635327065413,PASSED,-0.29785409971471116,-9.50943817786406e-05,0.0004716441829415397,2.8279304229585103,0.0005225536148318934,-0.0025916156694119168
3.177635527105421,PASSED,-0.297854194574127,-9.46240139025529e-05,0.0004695170048517997,2.827930944221008,0.000519968990680449,-0.0025799631394662365
3.178635727145429,PASSED,-0.2978542889642346,-9.415576720329634e-05,0.00046739982885972485,2.8279314629047096,0.000517396023350586,-0.0025683034567939426
3.179635927185437,PASSED,-0.2978543828871511,-9.368963334057653e-05,0.00046528988529316963,2.827931979021249,0.000514834677380175,-0.0025567076461559
3.180636127225445,PASSED,-0.2978544763449853,-9.32256043141921e-05,0.00046318845377862444,2.8279324925822156,0.0005122848905781593,-0.0025451729059221637
3.181636327265453,PASSED,-0.2978545693398376,-9.276367145329389e-05,0.00046109579897793694,2.827933003599141,0.000509746606355694,-0.002533691766827299
3.182636527305461,PASSED,-0.2978546618738,-9.230382604372114e-05,0.00045901181663596035,2.827933512083525,0.0005072198072296912,-0.002522204032119726
3.183636727345469,PASSED,-0.297854753948956,-9.184606026741399e-05,0.00045693508275463144,2.827934018046819,0.0005047044434669774,-0.0025108035831101425
3.184636927385477,PASSED,-0.297854845567381,-9.139036596816488e-05,0.000454867110245444,2.827934521500417,0.0005022004318921301,-0.0024994835693387947
3.185637127425485,PASSED,-0.29785493673114194,-9.093673392930422e-05,0.0004528086579374413,2.8279350224556827,0.0004997077697673825,-0.0024881144950201534
3.186637327465493,PASSED,-0.2978550274422976,-9.048515664939267e-05,0.00045075636122761923,2.8279355209239294,0.0004972264140945045,-0.002476849791449936
3.187637527505501,PASSED,-0.29785511770289835,-9.003562609450099e-05,0.0004487133506677276,2.8279360169164147,0.0004947562665001042,-0.0024656794630339395
3.188637727545509,PASSED,-0.29785520751498656,-8.958813328275625e-05,0.00044667911912942183,2.827936510444368,0.0004922973335766181,-0.00245443523045416
3.189637927585517,PASSED,-0.29785529688059637,-8.914267064240639e-05,0.0004446516544967975,2.8279370015189587,0.0004898495689781895,-0.0024433175104114314
3.190638127625525,PASSED,-0.29785538580175364,-8.869923016193018e-05,0.00044263303112917774,2.827937490151323,0.00048741289135073855,-0.002432251038810644
3.191638327665533,PASSED,-0.2978554742804761,-8.825780272858901e-05,0.0004406237014825191,2.8279379763525463,0.0004849872855297399,-0.002421175675790606
3.192638527705541,PASSED,-0.29785556231877347,-8.781838121338102e-05,0.00043862005769162147,2.8279384601336695,0.00048257270661237973,-0.002410181078406602
3.193638727745549,PASSED,-0.2978556499186473,-8.738095758565581e-05,0.00043662600774759387,2.827938941505691,0.0004801690923212249,-0.002399236432986972
3.194638927785557,PASSED,-0.29785573708209123,-8.694552313201918e-05,0.00043464008422932325,2.827939420479565,0.00047777641555429265,-0.0023883036562290694
3.195639127825565,PASSED,-0.29785582381109066,-8.651207017771199e-05,0.0004326615343591013,2.8279398970661993,0.00047539462618398484,-0.0023774465130269994
3.196639327865573,PASSED,-0.2978559101076232,-8.608059092724744e-05,0.00043069106120151274,2.8279403712764624,0.00047302367950056003,-0.002366613463690016
3.197639527905581,PASSED,-0.29785599597365836,-8.565107706182563e-05,0.00042872906823535105,2.8279408431211697,0.00047066352806773555,-0.002355843412247474
3.198639727945589,PASSED,-0.2978560814111577,-8.522352088104265e-05,0.00042677425581473804,2.8279413126111064,0.0004683141405334429,-0.002345083615656026
3.199639927985597,PASSED,-0.29785616642207496,-8.479791452245098e-05,0.0004248277604429563,2.8279417797570034,0.0004659754644136051,-0.002334404455959024
3.200640128025605,PASSED,-0.2978562510083559,-8.437424987028355e-05,0.0004228892466504195,2.8279422445695492,0.0004636474456894984,-0.00232376156953855
3.201640328065613,PASSED,-0.2978563351719383,-8.395251917350902e-05,0.00042095833019061734,2.827942707059398,0.00046133006931256163,-0.0023131195818688957
3.202640528105621,PASSED,-0.29785641891475256,-8.35327149657267e-05,0.0004190347928434424,2.827943167237148,0.00045902327156488345,-0.0023025831915509803
3.203640728145629,PASSED,-0.2978565022387207,-8.311482874236196e-05,0.0004171205103789517,2.8279436251133645,0.00045672700367124916,-0.0022920576950231537
3.204640928185637,PASSED,-0.29785658514575714,-8.269885307568365e-05,0.00041521243754455146,2.827944080698568,0.00045444124931133274,-0.002281552136512013
3.205641128225645,PASSED,-0.2978566676377688,-8.228478066946848e-05,0.0004133123853289083,2.8279445340032296,0.0004521659409170917,-0.002271145899393644
3.206641328265653,PASSED,-0.29785674971665455,-8.187260307904504e-05,0.00041142106048647003,2.827944985037791,0.00044990104522366384,-0.002260728889450699
3.207641528305661,PASSED,-0.29785683138430563,-8.146231273893607e-05,0.00040953652652397617,2.8279454338126375,0.00044764652603619985,-0.0022503793861395624
3.208641728345669,PASSED,-0.2978569126426057,-8.105390264111426e-05,0.00040765914535370384,2.82794588033812,0.0004454023275522464,-0.002240077882496002
3.209641928385677,PASSED,-0.2978569934934306,-8.064736421075836e-05,0.00040579128702405,2.8279463246245493,0.00044316842273257754,-0.0022297894444508184
3.210642128425685,PASSED,-0.2978570739386488,-8.024269032817136e-05,0.0004039289462956204,2.8279467666821856,0.0004409447571090876,-0.002219583076182738
3.211642328465693,PASSED,-0.29785715398012086,-7.983987371508371e-05,0.000402075057615635,2.827947206521255,0.00043873129220368024,-0.0022093861248904307
3.212642528505701,PASSED,-0.2978572336196999,-7.943890602347026e-05,0.0004002294476120246,2.8279476441519416,0.00043652799895956267,-0.0021992313236023427
3.213642728545709,PASSED,-0.29785731285923156,-7.903978024700406e-05,0.00039838999570230037,2.8279480795843828,0.0004343348163473083,-0.0021891501380224116
3.214642928585717,PASSED,-0.29785739170055375,-7.864248886546349e-05,0.0003965589720994154,2.827948512828678,0.0004321517089505401,-0.002179078902598786
3.215643128625725,PASSED,-0.2978574701454972,-7.824702417263737e-05,0.00039473517331056887,2.8279489438948873,0.00042997865177418884,-0.0021690426921862896
3.216643328665733,PASSED,-0.29785754819588484,-7.785337866818768e-05,0.00039291905854244415,2.8279493727930243,0.00042781558182686355,-0.0021590881174179772
3.217643528705741,PASSED,-0.29785762585353226,-7.746154527409649e-05,0.0003911096177903505,2.827949799533069,0.00042566246727747213,-0.002149132170707005
3.218643728745749,PASSED,-0.29785770312024773,-7.707151629947597e-05,0.00038930854584063267,2.827950224124955,0.00042351927514912004,-0.0021392321001154975
3.2196439287857572,PASSED,-0.297857779997832,-7.668328438145247e-05,0.0003875141661454323,2.827950646578576,0.00042138594890911126,-0.002129388999937575
3.2206441288257652,PASSED,-0.2978578564880784,-7.62968421268198e-05,0.00038572764695747987,2.827951066903788,0.0004192624591633049,-0.0021195569097188474
3.2216443288657732,PASSED,-0.2978579325927731,-7.59121824397857e-05,0.00038394771375185703,2.8279514851104013,0.00041714876453806057,-0.002109786435594568
3.2226445289057812,PASSED,-0.29785800831369486,-7.55292978503698e-05,0.0003821758398585927,2.8279519012081913,0.000415044820086611,-0.0021000497953528115
3.2236447289457892,PASSED,-0.297858083652615,-7.514818072423276e-05,0.00038041131698935256,2.827952315206891,0.00041295059017106386,-0.0020903499956767733
3.2246449289857972,PASSED,-0.29785815861129783,-7.476882439198689e-05,0.00037865300908354084,2.8279527271161946,0.00041086603630872097,-0.0020806897734536346
3.2256451290258052,PASSED,-0.2978582331915002,-7.43912214920582e-05,0.00037690282715878963,2.8279531369457525,0.00040879111014331513,-0.002071083760040597
3.2266453290658133,PASSED,-0.29785830739497166,-7.401536424624246e-05,0.00037516019158705165,2.8279535447051845,0.0004067257851149978,-0.0020614858738351493
3.2276455291058213,PASSED,-0.2978583812234549,-7.364124626371649e-05,0.000373423176485266,2.82795395040406,0.00040467001338429404,-0.0020519623019494373
3.2286457291458293,PASSED,-0.2978584546786852,-7.326886003930649e-05,0.000371694923026499,2.827954354051915,0.00040262374934663337,-0.0020424651948015497
3.2296459291858373,PASSED,-0.29785852776239075,-7.289819804996875e-05,0.00036997336687855206,2.827954755658246,0.00040058696950374386,-0.0020329896082814775
3.2306461292258453,PASSED,-0.29785860047629253,-7.252925394753865e-05,0.00036825792613112755,2.8279551552325097,0.0003985596287155787,-0.002023574908087524
3.2316463292658533,PASSED,-0.2978586728221045,-7.216202012280805e-05,0.00036655109046356335,2.8279555527841214,0.00039654167431478325,-0.002014207395934104
3.2326465293058613,PASSED,-0.2978587448015336,-7.179648945379684e-05,0.000364850388042942,2.8279559483224634,0.00039453308900824926,-0.002004837246933934
3.2336467293458693,PASSED,-0.29785881641627965,-7.143265531755027e-05,0.00036315663504897587,2.827956341856872,0.0003925338246998227,-0.0019955490160883456
3.2346469293858773,PASSED,-0.2978588876680354,-7.107051055889801e-05,0.00036147017438777426,2.8279567333966495,0.00039054383216968405,-0.00198628820617214
3.2356471294258853,PASSED,-0.2978589585584867,-7.071004791106984e-05,0.00035979096345510223,2.8279571229510614,0.00038856309438310325,-0.0019770375068532695
3.2366473294658933,PASSED,-0.2978590290893123,-7.035126033853162e-05,0.00035811864526031663,2.8279575105293273,0.000386591557933204,-0.001967869078596583
3.2376475295059013,PASSED,-0.2978590992621841,-6.999414172307235e-05,0.0003564519289252433,2.827957896140639,0.00038462918734499736,-0.0019587049279467077
3.2386477295459093,PASSED,-0.29785916907876714,-6.963868451598637e-05,0.00035479405919310644,2.8279582797941405,0.0003826759485562351,-0.001949594695972571
3.2396479295859173,PASSED,-0.2978592385407194,-6.92848813900244e-05,0.0003531425038078876,2.8279586614989465,0.00038073180174743427,-0.001940514884019718
3.2406481296259253,PASSED,-0.297859307649692,-6.893272638407706e-05,0.00035149667404030683,2.827959041264124,0.00037879670332082615,-0.0019314874550004698
3.2416483296659333,PASSED,-0.2978593764073292,-6.858221231003324e-05,0.00034985900737947203,2.8279594190987116,0.0003768706242079974,-0.0019224735513808276
3.2426485297059413,PASSED,-0.29785944481526855,-6.823333203196407e-05,0.0003482277918623208,2.8279597950117052,0.00037495352669087275,-0.001913513494287306
3.2436487297459493,PASSED,-0.2978595128751407,-6.788607920927088e-05,0.0003466028432470942,2.8279601690120644,0.00037304536352559316,-0.0019045962792743974
3.2446489297859573,PASSED,-0.29785958058856954,-6.754044693307785e-05,0.00034498523149030215,2.827960541108711,0.0003711461060905474,-0.0018956982055599422
3.2456491298259653,PASSED,-0.2978596479571722,-6.719642808121083e-05,0.00034337459878480925,2.827960911310537,0.000369255727005256,-0.001886833005112326
3.2466493298659733,PASSED,-0.29785971498255903,-6.685401649219062e-05,0.0003417695825104853,2.8279612796263844,0.0003673741670393871,-0.0018780446063732805
3.2476495299059813,PASSED,-0.2978597816663337,-6.651320537082685e-05,0.00034017214726596995,2.827961646065064,0.00036550139187931227,-0.0018692621958759112
3.2486497299459893,PASSED,-0.2978598480100932,-6.617398759296579e-05,0.00033858153159112774,2.8279620106353565,0.000363637394452576,-0.0018604875806431844
3.2496499299859973,PASSED,-0.2978599140154279,-6.583635696510569e-05,0.0003369966920393872,2.8279623733459966,0.0003617821087550254,-0.001851817775488925
3.2506501300260053,PASSED,-0.29785997968392136,-6.550030654541592e-05,0.000335419571456699,2.827962734205684,0.00035993548985606064,-0.0018431529812820025
3.2516503300660133,PASSED,-0.2978600450171507,-6.516582993656854e-05,0.0003338479671078391,2.8279630932230893,0.00035809754214485693,-0.0018344775311514056
3.2526505301060213,PASSED,-0.29786011001668644,-6.48329207665485e-05,0.0003322833052948468,2.827963450406837,0.0003562681991787645,-0.0018259199227198067
3.2536507301460293,PASSED,-0.2978601746840924,-6.450157199852882e-05,0.00033072574316954167,2.827963805765524,0.00035444741850428654,-0.0018173545089833847
3.2546509301860373,PASSED,-0.29786023902092595,-6.417177706197308e-05,0.0003291743988132037,2.827964159307705,0.0003526351914179235,-0.0018088088046161258
3.2556511302260454,PASSED,-0.2978603030287379,-6.384352997641112e-05,0.00032762887672779437,2.8279645110419005,0.0003508314642999125,-0.001800339326941034
3.2566513302660534,PASSED,-0.2978603667090725,-6.351682405181716e-05,0.0003260906231714328,2.8279648609766004,0.0003490362009841267,-0.0017918793083489789
3.2576515303060614,PASSED,-0.29786043006346774,-6.319165238035088e-05,0.0003245590369961719,2.8279652091202507,0.00034724937362616223,-0.0017834593910414445
3.2586517303460694,PASSED,-0.29786049309345486,-6.286800909831276e-05,0.0003230327787327423,2.8279655554812675,0.0003454709416892114,-0.0017750803008904686
3.2596519303860774,PASSED,-0.29786055580055887,-6.254588758532499e-05,0.00032151400249113096,2.827965900068026,0.00034370086654384125,-0.0017667383750231834
3.2606521304260854,PASSED,-0.29786061818629833,-6.222528115461778e-05,0.00032000138285125557,2.827966242888879,0.0003419391305200239,-0.0017584011230133633
3.2616523304660934,PASSED,-0.2978606802521853,-6.190618399436177e-05,0.00031849434519253173,2.827966583952126,0.0003401856741847817,-0.0017501598100614498
3.2626525305061014,PASSED,-0.29786074199972573,-6.158858944076326e-05,0.0003169946925358249,2.8279669232660467,0.00033844047238177044,-0.0017418964649778585
3.2636527305461094,PASSED,-0.29786080343041893,-6.12724908553648e-05,0.00031550118064022385,2.8279672608388764,0.0003367035031129263,-0.0017336844714216872
3.2646529305861174,PASSED,-0.29786086454575816,-6.095788246960024e-05,0.0003140131891807905,2.827967596678824,0.0003349747176439206,-0.0017255194673950407
3.2656531306261254,PASSED,-0.29786092534723,-6.064475778168716e-05,0.0003125323537346013,2.827967930794053,0.0003332540748397125,-0.0017173916954167868
3.2666533306661334,PASSED,-0.2978609858363153,-6.03331104780148e-05,0.0003110572702975377,2.8279682631927057,0.0003315415625412994,-0.0017092593670772803
3.2676535307061414,PASSED,-0.2978610460144882,-6.0022934258552515e-05,0.0003095888522387747,2.8279685938828774,0.0003298371315443709,-0.001701212083495859
3.2686537307461494,PASSED,-0.29786110588321696,-5.971422328853716e-05,0.0003081257151997315,2.827968922872638,0.0003281407419122537,-0.0016931746645315342
3.2696539307861574,PASSED,-0.2978611654439632,-5.940697075361927e-05,0.00030667041472999524,2.8279692501700207,0.00032645237847490953,-0.0016851559525525675
3.2706541308261654,PASSED,-0.29786122469818277,-5.910117095603406e-05,0.00030521938615534394,2.827969575783023,0.0003247719956115607,-0.0016772008038796746
3.2716543308661734,PASSED,-0.2978612836473251,-5.8796817863095835e-05,0.00030377556412680327,2.8279698997196063,0.00032309954720592053,-0.0016692801401472482
3.2726545309061814,PASSED,-0.29786134229283373,-5.8493904792914166e-05,0.0003023380742182599,2.827970221987705,0.0003214350249020009,-0.0016613504131012878
3.2736547309461894,PASSED,-0.29786140063614586,-5.819242598432669e-05,0.00030090596483362355,2.8279705425952186,0.00031977839085577743,-0.0016534898016382087
3.2746549309861974,PASSED,-0.2978614586786927,-5.7892375344462665e-05,0.0002994804232176258,2.8279708615500097,0.00031812958897096017,-0.0016456766069365763
3.2756551310262054,PASSED,-0.29786151642189923,-5.7593746781723485e-05,0.00029806065575353817,2.8279711788599062,0.00031648860216758047,-0.0016378602676750751
3.2766553310662134,PASSED,-0.29786157386718465,-5.729653431227311e-05,0.0002966470119149344,2.8279714945327084,0.0003148554081021812,-0.0016300832638821007
3.2776555311062214,PASSED,-0.2978616310159619,-5.700073175265558e-05,0.0002952395914192772,2.827971808576179,0.0003132299533082451,-0.0016223691473053671
3.2786557311462294,PASSED,-0.29786168786963807,-5.670633320073079e-05,0.00029383785892845497,2.8279721209980493,0.00031161220681151026,-0.0016146647296877627
3.2796559311862374,PASSED,-0.2978617444296142,-5.641333293181254e-05,0.0002924418755781026,2.8279724318060193,0.00031000215625546135,-0.0016069744402897072
3.2806561312262454,PASSED,-0.29786180069728535,-5.61217245575278e-05,0.0002910527067558291,2.8279727410077538,0.00030839975081805394,-0.0015993594354858948
3.2816563312662534,PASSED,-0.2978618566740406,-5.583150222562184e-05,0.0002896687486727084,2.827973048610884,0.00030680495147353303,-0.0015917592838776726
3.2826565313062614,PASSED,-0.29786191236126314,-5.5542660350399326e-05,0.0002882906262557184,2.8279733546230146,0.0003052177520466895,-0.001584159522154139
3.2836567313462695,PASSED,-0.29786196776033036,-5.525519291290907e-05,0.0002869186449799547,2.8279736590517084,0.00030363809718947127,-0.0015766517472609602
3.2846569313862775,PASSED,-0.29786202287261365,-5.496909369987053e-05,0.0002855529250775954,2.8279739619045046,0.000302065954829492,-0.0015691361017915171
3.2856571314262855,PASSED,-0.2978620776994786,-5.468435719190096e-05,0.00028419222989755375,2.827974263188904,0.0003005013096002949,-0.001561651314134179
3.2866573314662935,PASSED,-0.29786213224228497,-5.4400977765726004e-05,0.00028283755702656537,2.8279745629123845,0.00029894412486783064,-0.0015542070113510526
3.2876575315063015,PASSED,-0.29786218650238666,-5.4118949178441146e-05,0.0002814892741237271,2.8279748610823767,0.0002973943464938508,-0.0015468259490657524
3.2886577315463095,PASSED,-0.29786224048113186,-5.383826595142055e-05,0.00028014586228517434,2.827975157706293,0.0002958519668185877,-0.0015394154927279627
3.2896579315863175,PASSED,-0.297862294179863,-5.3558922151870426e-05,0.000278809091060086,2.82797545279151,0.0002943169606920256,-0.001532066549118338
3.2906581316263255,PASSED,-0.2978623475999165,-5.328091191012534e-05,0.0002774776755350835,2.8279757463453725,0.0002927892699461202,-0.0015247735437633515
3.2916583316663335,PASSED,-0.2978624007426234,-5.300423004326696e-05,0.0002761513277405704,2.8279760383751933,0.00029126887493827175,-0.0015174759839051938
3.2926585317063415,PASSED,-0.29786245360930885,-5.272887036910795e-05,0.0002748319051046476,2.827976328888252,0.0002897557544832256,-0.0015102167691400414
3.2936587317463495,PASSED,-0.29786250620129234,-5.245482719140586e-05,0.00027351735943372197,2.8279766178917995,0.0002882498634954079,-0.0015030071336028005
3.2946589317863575,PASSED,-0.2978625585198877,-5.218209511976632e-05,0.00027220854644342146,2.827976905393057,0.00028675117560561693,-0.0014958083939165042
3.2956591318263655,PASSED,-0.2978626105664032,-5.191066857529774e-05,0.000270905209818691,2.8279771913992136,0.00028525966793823245,-0.0014886405163630693
3.2966593318663735,PASSED,-0.29786266234214126,-5.164054166941575e-05,0.00026960803659085904,2.8279774759174225,0.0002837752927488558,-0.0014815316380522585
3.2976595319063815,PASSED,-0.29786271384839896,-5.13717088625886e-05,0.0002683159869846685,2.827977758954811,0.00028229802720809363,-0.001474421475902152
3.2986597319463895,PASSED,-0.29786276508646764,-5.1104164689589844e-05,0.00026702963034148095,2.827978040518478,0.00028082785399035113,-0.0014673410456361349
3.2996599319863975,PASSED,-0.2978628160576331,-5.083790365092507e-05,0.00026574864421363123,2.827978320615488,0.00027936472670910147,-0.0014603181049919684
3.300660132026405,PASSED,-0.29786286676317564,-5.0572920022444374e-05,0.00026447361799207737,2.8279785992528734,0.00027790860954733925,-0.0014533165329422885
3.301660332066413,PASSED,-0.2978629172043701,-5.0309208402255064e-05,0.00026320362165414086,2.827978876437645,0.00027645949666253874,-0.0014463104527060097
3.302660532106421,PASSED,-0.2978629673824856,-5.004676340361655e-05,0.0002619392499614255,2.8279791521767668,0.0002750173306524392,-0.0014394030483617815
3.303660732146429,PASSED,-0.29786301729878595,-4.9785579314696046e-05,0.0002606806482265508,2.8279794264771945,0.0002735820992670273,-0.0014324502767786302
3.304660932186437,PASSED,-0.2978630669545296,-4.952565089459292e-05,0.00025942693468751184,2.827979699345834,0.0002721537718445878,-0.0014255788528800405
3.305661132226445,PASSED,-0.2978631163509693,-4.926697264949591e-05,0.00025817911870334537,2.8279799707895736,0.00027073230273263435,-0.0014187292846689586
3.306661332266453,PASSED,-0.2978631654893525,-4.900953901234244e-05,0.00025693664945354236,2.8279802408152666,0.0002693176798550463,-0.0014118852728674176
3.307661532306461,PASSED,-0.29786321437092134,-4.875334493089935e-05,0.00025569903610279086,2.8279805094297377,0.00026790986985555573,-0.0014050931505727345
3.308661732346469,PASSED,-0.29786326299691246,-4.849838488942228e-05,0.0002544673783932603,2.8279807766397838,0.0002665088355645053,-0.0013983283847021708
3.309661932386477,PASSED,-0.2978633113685572,-4.824465317977631e-05,0.0002532412638144413,2.8279810424521705,0.0002651145554663758,-0.0013915812404144618
3.310662132426485,PASSED,-0.29786335948708154,-4.7992145074582e-05,0.00025201933278088935,2.8279813068736352,0.0002637269986383852,-0.0013848738863746987
3.311662332466493,PASSED,-0.2978634073537062,-4.774085506431298e-05,0.00025080379526109224,2.8279815699108846,0.00026234613177226145,-0.0013781955192897783
3.312662532506501,PASSED,-0.2978634549696465,-4.7490777422326724e-05,0.0002495935398030239,2.827981831570592,0.0002609719207957391,-0.0013715546146773783
3.313662732546509,PASSED,-0.29786350233611253,-4.724190743950858e-05,0.00024838761149488156,2.827982091859414,0.0002596043586346642,-0.001364900525339905
3.314662932586517,PASSED,-0.29786354945430915,-4.6994239822102435e-05,0.0002471876213469964,2.827982350783968,0.00025824340310427946,-0.0013583255337479678
3.315663132626525,PASSED,-0.29786359632543596,-4.6747768859745576e-05,0.0002459931896967587,2.827982608350847,0.0002568890109296682,-0.0013517699351868393
3.316663332666533,PASSED,-0.29786364295068735,-4.6502489773487517e-05,0.0002448030172989256,2.8279828645666116,0.0002555411747920045,-0.0013452136059815872
3.317663532706541,PASSED,-0.2978636893312524,-4.6258397569750806e-05,0.00024361832802856327,2.8279831194377985,0.0002541998651689262,-0.0013387069678094414
3.318663732746549,PASSED,-0.29786373546831524,-4.601548648199991e-05,0.00024243959423245364,2.8279833729709125,0.00025286503763914485,-0.0013322412377625155
3.319663932786557,PASSED,-0.2978637813630546,-4.57737514929674e-05,0.0002412652522325537,2.82798362517243,0.00025153667256633223,-0.0013257809628460344
3.320664132826565,PASSED,-0.29786382701664416,-4.5533187846565355e-05,0.00024009590918171232,2.8279838760488034,0.00025021475472372754,-0.001319342429110514
3.321664332866573,PASSED,-0.29786387243025264,-4.529379043795462e-05,0.0002389317415634176,2.827984125606452,0.0002488992363617163,-0.0013129689839450878
3.322664532906581,PASSED,-0.2978639176050433,-4.505555355124557e-05,0.00023777365013948548,2.8279843738517685,0.00024759009014236336,-0.0013065977096248188
3.323664732946589,PASSED,-0.2978639625421747,-4.4818472453871e-05,0.00023661939553129192,2.827984620791117,0.00024628730384964665,-0.0013002453481112195
3.324664932986597,PASSED,-0.29786400724280004,-4.458254263859642e-05,0.00023547009510344486,2.827984866430836,0.0002449908406105433,-0.001293941833098022
3.325665133026605,PASSED,-0.2978640517080677,-4.434775833749884e-05,0.00023432710509366282,2.8279851107772376,0.00024370067346775253,-0.001287650682585969
3.326665333066613,PASSED,-0.2978640959391209,-4.411411457462624e-05,0.00023318820139189625,2.8279853538366027,0.0002424167747284107,-0.0012813974438457118
3.327665533106621,PASSED,-0.29786413993709776,-4.388160675838127e-05,0.00023205422614701836,2.8279855956151834,0.00024113911088672528,-0.0012751747735785589
3.328665733146629,PASSED,-0.29786418370313167,-4.3650229725997296e-05,0.00023092556987527223,2.8279858361192085,0.00023986766532376917,-0.0012689594225411454
3.329665933186637,PASSED,-0.2978642272383509,-4.341997835467894e-05,0.00022980190561374425,2.827986075354879,0.0002386024102863883,-0.0012627854472740056
3.330666133226645,PASSED,-0.29786427054387865,-4.31908478786554e-05,0.00022868285629673842,2.827986313328364,0.00023734330239854942,-0.001256656181548781
3.331666333266653,PASSED,-0.2978643136208335,-4.296283340109493e-05,0.00022756889173628755,2.827986550045812,0.00023609033380723703,-0.0012505101978214932
3.332666533306661,PASSED,-0.2978643564703289,-4.273593005852073e-05,0.00022645964313281356,2.827986785513342,0.00023484347676418668,-0.0012444216065362467
3.333666733346669,PASSED,-0.29786439909347334,-4.251013257138804e-05,0.00022535604979926352,2.827987019737041,0.00023360268236092608,-0.0012383762677435372
3.334666933386677,PASSED,-0.2978644414913706,-4.2285436475577794e-05,0.00022425612648423152,2.82798725272298,0.00023236795043203663,-0.0012323023696533836
3.335667133426685,PASSED,-0.2978644836651196,-4.2061837102643994e-05,0.0002231615372335166,2.8279874844771937,0.00023113924730436825,-0.0012263036330117203
3.336667333466693,PASSED,-0.29786452561581434,-4.1839329033944666e-05,0.00022207242300986452,2.8279877150056953,0.0002299165306938883,-0.0012203252621254656
3.337667533506701,PASSED,-0.29786456734454386,-4.1617907607744736e-05,0.00022098742832663766,2.8279879443144686,0.00022869979032391941,-0.0012143504418645002
3.338667733546709,PASSED,-0.2978646088523928,-4.139756863103594e-05,0.00021990667563023686,2.8279881724094738,0.00022748900204108967,-0.0012084135101399483
3.339667933586717,PASSED,-0.2978646501404406,-4.117830670728743e-05,0.0002188320891606888,2.8279883992966397,0.00022628412308801357,-0.0012025225817001598
3.340668133626725,PASSED,-0.2978646912097623,-4.096011719060203e-05,0.00021776113503518924,2.827988624981873,0.0002250851352724683,-0.0011966313047753372
3.341668333666733,PASSED,-0.2978647320614278,-4.074299537004334e-05,0.00021669561090770014,2.827988849471061,0.0002238920341121586,-0.0011907477306659486
3.342668533706741,PASSED,-0.2978647726965026,-4.052693659687245e-05,0.00021563421467967942,2.8279890727700483,0.00022270475534392288,-0.0011849661266155902
3.343668733746749,PASSED,-0.2978648131160473,-4.031193629670106e-05,0.00021457769049919908,2.82798929488467,0.00022152329168217378,-0.0011791286851714595
3.3446689337867572,PASSED,-0.29786485332111795,-4.009798950753159e-05,0.00021352618828299544,2.8279895158207276,0.0002203476361609564,-0.001173340078581329
3.3456691338267652,PASSED,-0.2978648933127658,-3.9885091575729294e-05,0.0002124790941484951,2.827989735583995,0.0002191777261839557,-0.001167623242613587
3.3466693338667732,PASSED,-0.29786493309203754,-3.967323823645337e-05,0.00021143616936087584,2.827989954180228,0.00021801355796860394,-0.0011618648638438978
3.3476695339067812,PASSED,-0.2978649726599752,-3.946242436319006e-05,0.0002103990091982725,2.827990171615146,0.00021685511052575045,-0.0011561691621931928
3.3486697339467892,PASSED,-0.29786501201761606,-3.925264551756494e-05,0.00020936540324301096,2.8279903878944537,0.00021570234274208131,-0.0011505001979864736
3.3496699339867972,PASSED,-0.297865051165993,-3.904389741465961e-05,0.000208336569346883,2.827990603023826,0.00021455524126981064,-0.0011448356551267591
3.3506701340268052,PASSED,-0.2978650901061342,-3.8836175106161666e-05,0.00020731280126532145,2.8279908170089145,0.00021341378132306858,-0.0011392094744856146
3.3516703340668133,PASSED,-0.2978651288390632,-3.862947395444466e-05,0.00020629338535146233,2.827991029855339,0.00021227792249682695,-0.0011336250607456282
3.3526705341068213,PASSED,-0.29786516736579927,-3.8423789920220815e-05,0.00020527780013877167,2.8279912415687005,0.00021114765394757222,-0.0011280308749275253
3.3536707341468293,PASSED,-0.29786520568735675,-3.8219118009917066e-05,0.0002042679837470719,2.8279914521545773,0.00021002295996457097,-0.001122469388383691
3.3546709341868373,PASSED,-0.2978652438047458,-3.8015453793213084e-05,0.00020326170534192678,2.8279916616185186,0.00020890379461330696,-0.0011169626598508588
3.3556711342268453,PASSED,-0.297865281718972,-3.781279314320728e-05,0.0002022599464483834,2.82799186996605,0.0002077901381738986,-0.0011114522924466717
3.3566713342668533,PASSED,-0.2978653194310362,-3.7611131121350976e-05,0.00020126340546158423,2.8279920772026697,0.0002066819774163742,-0.001105966400909582
3.3576715343068613,PASSED,-0.2978653569419352,-3.741046344585768e-05,0.00020027052218110088,2.8279922833338538,0.00020557927525943266,-0.0011005259942961437
3.3586717343468693,PASSED,-0.2978653942526612,-3.721078583550931e-05,0.00019928233579322657,2.8279924883650587,0.00020448201765570882,-0.0010950786766756276
3.3596719343868773,PASSED,-0.29786543136420174,-3.701209364091289e-05,0.00019829876713189204,2.8279926923017067,0.000203390172977238,-0.0010896886796676328
3.3606721344268853,PASSED,-0.29786546827754024,-3.681438250997593e-05,0.0001973193734736808,2.8279928951492046,0.0002023037180534084,-0.0010842990866042363
3.3616723344668933,PASSED,-0.29786550499365555,-3.661764827345357e-05,0.00019634414522147437,2.827993096912933,0.00020122263808278234,-0.0010789338933073038
3.3626725345069013,PASSED,-0.29786554151352235,-3.6421886389152766e-05,0.0001953737103536712,2.8279932975982387,0.0002001468859671536,-0.0010736309305096783
3.3636727345469093,PASSED,-0.29786557783811063,-3.622709216269612e-05,0.00019440790385862953,2.8279934972104623,0.00019907646434059114,-0.001068282090597606
3.3646729345869173,PASSED,-0.2978656139683864,-3.603326201215279e-05,0.0001934449816664612,2.827993695754906,0.00019801134347537244,-0.001063013381632795
3.3656731346269253,PASSED,-0.29786564990531117,-3.584039140913868e-05,0.00019248768391254615,2.8279938932368553,0.00019695147938720133,-0.0010577645591966427
3.3666733346669333,PASSED,-0.2978656856498421,-3.564847516766334e-05,0.00019153527985052004,2.8279940896615723,0.00019589687519233663,-0.0010524972853100552
3.3676735347069413,PASSED,-0.2978657212029321,-3.545751000703524e-05,0.00019058508114649846,2.8279942850342854,0.00019484748826047472,-0.0010473133628964744
3.3686737347469493,PASSED,-0.2978657565655299,-3.526749187851726e-05,0.0001896401600989616,2.8279944793602154,0.00019380330293627843,-0.0010420999650628587
3.3696739347869573,PASSED,-0.2978657917385798,-3.507841534689628e-05,0.0001887007793023249,2.8279946726445497,0.00019276430572992827,-0.0010369287005416968
3.3706741348269653,PASSED,-0.2978658267230219,-3.489027682865737e-05,0.00018776367752996285,2.8279948648924518,0.0001917304487296036,-0.0010318092001799857
3.3716743348669733,PASSED,-0.29786586151979233,-3.470307272567829e-05,0.00018683105327848998,2.8279950561090685,0.0001907017290020093,-0.0010266600792038175
3.3726745349069813,PASSED,-0.2978658961298226,-3.45167978027718e-05,0.00018590416932515438,2.8279952462995146,0.00018967812055759595,-0.0010215740212197247
3.3736747349469893,PASSED,-0.29786593055404037,-3.433144823254054e-05,0.00018497983750200204,2.827995435468893,0.0001886595940347314,-0.0010164948572944428
3.3746749349869973,PASSED,-0.2978659647933689,-3.414702022962342e-05,0.0001840601131938688,2.8279956236222716,0.00018764612828123023,-0.001011446350972331
3.3756751350270053,PASSED,-0.2978659988487274,-3.396350918976461e-05,0.0001831449909687681,2.8279958107647034,0.00018663770296389353,-0.001006411294912949
3.3766753350670133,PASSED,-0.2978660327210309,-3.378091111508758e-05,0.00018223346381587664,2.8279959969012185,0.00018563429946929794,-0.0010013982943839878
3.3776755351070213,PASSED,-0.2978660664111904,-3.359922193308325e-05,0.00018132632746330297,2.827996182036823,0.0001846358888507836,-0.0009964188346011957
3.3786757351470293,PASSED,-0.2978660999201127,-3.3418437476341365e-05,0.00018042320959425745,2.8279963661764933,0.00018364243784957244,-0.0009914724456178024
3.3796759351870374,PASSED,-0.2978661332487004,-3.3238553664312045e-05,0.00017952421365270216,2.827996549325199,0.0001826539527090602,-0.0009864936037751986
3.3806761352270454,PASSED,-0.29786616639785235,-3.305956659663224e-05,0.00017862897036455077,2.827996731487869,0.00018167038722450118,-0.0009816134050815736
3.3816763352670534,PASSED,-0.2978661993684629,-3.288147207032028e-05,0.0001777382302769022,2.8279969126694273,0.0001806917222296655,-0.0009766993880050462
3.3826765353070614,PASSED,-0.29786623216142283,-3.270426598724773e-05,0.00017685131826964843,2.827997092874761,0.00017971794676518996,-0.0009718261821225344
3.3836767353470694,PASSED,-0.2978662647776184,-3.252794423804943e-05,0.00017596870315072675,2.82799727210875,0.00017874903497401586,-0.0009669688638751408
3.3846769353870774,PASSED,-0.29786629721793234,-3.235250327898702e-05,0.0001750891296702043,2.8279974503762304,0.00017778494263395926,-0.0009621746575109333
3.3856771354270854,PASSED,-0.297866329483243,-3.2177938703232055e-05,0.00017421487314480942,2.8279976276820404,0.00017682568181074906,-0.0009573182670097049
3.3866773354670934,PASSED,-0.2978663615744249,-3.200424665626694e-05,0.00017334349617865644,2.827997804030983,0.0001758712263315338,-0.0009525469540189515
3.3876775355071014,PASSED,-0.2978663934923487,-3.183142325628996e-05,0.00017247666917585724,2.8279979794278427,0.0001749215212485329,-0.0009478105023222622
3.3886777355471094,PASSED,-0.2978664252378809,-3.1659464240136353e-05,0.00017161391413878302,2.8279981538773753,0.00017397656740575533,-0.0009430494030810626
3.3896779355871174,PASSED,-0.2978664568118842,-3.148836610054942e-05,0.0001707542898857015,2.8279983273843294,0.00017303636735047738,-0.0009383004900758434
3.3906781356271254,PASSED,-0.29786648821521733,-3.131812487647025e-05,0.0001698991802081403,2.8279984999534196,0.0001721008587773956,-0.000933647295085733
3.3916783356671334,PASSED,-0.2978665194487352,-3.1148736444388186e-05,0.00016904793333134743,2.8279986715893437,0.00017117002757377077,-0.0009289538093175893
3.3926785357071414,PASSED,-0.2978665505132887,-3.098019687340334e-05,0.00016820066275384366,2.827998842296779,0.00017024388316823824,-0.0009242714696758436
3.3936787357471494,PASSED,-0.297866581409725,-3.081250267613968e-05,0.00016735655360353903,2.8279990120803746,0.00016932236705234925,-0.0009196792133644138
3.3946789357871574,PASSED,-0.29786661213888727,-3.064564980824819e-05,0.00016651707741679027,2.8279991809447753,0.0001684054799722164,-0.0009150256579784935
3.3956791358271654,PASSED,-0.29786664270161484,-3.047963407689728e-05,0.00016568150064031435,2.8279993488945814,0.00016749319618075792,-0.0009104558804451017
3.3966793358671734,PASSED,-0.29786667309874343,-3.0314452396482947e-05,0.0001648484669303477,2.8279995159343936,0.00016658548846031713,-0.0009058756137712467
3.3976795359071814,PASSED,-0.29786670333110477,-3.0150100542877624e-05,0.00016402077805530401,2.8279996820687807,0.0001656823502049021,-0.0009013133498442133
3.3986797359471894,PASSED,-0.29786673339952674,-2.998657442640609e-05,0.0001631963420823566,2.8279998473022863,0.0001647837384296852,-0.0008968107254653824
3.3996799359871974,PASSED,-0.29786676330483347,-2.9823870708502422e-05,0.0001623753017845465,2.8280000116394453,0.0001638896494836924,-0.000892274426344455
3.4006801360272054,PASSED,-0.2978667930478455,-2.9661985903757003e-05,0.00016155780671932697,2.8280001750847625,0.00016300006562431228,-0.000887790148070587
3.4016803360672134,PASSED,-0.2978668226293795,-2.9500915591702223e-05,0.000160745315611749,2.8280003376427314,0.00016211495635002956,-0.0008833220250908262
3.4026805361072214,PASSED,-0.2978668520502484,-2.9340656150660607e-05,0.00015993552466152754,2.8280004993178123,0.00016123429579455197,-0.0008788862424021267
3.4036807361472294,PASSED,-0.2978668813112613,-2.9181204430195073e-05,0.00015912918433487285,2.828000660114454,0.00016035807705068794,-0.0008744404115052938
3.4046809361872374,PASSED,-0.29786691041322383,-2.902255615230955e-05,0.00015832767358595228,2.8280008200370856,0.0001594862824729919,-0.00087003068848987
3.4056811362272454,PASSED,-0.2978669393569378,-2.8864707948000526e-05,0.0001575285581244058,2.8280009790901106,0.00015861887239978793,-0.0008656629963467121
3.4066813362672534,PASSED,-0.29786696814320135,-2.870765618854792e-05,0.00015673389367140407,2.828001137277913,0.00015775583527750117,-0.0008612865395800761
3.4076815363072614,PASSED,-0.29786699677280887,-2.855139673035503e-05,0.00015594316787387763,2.8280012946048614,0.00015689716744054187,-0.0008569220352120984
3.4086817363472695,PASSED,-0.29786702524655134,-2.8395926622321427e-05,0.00015515473480675446,2.828001451075304,0.00015604283446676588,-0.0008526069328185601
3.4096819363872775,PASSED,-0.2978670535652159,-2.8241241884120307e-05,0.00015437140713069273,2.8280016066935585,0.00015519279553638816,-0.000848326928750461
3.4106821364272855,PASSED,-0.29786708172958615,-2.8087338641485636e-05,0.00015359113297065878,2.82800176146394,0.0001543470765064151,-0.0008439804307881307
3.4116823364672935,PASSED,-0.2978671097404421,-2.793421396099969e-05,0.00015281371216281013,2.828001915390728,0.00015350563315109195,-0.000839751971679833
3.4126825365073015,PASSED,-0.29786713759856015,-2.7781863857312493e-05,0.00015204103137011837,2.8280020684781944,0.00015266842899711838,-0.0008355056088360554
3.4136827365473095,PASSED,-0.29786716530471313,-2.7630284290073536e-05,0.0001512719244848502,2.8280022207305806,0.00015183547281986967,-0.0008312565561904978
3.4146829365873175,PASSED,-0.29786719285967034,-2.747947283620708e-05,0.00015050447345419434,2.828002372152116,0.00015100673658665164,-0.0008270560179030763
3.4156831366273255,PASSED,-0.2978672202641975,-2.7329425311180716e-05,0.00014974289274114464,2.8280025227470085,0.0001501821914428525,-0.0008228712277298564
3.4166833366673335,PASSED,-0.2978672475190568,-2.7180137712883632e-05,0.0001489840686677099,2.828002672519447,0.0001493618278663517,-0.0008186918090147687
3.4176835367073415,PASSED,-0.29786727462500695,-2.7031607490328223e-05,0.00014822765848054013,2.828002821473598,0.00014854562467497948,-0.0008145441129438495
3.4186837367473495,PASSED,-0.2978673015828031,-2.688383078736588e-05,0.00014747606595021006,2.8280029696136153,0.00014773356211758088,-0.0008104081870350996
3.4196839367873575,PASSED,-0.297867328393197,-2.673680366368783e-05,0.00014672782882993937,2.828003116943628,0.00014692562052596742,-0.0008062971946657151
3.4206841368273655,PASSED,-0.29786735505693696,-2.6590523294304215e-05,0.0001459820630860587,2.8280032634677443,0.0001461217743607806,-0.000802212145534195
3.4216843368673735,PASSED,-0.2978673815747676,-2.644498603266261e-05,0.00014524072734530634,2.8280034091900634,0.0001453220227442283,-0.000798111263897667
3.4226845369073815,PASSED,-0.2978674079474304,-2.630018814591736e-05,0.00014450265967854434,2.8280035541146566,0.00014452633523829783,-0.0007940716672856939
3.4236847369473895,PASSED,-0.2978674341756631,-2.615612654450287e-05,0.00014376756257178456,2.828003698245573,0.00014373467416873924,-0.0007900540044072318
3.4246849369873975,PASSED,-0.2978674602602004,-2.6012798030970683e-05,0.00014303581417246376,2.828003841586853,0.00014294705384472432,-0.000785997870420062
3.4256851370274055,PASSED,-0.29786748620177317,-2.587019850705716e-05,0.00014230866374089816,2.8280039841425193,0.00014216345838449833,-0.0007819938534299304
3.4266853370674135,PASSED,-0.2978675120011092,-2.5728324963251558e-05,0.00014158346384874043,2.828004125916563,0.00014138382264814361,-0.0007780636583045723
3.4276855371074215,PASSED,-0.2978675376589329,-2.5587174512054883e-05,0.00014086177609529704,2.828004266912966,0.0001406081621950087,-0.0007740583163551726
3.4286857371474295,PASSED,-0.29786756317596513,-2.54467428895626e-05,0.00014014485342360867,2.828004407135695,0.00013983648341082537,-0.0007700924294020981
3.4296859371874375,PASSED,-0.2978675885529235,-2.530702727821793e-05,0.00013942944995871593,2.828004546588685,0.00013906870581237513,-0.0007662343778156934
3.4306861372274455,PASSED,-0.29786761379052235,-2.51680245709827e-05,0.00013871821208624125,2.8280046852758667,0.00013830484602438437,-0.0007622767281075079
3.4316863372674535,PASSED,-0.2978676388894726,-2.5029730879116686e-05,0.0001380106783858574,2.8280048232011437,0.00013754490867320775,-0.0007583777665560197
3.4326865373074615,PASSED,-0.29786766385048197,-2.4892143242037465e-05,0.0001373056095414586,2.8280049603684105,0.00013678883646817195,-0.0007545351640223405
3.4336867373474695,PASSED,-0.29786768867425484,-2.4755258622949915e-05,0.0001366039587849454,2.828005096781532,0.00013603661552628692,-0.0007506781271268519
3.4346869373874775,PASSED,-0.29786771336149215,-2.461907304452699e-05,0.00013590665818158417,2.8280052324443603,0.00013528825120704633,-0.0007468217806497448
3.4356871374274855,PASSED,-0.2978677379128919,-2.4483583791087872e-05,0.00013521098361080948,2.828005367360735,0.00013454371626117574,-0.0007430103893511715
3.4366873374674936,PASSED,-0.2978677623291486,-2.4348787813247182e-05,0.0001345193073272805,2.82800550153447,0.00013380297806095832,-0.0007392234074615666
3.4376875375075016,PASSED,-0.29786778661095353,-2.421468108972185e-05,0.00013383166765736069,2.828005634969364,0.00013306603209679627,-0.0007354276686290759
3.4386877375475096,PASSED,-0.2978678107589949,-2.40812609724437e-05,0.00013314575035867668,2.828005767669199,0.00013233286566687383,-0.0007316589374513459
3.4396879375875176,PASSED,-0.29786783477395756,-2.3948524504096685e-05,0.00013246361367257522,2.828005899637737,0.00013160344545884518,-0.0007279277217468376
3.4406881376275256,PASSED,-0.29786785865652315,-2.3816467737518277e-05,0.0001317855351822933,2.828006030878725,0.00013087776373967692,-0.0007241843841158769
3.4416883376675336,PASSED,-0.29786788240737033,-2.368508800263959e-05,0.00013110920134294513,2.828006161395894,0.00013015581094491646,-0.0007204650685235168
3.4426885377075416,PASSED,-0.29786790602717444,-2.355438234542378e-05,0.0001304366277977238,2.8280062911929504,0.00012943754860561595,-0.0007167938531518331
3.4436887377475496,PASSED,-0.2978679295166075,-2.3424346751033046e-05,0.00012976823878607256,2.8280064202735913,0.00012872297392824467,-0.0007130952268508942
3.4446889377875576,PASSED,-0.2978679528763387,-2.329497888606607e-05,0.00012910094908757862,2.828006548641494,0.00012801207877389053,-0.0007094284393562777
3.4456891378275656,PASSED,-0.2978679761070339,-2.3166275631545835e-05,0.00012843812480868084,2.8280066763003138,0.00012730482020110496,-0.0007058119950717973
3.4466893378675736,PASSED,-0.2978679992093559,-2.3038233155169327e-05,0.000127778710755058,2.8280068032536967,0.00012660119760154366,-0.0007021630025543036
3.4476895379075816,PASSED,-0.2978680221839644,-2.2910848959823382e-05,0.00012712118507319847,2.8280069295052646,0.00012590119873532622,-0.0006985561086595666
3.4486897379475896,PASSED,-0.297868045031516,-2.278412019292068e-05,0.00012646715478903427,2.8280070550586256,0.00012520478898381176,-0.0006949788467510681
3.4496899379875976,PASSED,-0.2978680677526641,-2.2658042835547716e-05,0.00012581749242891282,2.828007179917376,0.00012451197275553023,-0.0006913744826351422
3.4506901380276056,PASSED,-0.2978680903480592,-2.2532614489365194e-05,0.00012516891535159578,2.828007304085083,0.00012382271770569917,-0.0006878420946283502
3.4516903380676136,PASSED,-0.2978681128183488,-2.240783246769929e-05,0.00012452409254211177,2.8280074275653067,0.00012313700271418505,-0.0006842969227712821
3.4526905381076216,PASSED,-0.2978681351641771,-2.228369283285476e-05,0.00012388332971280863,2.8280075503615913,0.0001224548385905559,-0.0006807422575343681
3.4536907381476296,PASSED,-0.2978681573861855,-2.2160192908746287e-05,0.00012324432037225027,2.8280076724774563,0.00012177617941850933,-0.0006772704483880432
3.4546909381876376,PASSED,-0.29786817948501215,-2.203733013425432e-05,0.00012260841057177828,2.828007793916411,0.00012110101244566558,-0.0006737646558142188
3.4556911382276456,PASSED,-0.2978682014612925,-2.1915100972618046e-05,0.00012197632901260782,2.82800791468195,0.00012042934772986665,-0.0006702647557887636
3.4566913382676536,PASSED,-0.2978682233156588,-2.1793502612090927e-05,0.00012134638153680095,2.828008034777539,0.00011976113023589307,-0.0006668526527634723
3.4576915383076616,PASSED,-0.2978682450487404,-2.167253206321481e-05,0.00012071999376898914,2.8280081542066453,0.00011909636799684652,-0.0006633686299019339
3.4586917383476696,PASSED,-0.29786826666116356,-2.1552186377980262e-05,0.00012009614621158856,2.8280082729727045,0.00011843504989931397,-0.0006599510759529737
3.4596919383876776,PASSED,-0.2978682881535517,-2.1432462607483886e-05,0.00011947552001957002,2.8280083910791465,0.00011777713800762919,-0.0006565524355059937
3.4606921384276856,PASSED,-0.2978683095265253,-2.131335794778603e-05,0.00011885741948337893,2.828008508529378,0.00011712262712461613,-0.0006531498480177704
3.4616923384676936,PASSED,-0.2978683307807019,-2.119486920973562e-05,0.00011824295042842816,2.828008625326791,0.00011647150568877893,-0.0006497691610501474
3.4626925385077016,PASSED,-0.29786835191669614,-2.1076993706095497e-05,0.00011763053911458556,2.828008741474767,0.00011582375632314843,-0.0006464028353507234
3.4636927385477096,PASSED,-0.2978683729351196,-2.095972840415237e-05,0.00011702181049548652,2.8280088569766644,0.00011517935463409942,-0.0006430675915145387
3.4646929385877177,PASSED,-0.29786839383658115,-2.084307050409522e-05,0.00011641529309825797,2.828008971835832,0.00011453829431284358,-0.0006397221410833888
3.4656931386277257,PASSED,-0.29786841462168673,-2.072701701241902e-05,0.00011581229072816156,2.8280090860555944,0.00011390055345958986,-0.0006364199947006104
3.4666933386677337,PASSED,-0.2978684352910394,-2.0611565139108968e-05,0.00011521159503130986,2.8280091996392684,0.00011326611725817491,-0.0006331136725578507
3.4676935387077417,PASSED,-0.2978684558452393,-2.049671215137857e-05,0.00011461391619646304,2.828009312590154,0.00011263497854021658,-0.0006298220815586625
3.4686937387477497,PASSED,-0.29786847628488383,-2.0382454977079675e-05,0.00011401934636718296,2.8280094249115297,0.00011200710647254218,-0.0006265720584182339
3.4696939387877577,PASSED,-0.2978684966105675,-2.0268790908383534e-05,0.00011342721691544573,2.8280095366066647,0.00011138249428799346,-0.0006233056019690422
3.4706941388277657,PASSED,-0.297868516822882,-2.015571726972406e-05,0.00011283791982215738,2.828009647678811,0.00011076113290465445,-0.0006200652375856422
3.4716943388677737,PASSED,-0.29786853692241627,-2.0043231062238466e-05,0.00011225173259454837,2.8280097581312034,0.00011014299495108111,-0.0006168530975651405
3.4726945389077817,PASSED,-0.2978685569097563,-1.9931329308910686e-05,0.00011166843381659555,2.8280098679670624,0.00010952806510207282,-0.0006136476833037202
3.4736947389477897,PASSED,-0.29786857678548545,-1.9820009882064314e-05,0.00011108675553289022,2.8280099771895943,0.00010891634134630007,-0.000610441137418748
3.4746949389877977,PASSED,-0.2978685965501843,-1.970926939354815e-05,0.00011050964383834609,2.828010085801989,0.00010830779999507112,-0.0006072748271024349
3.4756951390278057,PASSED,-0.2978686162044305,-1.9599105100821783e-05,0.00010993405865171252,2.8280101938074216,0.0001077024182790422,-0.0006041196419798997
3.4766953390678137,PASSED,-0.2978686357487991,-1.948951476053337e-05,0.00010936119471288148,2.8280103012090487,0.0001071001903196826,-0.0006009668376127351
3.4776955391078217,PASSED,-0.2978686551838625,-1.9380495201024315e-05,0.00010879180270650188,2.8280104080100217,0.0001065011105830687,-0.0005978216692813389
3.4786957391478297,PASSED,-0.2978686745101901,-1.9272043624067572e-05,0.00010822475979023596,2.828010514213464,0.00010590514138409373,-0.0005947342187707472
3.4796959391878377,PASSED,-0.29786869372834884,-1.9164157938806895e-05,0.00010765963557430736,2.8280106198224924,0.00010531227577942512,-0.0005916198619338667
3.4806961392278457,PASSED,-0.29786871283890276,-1.9056834928036426e-05,0.00010709859423457299,2.8280107248402087,0.00010472252005195791,-0.0005885129711561034
3.4816963392678537,PASSED,-0.29786873184241336,-1.8950071674106374e-05,0.00010653969372703712,2.828010829269697,0.00010413583254426856,-0.0005854705320448614
3.4826965393078617,PASSED,-0.2978687507394394,-1.884386622697953e-05,0.00010598261606004596,2.828010933114027,0.00010355219971919127,-0.0005824076870988979
3.4836967393478697,PASSED,-0.2978687695305369,-1.873821533662628e-05,0.00010542973988205284,2.8280110363762576,0.0001029716331498922,-0.0005793391574325091
3.4846969393878777,PASSED,-0.2978687882162594,-1.863311652900204e-05,0.00010487818611902984,2.828011139059424,0.0001023940873715169,-0.0005763501923371341
3.4856971394278857,PASSED,-0.2978688067971575,-1.852856725333839e-05,0.00010433000202673185,2.828011241166557,0.00010181955688120239,-0.00057331735563278
3.4866973394678937,PASSED,-0.29786882527377956,-1.8424564986695885e-05,0.00010378377638635281,2.8280113427006683,0.00010124804854152412,-0.0005703023290419355
3.4876975395079017,PASSED,-0.2978688436466709,-1.8321106503373713e-05,0.00010324162127938495,2.8280114436647543,0.00010067951736075965,-0.0005673504152461529
3.4886977395479097,PASSED,-0.29786886191637457,-1.821818985978923e-05,0.00010269999178788038,2.8280115440617983,0.00010011395909453237,-0.0005643635002147005
3.4896979395879177,PASSED,-0.29786888008343076,-1.8115812421219828e-05,0.00010216240309041923,2.8280116438947744,9.955138280466828e-05,-0.0005613848162970218
3.4906981396279257,PASSED,-0.29786889814837725,-1.801397090897328e-05,0.00010162758501730269,2.8280117431666296,9.899173370163542e-05,-0.000558491960856739
3.4916983396679337,PASSED,-0.29786891611174915,-1.7912663536708164e-05,0.00010109389709699439,2.828011841880308,9.843501595817223e-05,-0.0005555349318674848
3.4926985397079418,PASSED,-0.29786893397407904,-1.781188762483833e-05,0.00010056392171839686,2.828011940038739,9.788124307033021e-05,-0.0005525981918250334
3.4936987397479498,PASSED,-0.2978689517358969,-1.7711639984940467e-05,0.00010003678535084,2.82801203764483,9.733035477036156e-05,-0.000549748372064382
3.4946989397879578,PASSED,-0.2978689693977302,-1.7611918791860652e-05,9.951079823246072e-05,2.828012134701482,9.678235289107713e-05,-0.0005468375507644659
3.4956991398279658,PASSED,-0.29786898696010383,-1.7512721336995524e-05,9.898855928691181e-05,2.8280122312115794,9.623724922481285e-05,-0.0005439477432641489
3.4966993398679738,PASSED,-0.29786900442354025,-1.7414044822320822e-05,9.846848493322638e-05,2.8280123271779942,9.569499951711055e-05,-0.0005411176839943955
3.4976995399079818,PASSED,-0.29786902178855923,-1.731588694706009e-05,9.795080214572938e-05,2.828012422603581,9.515559060916252e-05,-0.0005382697239171345
3.4986997399479898,PASSED,-0.2978690390556782,-1.7218245310336826e-05,9.743552644162139e-05,2.8280125174911843,9.461903059208047e-05,-0.000535420212525333
3.4996999399879978,PASSED,-0.29786905622541204,-1.7121117336269347e-05,9.692293915138752e-05,2.828012611843632,9.40852909666144e-05,-0.0005326192340932318
3.500700140028006,PASSED,-0.2978690732982731,-1.7024500279398303e-05,9.641313535081748e-05,2.82801270566374,9.355435136537849e-05,-0.0005298198459976976
3.501700340068014,PASSED,-0.29786909027477143,-1.692839219109609e-05,9.590472360314066e-05,2.828012798954311,9.302621463705836e-05,-0.0005270146498684358
3.502700540108022,PASSED,-0.2978691071554144,-1.6832790255123134e-05,9.540007755283419e-05,2.8280128917181333,9.250086215430705e-05,-0.0005242443713398968
3.50370074014803,PASSED,-0.29786912394070697,-1.673769179305159e-05,9.489738508401625e-05,2.8280129839579837,9.197827284951577e-05,-0.0005214859270922041
3.504700940188038,PASSED,-0.29786914063115183,-1.6643095132158468e-05,9.439617809919855e-05,2.8280130756766217,9.145843846109513e-05,-0.0005187333626396105
3.505701140228046,PASSED,-0.29786915722724905,-1.6548997316982655e-05,9.389890656022411e-05,2.8280131668767954,9.094134756005223e-05,-0.000515995926645105
3.506701340268054,PASSED,-0.29786917372949634,-1.645539563460592e-05,9.340353292107768e-05,2.828013257561241,9.042698624707764e-05,-0.0005132715705275933
3.507701540308062,PASSED,-0.29786919013838903,-1.6362288373431624e-05,9.29097466764358e-05,2.8280133477326816,8.991533975882509e-05,-0.0005105631000691806
3.50870174034807,PASSED,-0.2978692064544201,-1.626967315097538e-05,9.24188729761107e-05,2.828013437393824,8.940639271544274e-05,-0.000507869672257779
3.509701940388078,PASSED,-0.29786922267807997,-1.6177546697421282e-05,9.19315072727586e-05,2.828013526547365,8.89001381535771e-05,-0.000505177821604208
3.510702140428086,PASSED,-0.2978692388098569,-1.6085907307735676e-05,9.144464462749956e-05,2.8280136151959847,8.839655609093632e-05,-0.0005025182233318453
3.511702340468094,PASSED,-0.2978692548502365,-1.5994752779601363e-05,9.096111713885314e-05,2.828013703342353,8.789563470048227e-05,-0.0004998568352021697
3.512702540508102,PASSED,-0.29786927079970243,-1.5904080347561072e-05,9.047997530791925e-05,2.828013790989132,8.739737635831766e-05,-0.0004971926801395893
3.51370274054811,PASSED,-0.2978692866587357,-1.5813887845690006e-05,9.000085291316199e-05,2.8280138781389588,8.690174397701678e-05,-0.0004945921820750588
3.514702940588118,PASSED,-0.29786930242781484,-1.5724172728913553e-05,8.952462601864864e-05,2.828013964794464,8.640872822062408e-05,-0.0004919648059378153
3.515703140628126,PASSED,-0.29786931810741646,-1.5634933079629474e-05,8.904966479436075e-05,2.828014050958269,8.591834209110893e-05,-0.0004893336785667172
3.516703340668134,PASSED,-0.29786933369801466,-1.5546166632957226e-05,8.8577634590837e-05,2.8280141366329796,8.543055114264076e-05,-0.000486762461735796
3.517703540708142,PASSED,-0.2978693492000812,-1.5457870274308396e-05,8.810884135416265e-05,2.8280142218211854,8.494533263651766e-05,-0.0004841892023813026
3.51870374074815,PASSED,-0.2978693646140856,-1.5370042597484713e-05,8.764023380336722e-05,2.8280143065254673,8.446269936063461e-05,-0.0004815959915508944
3.519703940788158,PASSED,-0.297869379940495,-1.528268105361119e-05,8.717575058696065e-05,2.8280143907483932,8.398263084748112e-05,-0.00047905019422189493
3.520704140828166,PASSED,-0.29786939517977434,-1.5195782780702482e-05,8.671328778987275e-05,2.82801447449252,8.350510282583099e-05,-0.00047651323993563437
3.521704340868174,PASSED,-0.2978694103323863,-1.5109346534976572e-05,8.625155101660147e-05,2.828014557760383,8.303010487740367e-05,-0.0004739877540884203
3.522704540908182,PASSED,-0.29786942539879135,-1.5023369716724622e-05,8.57936630755142e-05,2.8280146405545215,8.255764891874924e-05,-0.000471434761698456
3.52370474094819,PASSED,-0.29786944037944757,-1.4937849352073538e-05,8.533816570146678e-05,2.8280147228774464,8.208769529132415e-05,-0.00046896620457616197
3.524704940988198,PASSED,-0.29786945527481096,-1.4852784152686914e-05,8.488322184339609e-05,2.8280148047316653,8.162022974105224e-05,-0.00046646511406907705
3.525705141028206,PASSED,-0.2978694700853352,-1.4768171704433984e-05,8.443193252595186e-05,2.8280148861196723,8.115527042738204e-05,-0.0004639554467375877
3.526705341068214,PASSED,-0.2978694848114717,-1.468400930562091e-05,8.398270967115596e-05,2.8280149670439494,8.069278286890479e-05,-0.00046150896630371235
3.527705541108222,PASSED,-0.29786949945366975,-1.4600295159902398e-05,8.353510308341843e-05,2.828015047506964,8.023274438836867e-05,-0.0004590581566910577
3.5287057411482294,PASSED,-0.2978695140123765,-1.4517027152054226e-05,8.308994435800731e-05,2.8280151275111685,7.977516094366019e-05,-0.0004566003033867569
3.5297059411882374,PASSED,-0.2978695284880368,-1.4434202731112111e-05,8.264740533151997e-05,2.828015207059015,7.932002973293151e-05,-0.00045415181562328855
3.5307061412282454,PASSED,-0.29786954288109335,-1.4351819916154153e-05,8.220642137558375e-05,2.828015286152933,7.886731577536491e-05,-0.00045175538552881756
3.5317063412682534,PASSED,-0.2978695571919867,-1.4269876881701247e-05,8.176744317111984e-05,2.828015364795342,7.841700814802901e-05,-0.0004493424552072904
3.5327065413082614,PASSED,-0.2978695714211551,-1.4188370704419247e-05,8.1332000022587e-05,2.8280154429886517,7.796911582606183e-05,-0.0004469255664737578
3.5337067413482695,PASSED,-0.2978695855690349,-1.4107299718225997e-05,8.08969769736912e-05,2.828015520735259,7.752361387428257e-05,-0.0004445528753162809
3.5347069413882775,PASSED,-0.2978695996360602,-1.4026662221102276e-05,8.046451055707402e-05,2.8280155980375534,7.708048761612878e-05,-0.00044217518004545007
3.5357071414282855,PASSED,-0.2978696136226629,-1.394645519805414e-05,8.00353647088439e-05,2.8280156748978995,7.663972302990374e-05,-0.00043982419034476817
3.5367073414682935,PASSED,-0.2978696275292729,-1.3866676823699051e-05,7.960704745258529e-05,2.8280157513186706,7.620133067631367e-05,-0.0004374377957536297
3.5377075415083015,PASSED,-0.29786964135631777,-1.3787325641065398e-05,7.918060608769777e-05,2.828015827302209,7.576527476804208e-05,-0.0004351346499502312
3.5387077415483095,PASSED,-0.29786965510422325,-1.3708398683728123e-05,7.875785817032844e-05,2.828015902850856,7.533153996454842e-05,-0.0004328015725226159
3.5397079415883175,PASSED,-0.29786966877341287,-1.3629894036852731e-05,7.833583934543284e-05,2.8280159779669396,7.490014595833865e-05,-0.000430455628667856
3.5407081416283255,PASSED,-0.29786968236430805,-1.3551810187823314e-05,7.791585548540841e-05,2.828016052652776,7.44710587095776e-05,-0.00042817499548985485
3.5417083416683335,PASSED,-0.29786969587732803,-1.3474144430691892e-05,7.749902489543062e-05,2.8280161269106685,7.404425748106269e-05,-0.00042588538386495244
3.5427085417083415,PASSED,-0.2978697093128902,-1.3396894767602664e-05,7.70834218850934e-05,2.8280162007429084,7.361975046694419e-05,-0.0004235881009541885
3.5437087417483495,PASSED,-0.2978697226714099,-1.3320059768626146e-05,7.666938370413377e-05,2.8280162741517767,7.319752187191734e-05,-0.0004213222577419427
3.5447089417883575,PASSED,-0.2978697359533001,-1.3243636532434143e-05,7.625913785057944e-05,2.828016347139551,7.277756208270969e-05,-0.0004190514768514524
3.5457091418283655,PASSED,-0.297869749158972,-1.3167623370003758e-05,7.584917881692218e-05,2.8280164197084874,7.235985201059313e-05,-0.0004168158022933026
3.5467093418683735,PASSED,-0.2978697622888348,-1.3092018784443142e-05,7.544152338974456e-05,2.8280164918608324,7.194437916782508e-05,-0.00041457753641788647
3.5477095419083815,PASSED,-0.2978697753432957,-1.3016819928104821e-05,7.503707830403805e-05,2.8280165635988204,7.153113982793239e-05,-0.00041234720887589854
3.5487097419483895,PASSED,-0.29786978832275945,-1.2942024876582979e-05,7.463370033371276e-05,2.8280166349246816,7.112012699869116e-05,-0.0004101232428181292
3.5497099419883975,PASSED,-0.2978698012276294,-1.28676325038852e-05,7.42314876071563e-05,2.8280167058406307,7.071132111341938e-05,-0.00040792764690754705
3.5507101420284055,PASSED,-0.29786981405830654,-1.279364000424545e-05,7.383317432814859e-05,2.8280167763488704,7.030470912483787e-05,-0.0004057348830308001
3.5517103420684135,PASSED,-0.29786982681519,-1.2720045406524532e-05,7.34355466494305e-05,2.828016846451596,6.990029186252803e-05,-0.0004035388484958446
3.5527105421084215,PASSED,-0.2978698394986768,-1.2646847077000801e-05,7.304018477326288e-05,2.8280169161509865,6.949804679354647e-05,-0.0004013825493053665
3.5537107421484295,PASSED,-0.29786985210916217,-1.2574043040935374e-05,7.264660359353844e-05,2.828016985449215,6.90979655316107e-05,-0.0003992137370227018
3.5547109421884375,PASSED,-0.29786986464703935,-1.2501631185883842e-05,7.22553560235271e-05,2.828017054348444,6.870004970683339e-05,-0.000397050549947048
3.5557111422284455,PASSED,-0.2978698771126995,-1.2429609378621208e-05,7.186610808870462e-05,2.8280171228508206,6.830426996014665e-05,-0.00039493254451322587
3.5567113422684535,PASSED,-0.2978698895065319,-1.2357975911959072e-05,7.147837237775832e-05,2.8280171909584855,6.791062190630749e-05,-0.0003927917267231031
3.5577115423084615,PASSED,-0.297869901828924,-1.2286729137689932e-05,7.10923755300621e-05,2.8280172586735652,6.751910298390058e-05,-0.0003906703861961211
3.5587117423484695,PASSED,-0.2978699140802612,-1.2215866750222422e-05,7.07090620924762e-05,2.828017325998183,6.712969980381098e-05,-0.00038855837601860634
3.5597119423884775,PASSED,-0.2978699262609271,-1.2145386786518548e-05,7.032723144480612e-05,2.828017392934441,6.674238912051685e-05,-0.0003864788881444912
3.5607121424284855,PASSED,-0.2978699383713032,-1.2075287444014361e-05,6.994741654377187e-05,2.8280174594844385,6.635717432251762e-05,-0.00038437207123571775
3.5617123424684936,PASSED,-0.2978699504117692,-1.2005567036534044e-05,6.956906810467725e-05,2.8280175256502615,6.597404637659353e-05,-0.0003822985290496633
3.5627125425085016,PASSED,-0.29786996238270314,-1.1936223579094656e-05,6.919305032919566e-05,2.8280175914339902,6.559298775719093e-05,-0.0003802320129712027
3.5637127425485096,PASSED,-0.2978699742844807,-1.1867254979303429e-05,6.881896609925079e-05,2.8280176568376807,6.52139759131167e-05,-0.0003781983981429099
3.5647129425885176,PASSED,-0.2978699861174761,-1.1798659535887321e-05,6.844642829401286e-05,2.828017721863399,6.483703214691506e-05,-0.0003761073449074807
3.5657131426285256,PASSED,-0.29786999788206153,-1.1730435373159346e-05,6.807598568394931e-05,2.8280177865131866,6.446213095529174e-05,-0.000374097089433872
3.5667133426685336,PASSED,-0.2978700095786072,-1.1662580464891181e-05,6.77075233243081e-05,2.8280178507890765,6.408923811718035e-05,-0.0003720900038964145
3.5677135427085416,PASSED,-0.29787002120748185,-1.1595093494608273e-05,6.733993492197541e-05,2.828017914693095,6.371837909356921e-05,-0.00037003837008763165
3.5687137427485496,PASSED,-0.297870032769052,-1.1527972132367572e-05,6.697564711985063e-05,2.8280179782272588,6.334953912099166e-05,-0.00036804104090417544
3.5697139427885576,PASSED,-0.2978700442636825,-1.146121446247129e-05,6.661235174723794e-05,2.828018041393573,6.29826848049183e-05,-0.00036606316618614224
3.5707141428285656,PASSED,-0.29787005569173636,-1.1394819065881352e-05,6.625075981840491e-05,2.8280181041940295,6.261781909583983e-05,-0.000364067404339996
3.5717143428685736,PASSED,-0.29787006705357477,-1.1328783965262728e-05,6.589132781876924e-05,2.828018166630613,6.225494098360175e-05,-0.0003620852508368284
3.5727145429085816,PASSED,-0.2978700783495571,-1.1263107343133372e-05,6.553348500308037e-05,2.8280182287052997,6.18940305316042e-05,-0.00036012725277136495
3.5737147429485896,PASSED,-0.29787008958004085,-1.1197787296449794e-05,6.517775447057697e-05,2.8280182904200575,6.153508223079178e-05,-0.0003581623328397813
3.5747149429885976,PASSED,-0.29787010074538195,-1.1132822229548868e-05,6.482327518782789e-05,2.8280183517768367,6.117807934892725e-05,-0.00035622991454770054
3.5757151430286056,PASSED,-0.2978701118459343,-1.1068210315973685e-05,6.44710058334177e-05,2.8280184127775843,6.0823016009763126e-05,-0.0003542856222417519
3.5767153430686136,PASSED,-0.2978701228820502,-1.1003949659393456e-05,6.412042374476983e-05,2.828018473424239,6.046989614140705e-05,-0.0003523426990989541
3.5777155431086216,PASSED,-0.2978701338540801,-1.0940038658384496e-05,6.377138585175263e-05,2.8280185337187205,6.011868156989334e-05,-0.00035046248645687864
3.5787157431486296,PASSED,-0.2978701447623727,-1.0876475415145811e-05,6.342448149664259e-05,2.828018593662949,5.9769379220621664e-05,-0.00034852892448153545
3.5797159431886376,PASSED,-0.297870155607275,-1.0813258166140314e-05,6.307909401139707e-05,2.8280186532588316,5.942199499523954e-05,-0.00034662109264918013
3.5807161432286456,PASSED,-0.2978701663891321,-1.0750385491735616e-05,6.273506133356627e-05,2.8280187125082645,5.9076490009923745e-05,-0.0003447609137602021
3.5817163432686536,PASSED,-0.2978701771082875,-1.0687855363193367e-05,6.239350668137261e-05,2.8280187714131344,5.873286208887905e-05,-0.0003428725925676884
3.5827165433086616,PASSED,-0.29787018776508306,-1.0625665921131549e-05,6.205339898211438e-05,2.8280188299753193,5.8391121584693665e-05,-0.00034098577859718307
3.5837167433486696,PASSED,-0.29787019835985873,-1.0563815957234015e-05,6.17143405078111e-05,2.828018888196689,5.8051240216988245e-05,-0.00033914509377757545
3.5847169433886776,PASSED,-0.29787020889295274,-1.050230316613118e-05,6.137842483284866e-05,2.828018946079101,5.77132048922146e-05,-0.00033729547877102775
3.5857171434286856,PASSED,-0.29787021936470187,-1.0441126193481167e-05,6.104267119479042e-05,2.828019003624404,5.737702132051716e-05,-0.0003354423003150481
3.5867173434686936,PASSED,-0.29787022977544086,-1.0380283517055536e-05,6.070934657952182e-05,2.828019060834445,5.7042683477508334e-05,-0.00033360153813799954
3.5877175435087016,PASSED,-0.29787024012550306,-1.0319772973703566e-05,6.03780078669352e-05,2.8280191177110474,5.671015471348116e-05,-0.0003318135812866255
3.5887177435487096,PASSED,-0.29787025041522003,-1.0259593203487756e-05,6.0047611781726884e-05,2.8280191742560365,5.6379445706359004e-05,-0.0003299726243458454
3.5897179435887177,PASSED,-0.2978702606449215,-1.0199742500710753e-05,5.971943010718625e-05,2.8280192304712255,5.605056075866698e-05,-0.00032815982992281457
3.5907181436287257,PASSED,-0.29787027081493583,-1.0140219143806344e-05,5.939264143589187e-05,2.828019286358416,5.5723459246728043e-05,-0.0003263959666163488
3.5917183436687337,PASSED,-0.2978702809255895,-1.0081021418059674e-05,5.906778195385438e-05,2.8280193419194055,5.539814865897535e-05,-0.00032458700184359053
3.5927185437087417,PASSED,-0.2978702909772074,-1.0022148004821621e-05,5.874383409418346e-05,2.8280193971559746,5.5074626110421825e-05,-0.0003228129130268184
3.5937187437487497,PASSED,-0.2978703009701128,-9.963596962609088e-06,5.8422514291435994e-05,2.828019452069904,5.475287102512304e-05,-0.00032104986681342064
3.5947189437887577,PASSED,-0.2978703109046273,-9.905366497518261e-06,5.810243229042047e-05,2.82801950666296,5.4432878985678964e-05,-0.00031928682119784936
3.5957191438287657,PASSED,-0.2978703207810709,-9.847455358303038e-06,5.778361049842611e-05,2.828019560936899,5.411464101709243e-05,-0.00031753873351232236
3.5967193438687737,PASSED,-0.297870330599762,-9.789861821684928e-06,5.74668206978994e-05,2.8280196148934738,5.3798150527815075e-05,-0.00031579165978737816
3.5977195439087817,PASSED,-0.29787034036101734,-9.732584269657335e-06,5.7151372914054815e-05,2.828019668534423,5.348339476490252e-05,-0.0003140651649960095
3.5987197439487897,PASSED,-0.29787035006515195,-9.675620795945269e-06,5.683820757740758e-05,2.82801972186148,5.317036511417658e-05,-0.00031233930787923395
3.5997199439887977,PASSED,-0.29787035971247955,-9.61897026500365e-06,5.652541318442736e-05,2.828019774876364,5.285905128611896e-05,-0.00031063017484320773
3.6007201440288057,PASSED,-0.29787036930331207,-9.5626310811593e-06,5.6215030950965094e-05,2.8280198275807935,5.254945456860742e-05,-0.00030890774595708395
3.6017203440688137,PASSED,-0.2978703788379598,-9.506601115665806e-06,5.590658852184916e-05,2.828019879976473,5.224155860179225e-05,-0.0003072214473872277
3.6027205441088217,PASSED,-0.2978703883167317,-9.450879410619562e-06,5.559844939583916e-05,2.828019932065097,5.193534587492212e-05,-0.0003055402465253957
3.6037207441488297,PASSED,-0.2978703977399348,-9.39546421760379e-06,5.5293022095725505e-05,2.8280199838483573,5.163082687493377e-05,-0.0003038381689636474
3.6047209441888377,PASSED,-0.2978704071078749,-9.340353574083393e-06,5.4989057803513805e-05,2.8280200353279312,5.1327981707517895e-05,-0.00030218316638403256
3.6057211442288457,PASSED,-0.297870416420856,-9.285546460907602e-06,5.468581675731027e-05,2.828020086505492,5.102679798992903e-05,-0.000300517418392093
3.6067213442688537,PASSED,-0.29787042567918076,-9.231041369700737e-06,5.438460750656602e-05,2.8280201373826976,5.072727425431171e-05,-0.00029886128043412886
3.6077215443088617,PASSED,-0.29787043488315024,-9.176836178962805e-06,5.408557955884478e-05,2.8280201879612084,5.042940714509585e-05,-0.00029720432840367987
3.6087217443488697,PASSED,-0.2978704440330638,-9.122929723958179e-06,5.378703863514851e-05,2.828020238242667,5.013317655722132e-05,-0.00029558142752175953
3.6097219443888777,PASSED,-0.2978704531292195,-9.069320842568876e-06,5.349010989207088e-05,2.828020288228713,4.9838579005999063e-05,-0.00029394163368924874
3.6107221444288857,PASSED,-0.2978704621719137,-9.016007230353618e-06,5.3195947097384664e-05,2.8280203379209685,4.954560266091843e-05,-0.0002923328193415476
3.6117223444688937,PASSED,-0.29787047116144144,-8.962987944935189e-06,5.290151096579207e-05,2.8280203873210645,4.925425332409371e-05,-0.0002906936818135101
3.6127225445089017,PASSED,-0.2978704800980961,-8.910261469660001e-06,5.2609784814784636e-05,2.828020436430604,4.896450395129782e-05,-0.0002891198334508037
3.6137227445489097,PASSED,-0.29787048898216956,-8.857826002286285e-06,5.23192557463357e-05,2.8280204852512,4.86763553855611e-05,-0.00028750105392733255
3.6147229445889177,PASSED,-0.29787049781395225,-8.805680101743261e-06,5.203033040748307e-05,2.8280205337844406,4.838980182619042e-05,-0.0002859218963329111
3.6157231446289257,PASSED,-0.2978705065937332,-8.753822707386778e-06,5.174210365581592e-05,2.828020582031918,4.810482914944566e-05,-0.00028433986368599
3.6167233446689337,PASSED,-0.29787051532179976,-8.702251849729687e-06,5.145669365793867e-05,2.8280206299952106,4.782143393487537e-05,-0.00028276544849314066
3.6177235447089418,PASSED,-0.29787052399843816,-8.650966463503704e-06,5.117118127134771e-05,2.8280206776758936,4.753960966094148e-05,-0.00028119682422773234
3.6187237447489498,PASSED,-0.29787053262393265,-8.59996463690795e-06,5.088892347869148e-05,2.828020725075524,4.725933595702265e-05,-0.00027965829037957115
3.6197239447889578,PASSED,-0.2978705411985665,-8.54924517042619e-06,5.060649515047159e-05,2.828020772195659,4.698061411747065e-05,-0.0002780975390002823
3.6207241448289658,PASSED,-0.2978705497226212,-8.498806885951974e-06,5.0326144023375846e-05,2.8280208190378517,4.670345185045902e-05,-0.00027653875235251834
3.6217243448689738,PASSED,-0.2978705581963771,-8.448647730923305e-06,5.0047829032198255e-05,2.828020865603635,4.642780877590856e-05,-0.00027504595601575833
3.6227245449089818,PASSED,-0.2978705666201128,-8.398766687684962e-06,4.976985270910552e-05,2.8280209118945456,4.615369379188706e-05,-0.0002734943360253201
3.6237247449489898,PASSED,-0.2978705749941057,-8.34916246831524e-06,4.9493797143467414e-05,2.8280209579121056,4.5881114046899166e-05,-0.0002719700176296186
3.6247249449889978,PASSED,-0.29787058331863164,-8.29983326071106e-06,4.921948124465649e-05,2.8280210036578315,4.561003330976395e-05,-0.00027048788347228765
3.625725145029006,PASSED,-0.2978705915939651,-8.250777658201393e-06,4.894635001967212e-05,2.82802104913323,4.534045306956147e-05,-0.00026897514468926883
3.626725345069014,PASSED,-0.29787059982037917,-8.201994608469193e-06,4.867418287388637e-05,2.8280210943398028,4.5072382974589356e-05,-0.0002674667284940115
3.627725545109022,PASSED,-0.2978706079981455,-8.153482733903505e-06,4.840366902689116e-05,2.828021139279044,4.480579714912623e-05,-0.00026599855677586574
3.62872574514903,PASSED,-0.2978706161275343,-8.10523993022327e-06,4.8135560115797946e-05,2.828021183952433,4.454067930948824e-05,-0.0002645306948793981
3.629725945189038,PASSED,-0.29787062420881455,-8.057265497372172e-06,4.786701467462914e-05,2.8280212283614556,4.427705611242414e-05,-0.00026301819852056593
3.630726145229046,PASSED,-0.29787063224225363,-8.009558056646494e-06,4.760105809304442e-05,2.8280212725075775,4.4014894501708526e-05,-0.00026159055217898187
3.631726345269054,PASSED,-0.29787064022811766,-7.962115743565756e-06,4.7336483072535805e-05,2.8280213163922614,4.3754175512648206e-05,-0.0002601379469812175
3.632726545309062,PASSED,-0.29787064816667147,-7.914937679530775e-06,4.707245134327934e-05,2.82802136001696,4.3494919610087184e-05,-0.00025866787294754804
3.63372674534907,PASSED,-0.29787065605817825,-7.868022117238438e-06,4.681096959170634e-05,2.828021403383123,4.323711280897933e-05,-0.00025723275321471535
3.634726945389078,PASSED,-0.29787066390290007,-7.821367964961945e-06,4.654960739968295e-05,2.8280214464921896,4.298072992628801e-05,-0.00025581630234239387
3.635727145429086,PASSED,-0.29787067170109766,-7.774974079734626e-06,4.6290070445741436e-05,2.828021489345595,4.272578341512491e-05,-0.0002543666503769167
3.636727345469094,PASSED,-0.2978706794530303,-7.728838498348255e-06,4.6032588680125536e-05,2.828021531944759,4.2472257870554645e-05,-0.00025296480736583093
3.637727545509102,PASSED,-0.297870687158956,-7.682960167565104e-06,4.5775492185170856e-05,2.828021574291104,4.2220142607162426e-05,-0.0002515489007431477
3.63872774554911,PASSED,-0.2978706948191313,-7.637338056143173e-06,4.551985757977133e-05,2.828021616386035,4.196943341816269e-05,-0.0002501493811707946
3.639727945589118,PASSED,-0.2978707024338116,-7.59197042906063e-06,4.526614008438933e-05,2.8280216582309583,4.172012507704354e-05,-0.00024874764775139425
3.640728145629126,PASSED,-0.29787071000325077,-7.546856149654234e-06,4.50130389544016e-05,2.828021699827271,4.147221407877744e-05,-0.0002473532319425658
3.641728345669134,PASSED,-0.29787071752770156,-7.501993919748213e-06,4.476169054043282e-05,2.828021741176359,4.1225681674367783e-05,-0.00024598518605439113
3.642728545709142,PASSED,-0.2978707250074154,-7.457382505306953e-06,4.451123037514404e-05,2.828021782279601,4.098052128841919e-05,-0.0002446105192114058
3.64372874574915,PASSED,-0.2978707324426422,-7.4130202825468365e-06,4.426288435009817e-05,2.828021823138382,4.073675226871007e-05,-0.00024320802004091716
3.644728945789158,PASSED,-0.2978707398336309,-7.368906208288144e-06,4.401486753108812e-05,2.828021863754056,4.049432789469439e-05,-0.00024190194333219034
3.645729145829166,PASSED,-0.2978707471806288,-7.325039154413233e-06,4.376851143745836e-05,2.828021904127989,4.025325496530138e-05,-0.00024052025343354334
3.646729345869174,PASSED,-0.29787075448388217,-7.281417430253124e-06,4.3523865975209655e-05,2.8280219442615353,4.001355643748523e-05,-0.0002391507107378931
3.647729545909182,PASSED,-0.2978707617436359,-7.238040044812595e-06,4.32797317507415e-05,2.828021984156039,3.9775185582187514e-05,-0.00023785095167092344
3.64872974594919,PASSED,-0.2978707689601337,-7.19490580851297e-06,4.303723933221352e-05,2.828022023812836,3.953813543668296e-05,-0.00023651627472697864
3.649729945989198,PASSED,-0.29787077613361784,-7.152013134180394e-06,4.2796297666151244e-05,2.828022063233263,3.9302438063477566e-05,-0.0002351514388576773
3.650730146029206,PASSED,-0.2978707832643295,-7.109360906193923e-06,4.2556181533351275e-05,2.828022102418643,3.9068059024856454e-05,-0.0002338641051300721
3.651730346069214,PASSED,-0.29787079035250846,-7.0669480415970085e-06,4.2317319972623485e-05,2.828022141370293,3.883497451236134e-05,-0.0002325647840718077
3.652730546109222,PASSED,-0.2978707973983934,-7.024773111618334e-06,4.2080003316042065e-05,2.8280221800895267,3.8603217676043304e-05,-0.0002312182044821748
3.65373074614923,PASSED,-0.2978708044022217,-6.982834958479057e-06,4.184358635476608e-05,2.828022218577648,3.837276379394655e-05,-0.00022994433383980746
3.654730946189238,PASSED,-0.29787081136422944,-6.941132253852867e-06,4.1608783473805715e-05,2.828022256835952,3.814358314901775e-05,-0.00022867151898812497
3.655731146229246,PASSED,-0.29787081828465156,-6.899663898524309e-06,4.137473656506003e-05,2.828022294865731,3.79157044910034e-05,-0.00022735008403184103
3.656731346269254,PASSED,-0.2978708251637216,-6.85842859605174e-06,4.1142346410907175e-05,2.8280223326682687,3.768911218706746e-05,-0.00022608711720533445
3.657731546309262,PASSED,-0.29787083200167214,-6.817425083169366e-06,4.091095719668685e-05,2.828022370244841,3.7463775431549365e-05,-0.00022483651439327235
3.65873174634927,PASSED,-0.29787083879873444,-6.776652253527697e-06,4.068074460499109e-05,2.828022407596722,3.7239720199737325e-05,-0.00022353437675789328
3.659731946389278,PASSED,-0.29787084555513843,-6.736108842020008e-06,4.045185610948683e-05,2.828022444725177,3.7016933915141516e-05,-0.00022228755648774593
3.660732146429286,PASSED,-0.29787085227111304,-6.695793750364194e-06,4.022391535336477e-05,2.828022481631457,3.679537664617762e-05,-0.00022107041061466369
3.661732346469294,PASSED,-0.29787085894688586,-6.655705452157431e-06,3.99978867756957e-05,2.82802251831682,3.657508401889424e-05,-0.00021977410506254005
3.662732546509302,PASSED,-0.2978708655826833,-6.615843072855586e-06,3.977204098594432e-05,2.828022554782504,3.6356036861885007e-05,-0.0002185625249736917
3.66373274654931,PASSED,-0.2978708721787307,-6.576205729987203e-06,3.9547544123341564e-05,2.8280225910297516,3.613820792923102e-05,-0.00021733987110751751
3.664732946589318,PASSED,-0.29787087873525203,-6.536791339305145e-06,3.932562172120134e-05,2.828022627059793,3.592161773881649e-05,-0.00021609040328587182
3.665733146629326,PASSED,-0.29787088525247024,-6.497599497507466e-06,3.9102655181998044e-05,2.8280226628738516,3.570625248540877e-05,-0.00021488182015563556
3.666733346669334,PASSED,-0.29787089173060716,-6.45862912336995e-06,3.888218677452775e-05,2.8280226984731494,3.5492094946307325e-05,-0.00021367468506532097
3.667733546709342,PASSED,-0.29787089816988327,-6.419878212253811e-06,3.866339401054553e-05,2.8280227338588912,3.527914203619692e-05,-0.00021247172680714468
3.66873374674935,PASSED,-0.29787090457051796,-6.381346330921139e-06,3.8444206214089803e-05,2.828022769032291,3.5067406122156034e-05,-0.00021124537219670506
3.669733946789358,PASSED,-0.2978709109327296,-6.343032475133791e-06,3.822695550285412e-05,2.8280228039945445,3.485686131667098e-05,-0.0002100777610106243
3.670734146829366,PASSED,-0.29787091725673526,-6.304934704169148e-06,3.801164793916835e-05,2.8280228387468456,3.464749652642469e-05,-0.00020888947640340606
3.671734346869374,PASSED,-0.29787092354275085,-6.267052362991493e-06,3.779613666997951e-05,2.828022873290379,3.443932529640749e-05,-0.00020769239909305617
3.672734546909382,PASSED,-0.29787092979099133,-6.22938465842861e-06,3.758208315815299e-05,2.8280229076263277,3.4232333230868186e-05,-0.00020652517650347264
3.67373474694939,PASSED,-0.29787093600167036,-6.191929892918472e-06,3.736988707812878e-05,2.8280229417558664,3.402650594300142e-05,-0.00020536202877564057
3.674734946989398,PASSED,-0.29787094217500054,-6.154687079038707e-06,3.715809841418896e-05,2.828022975680162,3.382184483257972e-05,-0.00020419383151907305
3.675735147029406,PASSED,-0.2978709483111933,-6.1176553690912755e-06,3.694745096959247e-05,2.828023009400376,3.361834571160671e-05,-0.0002030359806089705
3.676735347069414,PASSED,-0.29787095441045913,-6.080833366692122e-06,3.673837001886068e-05,2.8280230429176667,3.341600042799786e-05,-0.00020188481894210038
3.677735547109422,PASSED,-0.2978709604730071,-6.044219827180619e-06,3.6530319173264245e-05,2.8280230762331833,3.3214798591859996e-05,-0.0002007465142683755
3.67873574714943,PASSED,-0.29787096649904554,-6.007814311225841e-06,3.632231380912182e-05,2.8280231093480666,3.301473451691636e-05,-0.00019960911539381368
3.679735947189438,PASSED,-0.2978709724887813,-5.971615227629072e-06,3.6116930121867884e-05,2.828023142263457,3.28158120120726e-05,-0.00019846476447703842
3.680736147229446,PASSED,-0.29787097844242055,-5.9356212910518255e-06,3.5911940880831846e-05,2.8280231749804896,3.2618022728529635e-05,-0.00019733896292026818
3.681736347269454,PASSED,-0.297870984360168,-5.899831848068984e-06,3.570777771751379e-05,2.828023207500283,3.242134015192086e-05,-0.00019624498573444883
3.682736547309462,PASSED,-0.2978709902422275,-5.864245599239543e-06,3.5505229570725555e-05,2.8280232398239624,3.222578308126117e-05,-0.00019509846060984347
3.68373674734947,PASSED,-0.29787099608880185,-5.828861629272341e-06,3.5303130231519684e-05,2.828023271952642,3.203134986758281e-05,-0.0001939897157240461
3.684736947389478,PASSED,-0.2978710019000925,-5.793678689512962e-06,3.5102812777952516e-05,2.828023303887423,3.183799520456469e-05,-0.00019293129454749127
3.685737147429486,PASSED,-0.2978710076763002,-5.758695772445166e-06,3.490298659435747e-05,2.8280233356294175,3.1645756097479026e-05,-0.00019177764877778024
3.686737347469494,PASSED,-0.29787101341762434,-5.723911873285395e-06,3.470450753671293e-05,2.828023367179715,3.145461953273131e-05,-0.00019070917539433285
3.687737547509502,PASSED,-0.2978710191242635,-5.689325884522239e-06,3.4506976247451156e-05,2.828023398539409,3.1264550006559256e-05,-0.00018964309335719947
3.68873774754951,PASSED,-0.2978710247964151,-5.6549368504492226e-06,3.431040595672822e-05,2.8280234297095834,3.10755718951426e-05,-0.0001885347901229562
3.689737947589518,PASSED,-0.2978710304342753,-5.620743566941708e-06,3.4115201874707124e-05,2.828023460691319,3.088767925107835e-05,-0.0001874645466917876
3.690738147629526,PASSED,-0.29787103603803966,-5.5867451078759105e-06,3.392063052652441e-05,2.828023491485684,3.0700838198406267e-05,-0.00018642538999227314
3.691738347669534,PASSED,-0.2978710416079023,-5.552940453136361e-06,3.372733754823313e-05,2.8280235220937517,3.051507153395621e-05,-0.0001853275140885743
3.692738547709542,PASSED,-0.2978710471440566,-5.519328690422495e-06,3.353471282428642e-05,2.828023552516581,3.0330372380752487e-05,-0.00018428024594715513
3.69373874774955,PASSED,-0.2978710526466947,-5.4859083588254085e-06,3.3344077445619794e-05,2.828023582755228,3.0146710705073913e-05,-0.00018324929549951908
3.694738947789558,PASSED,-0.29787105811600784,-5.452678812272614e-06,3.315319262424365e-05,2.82802361281075,2.996411093359449e-05,-0.00018216675546602756
3.695739147829566,PASSED,-0.29787106355218623,-5.4196391605228035e-06,3.2963957833521715e-05,2.828023642684182,2.9782547309709493e-05,-0.00018116153616431376
3.696739347869574,PASSED,-0.2978710689554191,-5.38678794089871e-06,3.277606081780732e-05,2.828023672376571,2.96020154135195e-05,-0.00018011213620711897
3.697739547909582,PASSED,-0.2978710743258945,-5.354124379997788e-06,3.258856095633288e-05,2.8280237018889487,2.942252718040313e-05,-0.00017907229772253294
3.69873974794959,PASSED,-0.2978710796637997,-5.3216478067524905e-06,3.240191477127217e-05,2.82802373122234,2.9244051365259587e-05,-0.00017807816009087808
3.699739947989598,PASSED,-0.29787108496932085,-5.289356668972683e-06,3.221728645216412e-05,2.8280237603777745,2.906660299857153e-05,-0.0001770285044195128
3.700740148029606,PASSED,-0.2978710902426432,-5.257250204212479e-06,3.2032583632230714e-05,2.8280237893562683,2.8890179128909798e-05,-0.00017602077982320917
3.701740348069614,PASSED,-0.2978710954839508,-5.22532747118399e-06,3.1849499292659924e-05,2.8280238181588295,2.871474335469924e-05,-0.00017504577046878933
3.702740548109622,PASSED,-0.2978711006934271,-5.193587706084527e-06,3.166660897066399e-05,2.828023846786468,2.8540320033789682e-05,-0.00017400835453673422
3.70374074814963,PASSED,-0.29787110587125415,-5.162029388737003e-06,3.1486122932098023e-05,2.8280238752401883,2.8366914756585898e-05,-0.00017300322564848817
3.704740948189638,PASSED,-0.2978711110176133,-5.130651846602477e-06,3.1305154936144676e-05,2.8280239035209784,2.8194473622019338e-05,-0.00017206640717860457
3.705741148229646,PASSED,-0.2978711161326849,-5.099454431305751e-06,3.112558887044513e-05,2.8280239316298386,2.802303323312618e-05,-0.00017102304336952357
3.706741348269654,PASSED,-0.2978711212166482,-5.068435733932305e-06,3.094743637544808e-05,2.8280239595677465,2.7852585589537964e-05,-0.00017006404373401285
3.707741548309662,PASSED,-0.2978711262696817,-5.037594801910559e-06,3.0769929119278e-05,2.8280239873356883,2.7683100998382284e-05,-0.00016909828943679242
3.70874174834967,PASSED,-0.29787113129196274,-5.006930958975467e-06,3.05931188123013e-05,2.828024014934635,2.7514591155992374e-05,-0.00016811754435865742
3.709741948389678,PASSED,-0.2978711362836678,-4.976443158010776e-06,3.0417589066283592e-05,2.8280240423655583,2.7347055835866093e-05,-0.00016714717063802967
3.710742148429686,PASSED,-0.2978711412449725,-4.9461305042712865e-06,3.024269685496128e-05,2.828024069629421,2.718047560742287e-05,-0.00016620226698001953
3.711742348469694,PASSED,-0.29787114617605126,-4.915991572596802e-06,3.006975488749877e-05,2.8280240967271877,2.7014858120642936e-05,-0.000165227633313213
3.712742548509702,PASSED,-0.297871151077078,-4.886026247952069e-06,2.989570448288941e-05,2.828024123659805,2.685018696546251e-05,-0.0001643001697585726
3.71374274854971,PASSED,-0.2978711559482253,-4.856233251523178e-06,2.9724524392891213e-05,2.82802415042823,2.6686464997748475e-05,-0.00016333649968434488
3.714742948589718,PASSED,-0.29787116078966497,-4.826611120196779e-06,2.9553869282071184e-05,2.828024177033401,2.6523686765835932e-05,-0.0001624060533980081
3.715743148629726,PASSED,-0.297871165601568,-4.7971599228631635e-06,2.9382749367978773e-05,2.828024203476259,2.6361838303274542e-05,-0.00016147673533697802
3.716743348669734,PASSED,-0.29787117038410427,-4.767878062682985e-06,2.921460072164612e-05,2.8280242297577374,2.620092519552234e-05,-0.000160537356029019
3.717743548709742,PASSED,-0.2978711751374428,-4.738764556506371e-06,2.904610981325927e-05,2.8280242558787676,2.6040945178615708e-05,-0.000159608457491708
3.71874374874975,PASSED,-0.2978711798617519,-4.709819192107356e-06,2.887820078951739e-05,2.8280242818402725,2.588187863651564e-05,-0.00015870526517230627
3.719743948789758,PASSED,-0.29787118455719863,-4.6810403781517725e-06,2.871255606629331e-05,2.8280243076431697,2.572372671820045e-05,-0.0001577830204104484
3.720744148829766,PASSED,-0.29787118922394956,-4.65242736712577e-06,2.8546647665807796e-05,2.8280243332883743,2.5566494233553533e-05,-0.0001568654608045634
3.721744348869774,PASSED,-0.2978711938621699,-4.623979522903915e-06,2.838197525922112e-05,2.8280243587767955,2.541016491818382e-05,-0.00015597188507981098
3.722744548909782,PASSED,-0.2978711984720244,-4.595695848123173e-06,2.8218141128423326e-05,2.828024384109338,2.525473532184105e-05,-0.00015506807051808122
3.72374474894979,PASSED,-0.29787120305367665,-4.567575319250279e-06,2.8055454035874993e-05,2.828024409286901,2.5100206312746503e-05,-0.0001541696348121938
3.724744948989798,PASSED,-0.2978712076072895,-4.539617207974487e-06,2.7893216102403003e-05,2.828024434310381,2.4946571536609114e-05,-0.0001532782036875175
3.725745149029806,PASSED,-0.2978712121330249,-4.511820639411317e-06,2.7732136870347038e-05,2.8280244591806625,2.479381341547311e-05,-0.00015241139943499571
3.726745349069814,PASSED,-0.2978712166310438,-4.4841843870052e-06,2.7572329429964688e-05,2.8280244838986364,2.46419482500573e-05,-0.0001515010094030224
3.727745549109822,PASSED,-0.2978712211015065,-4.456708119935263e-06,2.7412225496585794e-05,2.8280245084651803,2.44909638230769e-05,-0.00015064003869865025
3.72874574914983,PASSED,-0.29787122554457224,-4.429390902689929e-06,2.7253878411166577e-05,2.82802453288117,2.434083939284906e-05,-0.00014978069124730537
3.729745949189838,PASSED,-0.29787122996039955,-4.402231435721443e-06,2.7096526006697908e-05,2.8280245571474754,2.4191588819566868e-05,-0.0001488971613054498
3.730746149229846,PASSED,-0.2978712343491459,-4.375229082073088e-06,2.693957207612497e-05,2.8280245812649634,2.404321016326508e-05,-0.00014803298629934497
3.731746349269854,PASSED,-0.2978712387109682,-4.34838348994834e-06,2.6782938823831808e-05,2.828024605234498,2.389568589641059e-05,-0.00014718512055792322
3.732746549309862,PASSED,-0.2978712430460223,-4.321693118922012e-06,2.6628659161325288e-05,2.82802462905693,2.3749005810184337e-05,-0.0001463433966718025
3.73374674934987,PASSED,-0.29787124735446324,-4.295157120186064e-06,2.6474225119029593e-05,2.828024652733118,2.3603189711601037e-05,-0.00014546456652430074
3.734746949389878,PASSED,-0.29787125163644523,-4.26877527134934e-06,2.6320264648519657e-05,2.8280246762639036,2.345821470512719e-05,-0.00014464863310687662
3.735747149429886,PASSED,-0.29787125589212177,-4.242546478395866e-06,2.6167811823443707e-05,2.8280246996501366,2.3314076993038553e-05,-0.00014379709807647517
3.736747349469894,PASSED,-0.2978712601216453,-4.216469480436521e-06,2.6016455383278876e-05,2.828024722892647,2.3170775246962197e-05,-0.00014297151140960443
3.737747549509902,PASSED,-0.2978712643251676,-4.190543995113903e-06,2.586483861551263e-05,2.8280247459922747,2.3028308059566277e-05,-0.0001421309713867953
3.73874774954991,PASSED,-0.29787126850283957,-4.164769199383517e-06,2.5714767140301033e-05,2.828024768949847,2.2886668917238018e-05,-0.00014131125628923482
3.739747949589918,PASSED,-0.29787127265481134,-4.13914388158447e-06,2.5565684904877326e-05,2.8280247917661914,2.2745851153878688e-05,-0.00014048876807272838
3.740748149629926,PASSED,-0.2978712767812322,-4.11366746456327e-06,2.54169050987476e-05,2.8280248144421214,2.260584389481453e-05,-0.00013968625305844248
3.741748349669934,PASSED,-0.29787128088225057,-4.088338986101243e-06,2.5269527370880287e-05,2.8280248369784595,2.2466660462383583e-05,-0.00013884821867928297
3.742748549709942,PASSED,-0.2978712849580141,-4.063157854619275e-06,2.512220088936042e-05,2.8280248593760167,2.2328290296032008e-05,-0.00013805146479977084
3.74374874974995,PASSED,-0.29787128900866977,-4.0381234802634814e-06,2.497582333341668e-05,2.828024881635596,2.2190707996755792e-05,-0.00013726952226051698
3.744748949789958,PASSED,-0.29787129303436355,-4.013234445873826e-06,2.4831175093815664e-05,2.828024903758002,2.2053934754931425e-05,-0.0001364423882002656
3.745749149829966,PASSED,-0.2978712970352408,-3.988490300327303e-06,2.4686125848328727e-05,2.8280249257440384,2.191797359725929e-05,-0.00013564033732004494
3.746749349869974,PASSED,-0.2978713010114459,-3.963890452544591e-06,2.4542329072299805e-05,2.8280249475944896,2.1782776711790302e-05,-0.00013490125090161704
3.747749549909982,PASSED,-0.29787130496312253,-3.939433661488274e-06,2.4399765712328943e-05,2.82802496931015,2.1648373867558592e-05,-0.00013407057311843498
3.74874974994999,PASSED,-0.29787130889041374,-3.915119558351009e-06,2.4256994753889598e-05,2.82802499089181,2.1514782373429373e-05,-0.00013327210813640685
3.749749949989998,PASSED,-0.29787131279346163,-3.890947257733123e-06,2.4115837860550958e-05,2.8280250123402384,2.1381930697721813e-05,-0.00013257138742166168
3.7507501500300062,PASSED,-0.29787131667240746,-3.866915678493285e-06,2.3975406826030122e-05,2.8280250336562256,2.1249869000522406e-05,-0.0001317219037179038
3.7517503500700142,PASSED,-0.29787132052739196,-3.84302447641033e-06,2.3835065587572857e-05,2.8280250548405355,2.1118597123252116e-05,-0.00013097185963855076
3.7527505501100222,PASSED,-0.29787132435855485,-3.819272812349805e-06,2.369606304249291e-05,2.828025075893937,2.0988058510969862e-05,-0.00013024978071139067
3.7537507501500302,PASSED,-0.29787132816603523,-3.7956597218098938e-06,2.3557775538190608e-05,2.8280250968171976,2.0858295818201324e-05,-0.0001294379674733054
3.7547509501900382,PASSED,-0.29787133194997145,-3.772184548476496e-06,2.3420105196868526e-05,2.8280251176110762,2.0729307383879103e-05,-0.00012868874555482606
3.755751150230046,PASSED,-0.29787133571050106,-3.7488464887844475e-06,2.3283362688835308e-05,2.8280251382763253,2.0601044775513875e-05,-0.0001279785169054953
3.756751350270054,PASSED,-0.2978713394477608,-3.7256450254000208e-06,2.3146863848153774e-05,2.828025158813703,2.0473546702421752e-05,-0.00012717777721653816
3.757751550310062,PASSED,-0.2978713431618868,-3.7025792307963594e-06,2.301174844066649e-05,2.828025179223955,2.034680769751016e-05,-0.0001264464900416232
3.75875175035007,PASSED,-0.2978713468530143,-3.679648155042527e-06,2.2877293962609268e-05,2.8280251995078216,2.022078124116459e-05,-0.00012574643388153564
3.759751950390078,PASSED,-0.2978713505212779,-3.6568514934890533e-06,2.2742906614050215e-05,2.8280252196660416,2.0095500782113887e-05,-0.00012496980916347982
3.760752150430086,PASSED,-0.2978713541668114,-3.6341882897675495e-06,2.2610068459805772e-05,2.828025239699358,1.9970978907301665e-05,-0.00012422325191138581
3.761752350470094,PASSED,-0.29787135778974794,-3.611657618524905e-06,2.247773976453691e-05,2.828025259608494,1.984715582132455e-05,-0.0001235563086875966
3.762752550510102,PASSED,-0.2978713613902199,-3.5892591986691998e-06,2.2345539916483897e-05,2.828025279394183,1.9724063683313857e-05,-0.00012278269089275917
3.76375275055011,PASSED,-0.2978713649683589,-3.5669919657513333e-06,2.2215028252121854e-05,2.8280252990571446,1.960171245362984e-05,-0.00012206358887819145
3.764752950590118,PASSED,-0.29787136852429585,-3.5448552202451194e-06,2.2084557008942856e-05,2.8280253185980975,1.948005542046722e-05,-0.00012138599601889946
3.765753150630126,PASSED,-0.2978713720581611,-3.522848594347798e-06,2.195467182290753e-05,2.828025338017761,1.9359118382221037e-05,-0.00012063773306437112
3.766753350670134,PASSED,-0.2978713755700839,-3.5009708033832507e-06,2.1826537058973496e-05,2.8280253573168457,1.923890583805938e-05,-0.00011992908489318559
3.767753550710142,PASSED,-0.29787137906019323,-3.479221474915453e-06,2.1697856073679954e-05,2.8280253764960586,1.9119380839715918e-05,-0.00011925560731031087
3.76875375075015,PASSED,-0.2978713825286171,-3.457600136219727e-06,2.1570327110423812e-05,2.8280253955561014,1.9000557348381095e-05,-0.00011853541401783045
3.769753950790158,PASSED,-0.29787138597548285,-3.436105437801063e-06,2.144427929082389e-05,2.828025414497678,1.8882450902742034e-05,-0.00011782046671988467
3.770754150830166,PASSED,-0.2978713894009173,-3.4147373948670136e-06,2.13172186962e-05,2.828025433321482,1.8765023597949052e-05,-0.00011716519684171739
3.771754350870174,PASSED,-0.2978713928050462,-3.3934948913881524e-06,2.11926933339684e-05,2.828025452028204,1.864827714255851e-05,-0.00011646729442308867
3.772754550910182,PASSED,-0.29787139618799496,-3.37237707682466e-06,2.1067895383175864e-05,2.8280254706185373,1.8532241960694022e-05,-0.0001157471068254174
3.77375475095019,PASSED,-0.2978713995498882,-3.3513839569775404e-06,2.094326948974805e-05,2.8280254890931644,1.8416880018242964e-05,-0.00011510516620148162
3.774754950990198,PASSED,-0.29787140289084985,-3.330514137816108e-06,2.082085227588841e-05,2.8280255074527654,1.8302182501198123e-05,-0.00011442575094041505
3.775755151030206,PASSED,-0.29787140621100305,-3.309767036694253e-06,2.0697933685832444e-05,2.8280255256980182,1.8188178466048434e-05,-0.00011372289128920636
3.776755351070214,PASSED,-0.2978714095104703,-3.289142496698319e-06,2.057561086933526e-05,2.828025543829596,1.807484406492074e-05,-0.00011307540768668919
3.777755551110222,PASSED,-0.2978714127893737,-3.2686393883555383e-06,2.0454773325077278e-05,2.8280255618481664,1.796216344013329e-05,-0.0001124174361879595
3.77875575115023,PASSED,-0.29787141604783424,-3.2482569787231932e-06,2.0334167170523994e-05,2.8280255797544007,1.7850162577342668e-05,-0.0001117231471923955
3.779755951190238,PASSED,-0.29787141928597255,-3.2279949437646156e-06,2.021394681727995e-05,2.828025597548956,1.7738818608536055e-05,-0.00011109118321608839
3.780756151230246,PASSED,-0.29787142250390847,-3.207852554572873e-06,2.0094684108052133e-05,2.8280256152324945,1.7628123716281805e-05,-0.00011043069827968849
3.781756351270254,PASSED,-0.2978714257017612,-3.1878287019435706e-06,1.99766316434686e-05,2.82802563280567,1.7518090895994342e-05,-0.00010976756829264888
3.782756551310262,PASSED,-0.29787142887964935,-3.1679231623931657e-06,1.985814482169623e-05,2.8280256502691343,1.7408707313463205e-05,-0.00010912759202346556
3.78375675135027,PASSED,-0.29787143203769073,-3.148135509607711e-06,1.97406580946274e-05,2.8280256676235336,1.729996069449645e-05,-0.0001084926369289502
3.784756951390278,PASSED,-0.29787143517600256,-3.1284643317497945e-06,1.9624857700108836e-05,2.8280256848695124,1.7191862828115293e-05,-0.0001078346860159659
3.785757151430286,PASSED,-0.29787143829470153,-3.1089096175371714e-06,1.9507951887632703e-05,2.8280257020077135,1.7084409071591523e-05,-0.00010719980352897552
3.786757351470294,PASSED,-0.29787144139390354,-3.089470757073611e-06,1.939279951417905e-05,2.8280257190387745,1.6977585334610127e-05,-0.00010657302594967704
3.787757551510302,PASSED,-0.2978714444737238,-3.0701465403879422e-06,1.927849479999535e-05,2.8280257359633247,1.6871386810760104e-05,-0.00010594885578358408
3.78875775155031,PASSED,-0.2978714475342772,-3.0509368003085592e-06,1.9163903598974733e-05,2.8280257527819983,1.6765826581493444e-05,-0.00010530114492204081
3.789757951590318,PASSED,-0.2978714505756776,-3.031840860932643e-06,1.9050629893877365e-05,2.8280257694954223,1.666089516810457e-05,-0.00010468492570009423
3.790758151630326,PASSED,-0.29787145359803846,-3.0128578397589937e-06,1.8937948693497074e-05,2.828025786104217,1.6556571442241107e-05,-0.00010408292597237592
3.791758351670334,PASSED,-0.2978714566014726,-2.993987352026732e-06,1.8825513758104768e-05,2.8280258026090026,1.64528700977675e-05,-0.00010344695680775354
3.792758551710342,PASSED,-0.29787145958609196,-2.975228623470678e-06,1.8714205088019796e-05,2.8280258190103975,1.6349793381582046e-05,-0.00010282988910392637
3.79375875175035,PASSED,-0.2978714625520083,-2.956581343283341e-06,1.860266358688215e-05,2.828025835309012,1.6247315347184823e-05,-0.00010224346459275113
3.794758951790358,PASSED,-0.29787146549933247,-2.9380444759700837e-06,1.849300313084095e-05,2.8280258515054584,1.6145448776428212e-05,-0.00010161530819918711
3.795759151830366,PASSED,-0.2978714684281747,-2.919617445652798e-06,1.83830484415826e-05,2.8280258676003376,1.604418817619224e-05,-0.0001010241282604938
3.796759351870374,PASSED,-0.29787147133864467,-2.9013001445271892e-06,1.8273469581626475e-05,2.8280258835942598,1.5943531306375912e-05,-0.00010041203085355207
3.797759551910382,PASSED,-0.2978714742308515,-2.883091387301043e-06,1.8165615655826446e-05,2.828025899487819,1.58434682819347e-05,-9.983035349964865e-05
3.79875975195039,PASSED,-0.2978714771049035,-2.86499065058381e-06,1.8057484091504035e-05,2.828025915281611,1.5743994130599335e-05,-9.92366832258469e-05
3.799759951990398,PASSED,-0.2978714799609088,-2.8469977998191103e-06,1.7949761880163183e-05,2.8280259309762323,1.564512311831383e-05,-9.862723165861299e-05
3.800760152030406,PASSED,-0.2978714827989744,-2.829111632227677e-06,1.7843771398946813e-05,2.828025946572269,1.554683457048482e-05,-9.806275860928212e-05
3.801760352070414,PASSED,-0.2978714856192071,-2.8113319413034146e-06,1.773697060780644e-05,2.8280259620703094,1.5449125924980408e-05,-9.747257010116328e-05
3.802760552110422,PASSED,-0.2978714884217129,-2.7936580112391283e-06,1.763190303527322e-05,2.8280259774709364,1.5352006812448576e-05,-9.6883474152284e-05
3.80376075215043,PASSED,-0.2978714912065973,-2.7760891986466254e-06,1.7526752297322535e-05,2.828025992774725,1.5255456039813394e-05,-9.632897162378001e-05
3.804760952190438,PASSED,-0.2978714939739652,-2.758625148686033e-06,1.7422248402772242e-05,2.828026007982256,1.51594843099823e-05,-9.573356863596743e-05
3.805761152230446,PASSED,-0.2978714967239208,-2.7412649856049647e-06,1.731877286659893e-05,2.8280260230941034,1.5064092738754457e-05,-9.516357295576177e-05
3.806761352270454,PASSED,-0.29787149945656793,-2.724008103266815e-06,1.7215621985850936e-05,2.8280260381108318,1.496925274109019e-05,-9.462428080327201e-05
3.807761552310462,PASSED,-0.29787150217200975,-2.706854353478906e-06,1.7112501655947927e-05,2.828026053033018,1.4874994076786606e-05,-9.401491997045936e-05
3.80876175235047,PASSED,-0.2978715048703487,-2.689802683815107e-06,1.7011115002365958e-05,2.828026067861214,1.47812917501234e-05,-9.34939311250355e-05
3.809761952390478,PASSED,-0.29787150755168684,-2.6728527240606754e-06,1.690918958914202e-05,2.8280260825959838,1.4688133679348155e-05,-9.293416387538162e-05
3.810762152430486,PASSED,-0.29787151021612557,-2.656004025726353e-06,1.6808370831109454e-05,2.828026097237892,1.4595559534548658e-05,-9.233413208223872e-05
3.811762352470494,PASSED,-0.2978715128637658,-2.6392558920053308e-06,1.6707975647630395e-05,2.8280261117874828,1.4503521199782004e-05,-9.184113655626345e-05
3.812762552510502,PASSED,-0.29787151549470775,-2.6226076941288585e-06,1.6608346029033187e-05,2.8280261262453132,1.4412023528228448e-05,-9.126869488508149e-05
3.81376275255051,PASSED,-0.2978715181090512,-2.606058925744504e-06,1.650904995456911e-05,2.828026140611931,1.4321095529786337e-05,-9.070086748013134e-05
3.814762952590518,PASSED,-0.2978715207068953,-2.5896090731255188e-06,1.6410387728595873e-05,2.8280261548878785,1.4230696143267715e-05,-9.019839921095008e-05
3.815763152630526,PASSED,-0.29787152328833866,-2.5732574824903475e-06,1.6312392572888343e-05,2.8280261690736985,1.414083016430612e-05,-8.964436546202532e-05
3.816763352670534,PASSED,-0.2978715258534793,-2.5570037814627865e-06,1.6214573330675864e-05,2.82802618316993,1.4051518500535494e-05,-8.90898626430284e-05
3.817763552710542,PASSED,-0.2978715284024148,-2.5408473347479473e-06,1.6117695637615096e-05,2.8280261971771092,1.3962735374871553e-05,-8.857863434454955e-05
3.81876375275055,PASSED,-0.2978715309352421,-2.52478750502725e-06,1.6021252442751742e-05,2.82802621109577,1.3874476672885047e-05,-8.804541374781215e-05
3.819763952790558,PASSED,-0.2978715334520575,-2.5088237492598503e-06,1.592542465049829e-05,2.8280262249264423,1.3786756075272965e-05,-8.7504053521595e-05
3.820764152830566,PASSED,-0.2978715359529571,-2.492955720186348e-06,1.5829765355504722e-05,2.8280262386696515,1.3699558206211042e-05,-8.699374608880705e-05
3.821764352870574,PASSED,-0.29787153843803615,-2.4771828425897378e-06,1.573495242401411e-05,2.82802625232592,1.3612873055849842e-05,-8.647941987612907e-05
3.822764552910582,PASSED,-0.2978715409073894,-2.461504351428608e-06,1.5640850319206543e-05,2.8280262658957707,1.3526718314344977e-05,-8.593828925735658e-05
3.82376475295059,PASSED,-0.29787154336111105,-2.445919865730337e-06,1.5546909284314564e-05,2.8280262793797215,1.3441080419119271e-05,-8.543763253793903e-05
3.824764952990598,PASSED,-0.29787154579929503,-2.430429052484857e-06,1.545341588625703e-05,2.8280262927782878,1.3355948547152987e-05,-8.49280315851784e-05
3.825765153030606,PASSED,-0.2978715482220345,-2.4150308844666148e-06,1.5361336106232555e-05,2.8280263060919824,1.3271334411311004e-05,-8.440487201318586e-05
3.826765353070614,PASSED,-0.29787155062942205,-2.3997252568126593e-06,1.5268488685770876e-05,2.828026319321314,1.3187227536805389e-05,-8.390820950056528e-05
3.827765553110622,PASSED,-0.29787155302154994,-2.3845116898294915e-06,1.5176952514765816e-05,2.8280263324667914,1.3103622656251003e-05,-8.340266125693072e-05
3.82876575315063,PASSED,-0.2978715553985098,-2.369389368376539e-06,1.5085900745076766e-05,2.828026345528914,1.3020520431718776e-05,-8.290193338242331e-05
3.829765953190638,PASSED,-0.2978715577603927,-2.354357878359695e-06,1.4995216198022387e-05,2.828026358508183,1.293791700789668e-05,-8.240441744854462e-05
3.830766153230646,PASSED,-0.2978715601072893,-2.339416901269934e-06,1.490481768425318e-05,2.828026371405098,1.2855811144336913e-05,-8.1906827633916e-05
3.831766353270654,PASSED,-0.29787156243928975,-2.324565665417862e-06,1.4815514630617128e-05,2.828026384220153,1.2774198720765878e-05,-8.141615419578096e-05
3.832766553310662,PASSED,-0.29787156475648363,-2.3098037925228485e-06,1.4726111737944854e-05,2.8280263969538426,1.2693079107917488e-05,-8.092191861679675e-05
3.83376675335067,PASSED,-0.29787156705896,-2.2951308392859727e-06,1.463751423616276e-05,2.828026409606656,1.2612448259535013e-05,-8.043680155959467e-05
3.834766953390678,PASSED,-0.29787156934680753,-2.2805460838100274e-06,1.4549582969134425e-05,2.8280264221790787,1.2532298933047916e-05,-7.995767643876674e-05
3.835767153430686,PASSED,-0.29787157162011413,-2.2660491436736034e-06,1.4461844914616894e-05,2.828026434671596,1.2452635987258651e-05,-7.946645868959862e-05
3.836767353470694,PASSED,-0.29787157387896757,-2.2516398140856926e-06,1.4374319370106527e-05,2.828026447084687,1.2373450543434981e-05,-7.899810057971995e-05
3.837767553510702,PASSED,-0.2978715761234549,-2.2373171205667858e-06,1.4288276284773547e-05,2.828026459418833,1.2294742297622505e-05,-7.851500930098041e-05
3.83876775355071,PASSED,-0.2978715783536627,-2.2230806898677815e-06,1.4201866975158003e-05,2.828026471674509,1.2216512603418859e-05,-7.803948413875704e-05
3.839767953590718,PASSED,-0.29787158056967694,-2.2089303582829767e-06,1.4115974657902497e-05,2.828026483852186,1.2138747662767546e-05,-7.75819116596831e-05
3.840768153630726,PASSED,-0.29787158277158354,-2.194865404002021e-06,1.4030940696324411e-05,2.8280264959523382,1.2061457476165636e-05,-7.709570323006198e-05
3.841768353670734,PASSED,-0.2978715849594675,-2.180885134958806e-06,1.3946487941141947e-05,2.8280265079754283,1.1984629874518505e-05,-7.664886725851102e-05
3.842768553710742,PASSED,-0.2978715871334134,-2.166989376827015e-06,1.3861938258890068e-05,2.8280265199219303,1.1908273878309609e-05,-7.61607488424873e-05
3.84376875375075,PASSED,-0.2978715892935055,-2.153177681831409e-06,1.3778199486751234e-05,2.8280265317922977,1.1832372213319548e-05,-7.572894242177387e-05
3.844768953790758,PASSED,-0.2978715914398275,-2.1394492931414056e-06,1.3695181492171517e-05,2.8280265435869936,1.1756923001730016e-05,-7.526272436803628e-05
3.845769153830766,PASSED,-0.2978715935724626,-2.1258038849980074e-06,1.3612225910882948e-05,2.8280265553064776,1.1681946828489795e-05,-7.47851391550105e-05
3.846769353870774,PASSED,-0.2978715956914936,-2.1122411879138544e-06,1.3529677866332836e-05,2.8280265669512032,1.1607416954803143e-05,-7.43596967077458e-05
3.847769553910782,PASSED,-0.29787159779700273,-2.0987603605701344e-06,1.3448260328644455e-05,2.8280265785216216,1.1533328069461942e-05,-7.390834443017236e-05
3.84876975395079,PASSED,-0.29787159988907175,-2.0853609995424865e-06,1.336676149365017e-05,2.828026590018182,1.1459697173666038e-05,-7.344593003972221e-05
3.849769953990798,PASSED,-0.2978716019677822,-2.072043154384305e-06,1.3285234267869573e-05,2.8280266014413336,1.1386515953722793e-05,-7.300474654559263e-05
3.850770154030806,PASSED,-0.2978716040332148,-2.0588057127803605e-06,1.3205579827993968e-05,2.8280266127915206,1.1313768990391889e-05,-7.25751078544459e-05
3.851770354070814,PASSED,-0.29787160608545005,-2.045648265305039e-06,1.3125359240205866e-05,2.82802662406918,1.1241459325333002e-05,-7.213270319518068e-05
3.852770554110822,PASSED,-0.29787160812456787,-2.0325708523870152e-06,1.3045448703235628e-05,2.828026635274757,1.1169601664612013e-05,-7.167429907152817e-05
3.85377075415083,PASSED,-0.29787161015064784,-2.019572870779509e-06,1.2966336877019904e-05,2.8280266464086914,1.1098180441924409e-05,-7.12525050983213e-05
3.854770954190838,PASSED,-0.29787161216376895,-2.0066533547902565e-06,1.2888302064074309e-05,2.828026657471407,1.102716872137662e-05,-7.08511975141012e-05
3.855771154230846,PASSED,-0.29787161416400987,-1.993812328161858e-06,1.2809509671281716e-05,2.8280266684633446,1.0956607717033197e-05,-7.036754222963726e-05
3.856771354270854,PASSED,-0.2978716161514488,-1.9810495742662235e-06,1.2731583378536353e-05,2.8280266793849322,1.0886484041141696e-05,-6.996109833274265e-05
3.857771554310862,PASSED,-0.29787161812616336,-1.968363924087514e-06,1.2655028045492362e-05,2.828026690236595,1.0816759680837542e-05,-6.956653495176163e-05
3.85877175435087,PASSED,-0.2978716200882309,-1.955755277066961e-06,1.2577726337259012e-05,2.828026701018758,1.0747471695987732e-05,-6.910228478184073e-05
3.859771954390878,PASSED,-0.2978716220377282,-1.943223599918478e-06,1.2500977689298548e-05,2.828026711731846,1.0678618579587243e-05,-6.868700414625626e-05
3.860772154430886,PASSED,-0.2978716239747317,-1.9307680029986218e-06,1.2425343073561166e-05,2.8280267223762743,1.0610160209618296e-05,-6.83059471840746e-05
3.861772354470894,PASSED,-0.29787162589931737,-1.9183878485213527e-06,1.2350028746408393e-05,2.8280267329524627,1.0542124674039679e-05,-6.785526117497744e-05
3.862772554510902,PASSED,-0.2978716278115607,-1.9060833544015904e-06,1.2274137701998226e-05,2.8280267434608275,1.0474519803673107e-05,-6.74379431609672e-05
3.86377275455091,PASSED,-0.29787162971153675,-1.8938535993299108e-06,1.2200166651467344e-05,2.828026753901778,1.0407304794754454e-05,-6.706638609044366e-05
3.864772954590918,PASSED,-0.2978716315993202,-1.8816980859008368e-06,1.2125744614145387e-05,2.8280267642757275,1.0340503853341308e-05,-6.66239782949461e-05
3.865773154630926,PASSED,-0.29787163347498535,-1.8696170649023092e-06,1.2051205254782418e-05,2.8280267745830825,1.0274122931451084e-05,-6.621888428707856e-05
3.866773354670934,PASSED,-0.297871635338606,-1.8576093452850403e-06,1.1978729192259903e-05,2.828026784824251,1.0208134638099668e-05,-6.583456606097345e-05
3.867773554710942,PASSED,-0.29787163719025544,-1.8456745254841524e-06,1.1905546873306627e-05,2.828026794999636,1.0142549755609873e-05,-6.541842677567539e-05
3.86877375475095,PASSED,-0.2978716390300068,-1.8338131565303964e-06,1.18319170073889e-05,2.8280268051096322,1.0077363582109984e-05,-6.503133798269739e-05
3.869773954790958,PASSED,-0.29787164085793244,-1.8220237079286088e-06,1.1761136331386616e-05,2.8280268151546437,1.0012576436909517e-05,-6.462435001231344e-05
3.870774154830966,PASSED,-0.29787164267410465,-1.8103059347110994e-06,1.1688864474924791e-05,2.828026825135068,9.948190356323071e-06,-6.422723430253489e-05
3.871774354870974,PASSED,-0.29787164447859515,-1.7986602154445288e-06,1.1616955794334651e-05,2.8280268350512983,9.884191406872396e-06,-6.384675954943493e-05
3.872774554910982,PASSED,-0.2978716462714751,-1.7870853499730085e-06,1.1546805256310774e-05,2.828026844903723,9.820578897816447e-06,-6.34563420602927e-05
3.87377475495099,PASSED,-0.2978716480528156,-1.7755810790722389e-06,1.1475914663742252e-05,2.8280268546927387,9.757369073918306e-06,-6.304547845670702e-05
3.874774954990998,PASSED,-0.297871649822687,-1.7641473191923055e-06,1.1405656690727657e-05,2.8280268644187254,9.694532378315258e-06,-6.269750703394218e-05
3.8757751550310062,PASSED,-0.29787165158115936,-1.7527831778323804e-06,1.133646447272344e-05,2.828026874082071,9.632076622365742e-06,-6.229458855989771e-05
3.8767753550710142,PASSED,-0.2978716533283025,-1.7414887318167103e-06,1.1266433710967797e-05,2.8280268836831577,9.570016822568518e-06,-6.190327395544197e-05
3.8777755551110222,PASSED,-0.2978716550641856,-1.7302634306299957e-06,1.1197879503879278e-05,2.82802689322237,9.50833322141602e-06,-6.153715261720237e-05
3.8787757551510302,PASSED,-0.2978716567888777,-1.7191067220082569e-06,1.1129261366978551e-05,2.828026902700082,9.447015818699731e-06,-6.117090278234771e-05
3.8797759551910382,PASSED,-0.29787165850244707,-1.7080180408943639e-06,1.106162761183611e-05,2.8280269121166746,9.386086269758962e-06,-6.0768646379715836e-05
3.8807761552310462,PASSED,-0.2978716602049619,-1.6969975900869593e-06,1.0992999604450238e-05,2.8280269214725164,9.325527060713725e-06,-6.041958415558518e-05
3.8817763552710542,PASSED,-0.29787166189648995,-1.6860447371169016e-06,1.0926088547129637e-05,2.828026930767981,9.265327131238568e-06,-6.0053493021538636e-05
3.8827765553110622,PASSED,-0.2978716635770985,-1.6751587274873065e-06,1.0859290351238509e-05,2.8280269400034435,9.205515609342602e-06,-5.965020781225273e-05
3.8837767553510703,PASSED,-0.2978716652468545,-1.6643395708954174e-06,1.07924007523228e-05,2.828026949179265,9.146060235416786e-06,-5.932548466819039e-05
3.8847769553910783,PASSED,-0.2978716669058244,-1.6535867350264217e-06,1.072645928011113e-05,2.8280269582958155,9.086962534242844e-06,-5.89458455111101e-05
3.8857771554310863,PASSED,-0.2978716685540743,-1.642899733658235e-06,1.0660696093570414e-05,2.8280269673534555,9.028240588323319e-06,-5.8572679525133395e-05
3.8867773554710943,PASSED,-0.29787167019167027,-1.6322785071672e-06,1.059491342267795e-05,2.8280269763525494,8.969876621674371e-06,-5.8224824731489e-05
3.8877775555111023,PASSED,-0.2978716718186774,-1.621722477895734e-06,1.0530106503991625e-05,2.828026985293452,8.911857562940422e-06,-5.788188140225644e-05
3.8887777555511103,PASSED,-0.29787167343516086,-1.6112312132399462e-06,1.0465370090318426e-05,2.8280269941765295,8.85421501944008e-06,-5.748298489906261e-05
3.8897779555911183,PASSED,-0.2978716750411853,-1.6008044373393831e-06,1.0401046440726262e-05,2.828027003002124,8.796911917517095e-06,-5.7183179938934444e-05
3.8907781556311263,PASSED,-0.29787167663681485,-1.5904415823094825e-06,1.033739408935033e-05,2.828027011770599,8.739959402579578e-06,-5.679873826990536e-05
3.8917783556711343,PASSED,-0.2978716782221135,-1.5801427327099342e-06,1.0273153273013527e-05,2.8280270204823044,8.683377490545548e-06,-5.643736121011442e-05
3.8927785557111423,PASSED,-0.29787167979714485,-1.5699071400696063e-06,1.0210552218537435e-05,2.828027029137585,8.627121014523508e-06,-5.613588589665408e-05
3.8937787557511503,PASSED,-0.29787168136197195,-1.559734223733801e-06,1.0147825747317313e-05,2.828027037736791,8.5712145715158e-06,-5.575348108174591e-05
3.8947789557911583,PASSED,-0.29787168291665767,-1.5496242628910173e-06,1.008471757309459e-05,2.8280270462802677,8.515668643151064e-06,-5.540755988673093e-05
3.8957791558311663,PASSED,-0.2978716844612643,-1.5395763931727935e-06,1.0023304481643385e-05,2.8280270547683566,8.460446399678344e-06,-5.509869919671082e-05
3.8967793558711743,PASSED,-0.29787168599585406,-1.5295903773806385e-06,9.961156665829456e-06,2.8280270632013993,8.405564748338863e-06,-5.473695276799441e-05
3.8977795559111823,PASSED,-0.29787168752048854,-1.519665993667785e-06,9.899868410869583e-06,2.828027071579733,8.351033136123513e-06,-5.439471851358602e-05
3.8987797559511903,PASSED,-0.2978716890352292,-1.5098027622631822e-06,9.838806733757975e-06,2.828027079903701,8.29683557484389e-06,-5.4066123123648274e-05
3.8997799559911983,PASSED,-0.29787169054013696,-1.5000002834670213e-06,9.778260171096496e-06,2.828027088173634,8.242962666682516e-06,-5.3744098186523154e-05
3.9007801560312063,PASSED,-0.2978716920352725,-1.4902583337708105e-06,9.717742712953539e-06,2.8280270963898624,8.189424182686642e-06,-5.3401407868773246e-05
3.9017803560712143,PASSED,-0.2978716935206961,-1.4805764837645427e-06,9.657921535143909e-06,2.8280271045527208,8.136223159186757e-06,-5.306743392062729e-05
3.9027805561112223,PASSED,-0.29787169499646765,-1.4709543360797843e-06,9.5982984511683e-06,2.828027112662539,8.083347499539185e-06,-5.274781013220188e-05
3.9037807561512303,PASSED,-0.2978716964626468,-1.4613916294771067e-06,9.538978703683778e-06,2.8280271207196455,8.030798319744867e-06,-5.2416759569060285e-05
3.9047809561912383,PASSED,-0.29787169791929274,-1.4518881035700038e-06,9.479890709382363e-06,2.828027128724364,7.978573528765292e-06,-5.2096811919918014e-05
3.9057811562312463,PASSED,-0.29787169936646435,-1.4424432329986458e-06,9.42152381267511e-06,2.8280271366770187,7.926670039706651e-06,-5.177460715112245e-05
3.9067813562712543,PASSED,-0.29787170080422026,-1.4330566870097853e-06,9.36322743965059e-06,2.828027144577927,7.875082901779175e-06,-5.146215844504623e-05
3.9077815563112623,PASSED,-0.29787170223261866,-1.4237283374286842e-06,9.305097675401279e-06,2.828027152427416,7.823825519057444e-06,-5.112086557285287e-05
3.9087817563512703,PASSED,-0.29787170365171745,-1.41445749999468e-06,9.247997273073204e-06,2.8280271602258003,7.772882463088044e-06,-5.082451623376634e-05
3.9097819563912783,PASSED,-0.2978717050615741,-1.4052440619915926e-06,9.190398489763507e-06,2.8280271679734,7.722251489560359e-06,-5.050194505696574e-05
3.9107821564312863,PASSED,-0.29787170646224587,-1.3960876886265033e-06,9.133689948639813e-06,2.828027175670521,7.671929346900371e-06,-5.0202274395336176e-05
3.9117823564712944,PASSED,-0.2978717078537896,-1.3869881152378877e-06,9.07682901526619e-06,2.8280271833174804,7.6219230425534574e-06,-4.987565764796454e-05
3.9127825565113024,PASSED,-0.29787170923626183,-1.3779448740647414e-06,9.020849278399686e-06,2.828027190914592,7.572235665588875e-06,-4.9561856508994604e-05
3.9137827565513104,PASSED,-0.2978717106097188,-1.3689575305671335e-06,8.965006310413514e-06,2.8280271984621614,7.522844597141875e-06,-4.927720973900398e-05
3.9147829565913184,PASSED,-0.2978717119742163,-1.3600260244856024e-06,8.909172595609699e-06,2.8280272059604963,7.473759609945697e-06,-4.8956838834294225e-05
3.9157831566313264,PASSED,-0.29787171332980994,-1.3511499161920114e-06,8.854065425578623e-06,2.8280272134099014,7.4249874684064495e-06,-4.8649010009215646e-05
3.9167833566713344,PASSED,-0.29787171467655504,-1.3423289662938494e-06,8.798872879884327e-06,2.828027220810681,7.376512767992249e-06,-4.835849401752351e-05
3.9177835567113424,PASSED,-0.29787171601450635,-1.3335625497529268e-06,8.744778981614517e-06,2.828027228163136,7.328335347045929e-06,-4.8056705565517546e-05
3.9187837567513504,PASSED,-0.2978717173437186,-1.3248506576227571e-06,8.689967562539596e-06,2.828027235467564,7.28045936986993e-06,-4.775549158298472e-05
3.9197839567913584,PASSED,-0.2978717186642459,-1.3161929355730232e-06,8.636225041196896e-06,2.82802724272427,7.232889354780651e-06,-4.744636409347469e-05
3.9207841568313664,PASSED,-0.2978717199761423,-1.307588943721662e-06,8.582503058137507e-06,2.828027249933544,7.185604193416022e-06,-4.717769287873371e-05
3.9217843568713744,PASSED,-0.2978717212794615,-1.2990384783546334e-06,8.529106906289034e-06,2.8280272570956817,7.138608685272817e-06,-4.687405165285267e-05
3.9227845569113824,PASSED,-0.29787172257425665,-1.2905410845149468e-06,8.476251795285002e-06,2.8280272642109843,7.091929116072114e-06,-4.6549914232604434e-05
3.9237847569513904,PASSED,-0.2978717238605808,-1.2820965227578273e-06,8.423435065009357e-06,2.828027271279729,7.045514096215449e-06,-4.632509027270514e-05
3.9247849569913984,PASSED,-0.2978717251384867,-1.2737045016949405e-06,8.371078394805121e-06,2.828027278302218,6.9993943405343605e-06,-4.598286595334365e-05
3.9257851570314064,PASSED,-0.2978717264080268,-1.2653649283447143e-06,8.318569987173246e-06,2.8280272852787327,6.953578670546407e-06,-4.5704206011027513e-05
3.9267853570714144,PASSED,-0.297871727669253,-1.2570770896452587e-06,8.267351174310467e-06,2.8280272922095584,6.908022243637958e-06,-4.545790750672897e-05
3.9277855571114224,PASSED,-0.29787172892221725,-1.248840715680443e-06,8.215722491818942e-06,2.8280272990949817,6.86275789735632e-06,-4.513530546491031e-05
3.9287857571514304,PASSED,-0.2978717301669709,-1.2406560131328074e-06,8.164022584846369e-06,2.8280273059352865,6.817792723696007e-06,-4.485175245724813e-05
3.9297859571914384,PASSED,-0.2978717314035651,-1.232522075508582e-06,8.113880983811018e-06,2.828027312730755,6.773092944420468e-06,-4.459846382106668e-05
3.9307861572314464,PASSED,-0.29787173263205086,-1.2244388914929122e-06,8.062719370242404e-06,2.828027319481661,6.728661864273817e-06,-4.4319491030373724e-05
3.9317863572714544,PASSED,-0.2978717338524786,-1.2164062636779324e-06,8.012566778137986e-06,2.828027326188288,6.68452760160815e-06,-4.401077708919632e-05
3.9327865573114624,PASSED,-0.29787173506489867,-1.2084236326421491e-06,7.962673874213666e-06,2.8280273328509096,6.640665035226185e-06,-4.3763759243810794e-05
3.9337867573514704,PASSED,-0.29787173626936103,-1.200490864160845e-06,7.912831552697565e-06,2.8280273394698026,6.597065084628237e-06,-4.349074483404004e-05
3.9347869573914784,PASSED,-0.2978717374659154,-1.1926076401449508e-06,7.863485658025152e-06,2.828027346045237,6.5537448425041645e-06,-4.3206573650760465e-05
3.9357871574314864,PASSED,-0.2978717386546111,-1.1847736517685948e-06,7.814323521909845e-06,2.8280273525774855,6.510697809357292e-06,-4.29406728109455e-05
3.9367873574714944,PASSED,-0.2978717398354972,-1.1769885378579422e-06,7.76564083648109e-06,2.8280273590668186,6.467914784142874e-06,-4.267792681673444e-05
3.9377875575115024,PASSED,-0.2978717410086226,-1.1692522467684498e-06,7.716724591499974e-06,2.828027365513505,6.425402053410921e-06,-4.2402600008764805e-05
3.9387877575515104,PASSED,-0.2978717421740358,-1.161564262863737e-06,7.66882344685483e-06,2.82802737191781,6.383155381423836e-06,-4.2142719972632474e-05
3.9397879575915185,PASSED,-0.29787174333178496,-1.1539242773007578e-06,7.6207603070623e-06,2.8280273782799976,6.3411670733612086e-06,-4.188536678929121e-05
3.9407881576315265,PASSED,-0.29787174448191805,-1.1463321032861432e-06,7.573116486316019e-06,2.8280273846003343,6.299448950441425e-06,-4.160662700677735e-05
3.9417883576715345,PASSED,-0.2978717456244829,-1.1387877242210304e-06,7.525220784310391e-06,2.8280273908790785,6.257989096480716e-06,-4.136200526333136e-05
3.9427885577115425,PASSED,-0.29787174675952666,-1.1312902703175583e-06,7.478942649579616e-06,2.828027397116495,6.216788384944197e-06,-4.1093182385311004e-05
3.9437887577515505,PASSED,-0.2978717478870965,-1.1238397405227312e-06,7.431587891658329e-06,2.8280274033128405,6.175850231792212e-06,-4.08348003297678e-05
3.9447889577915585,PASSED,-0.2978717490072394,-1.116436312443537e-06,7.384654870884721e-06,2.8280274094683704,6.135160187694403e-06,-4.059353994317015e-05
3.9457891578315665,PASSED,-0.2978717501200018,-1.1090790283053097e-06,7.339036983122249e-06,2.828027415583341,6.094726266945773e-06,-4.032750795226997e-05
3.9467893578715745,PASSED,-0.29787175122542986,-1.1017676441815638e-06,7.2929488841617926e-06,2.828027421658011,6.054558964140012e-06,-4.006049937475486e-05
3.9477895579115825,PASSED,-0.2978717523235697,-1.0945026242842834e-06,7.246400572692654e-06,2.8280274276926276,6.0146297829564575e-06,-3.98416357227551e-05
3.9487897579515905,PASSED,-0.2978717534144671,-1.0872830094895364e-06,7.201757609450226e-06,2.8280274336874456,5.9749505977703915e-06,-3.9570884828274536e-05
3.9497899579915985,PASSED,-0.2978717544981675,-1.08010850265909e-06,7.156339644443645e-06,2.8280274396427134,5.9355330334426146e-06,-3.931535066077807e-05
3.9507901580316065,PASSED,-0.297871755574716,-1.0729791870466795e-06,7.11129959105529e-06,2.8280274455586794,5.896353180113693e-06,-3.9089521774351106e-05
3.9517903580716145,PASSED,-0.2978717566441575,-1.0658946157085501e-06,7.066752502845406e-06,2.8280274514355916,5.8574181134887244e-06,-3.883209652537981e-05
3.9527905581116225,PASSED,-0.2978717577065368,-1.0588548523558363e-06,7.02177058595921e-06,2.828027457273692,5.818732780480498e-06,-3.8587490663458216e-05
3.9537907581516305,PASSED,-0.29787175876189814,-1.0518590361242586e-06,6.978513328656881e-06,2.828027463073229,5.780292099441772e-06,-3.834280795557039e-05
3.9547909581916385,PASSED,-0.29787175981028574,-1.0449071368847329e-06,6.934156513438492e-06,2.8280274688344416,5.742086182796897e-06,-3.81146557710794e-05
3.9557911582316465,PASSED,-0.2978717608517435,-1.0379992881606258e-06,6.890310197886088e-06,2.8280274745575733,5.704125056507409e-06,-3.785877330175983e-05
3.9567913582716545,PASSED,-0.2978717618863149,-1.031134750342806e-06,6.847356231109078e-06,2.8280274802428633,5.666407109621773e-06,-3.762406260821945e-05
3.9577915583116625,PASSED,-0.2978717629140434,-1.0243133599913546e-06,6.804079765013133e-06,2.8280274858905483,5.6289167301050295e-06,-3.740125745576042e-05
3.9587917583516705,PASSED,-0.297871763934972,-1.0175350757166901e-06,6.7610872810989e-06,2.828027491500866,5.5916663847101865e-06,-3.714973735423192e-05
3.9597919583916785,PASSED,-0.2978717649491436,-1.0107993686247306e-06,6.7187869658665765e-06,2.8280274970740513,5.554657087248836e-06,-3.6915670866097004e-05
3.9607921584316865,PASSED,-0.2978717659566007,-1.0041061102050393e-06,6.676239388907922e-06,2.828027502610338,5.5178715427613425e-06,-3.669879356842421e-05
3.9617923584716945,PASSED,-0.2978717669573857,-9.974551652589762e-07,6.634081984166674e-06,2.8280275081099613,5.481324069742326e-06,-3.644659265274478e-05
3.9627925585117025,PASSED,-0.2978717679515407,-9.90846163899313e-07,6.59228094332753e-06,2.8280275135731503,5.445008272405268e-06,-3.622860045993237e-05
3.9637927585517105,PASSED,-0.2978717689391074,-9.842786917707599e-07,6.550932918703537e-06,2.828027519000133,5.408911890045412e-06,-3.6008236959806104e-05
3.9647929585917185,PASSED,-0.2978717699201274,-9.777528285637114e-07,6.509150065945161e-06,2.8280275243911412,5.37305332884732e-06,-3.575877735694838e-05
3.9657931586317265,PASSED,-0.2978717708946421,-9.712682618254284e-07,6.468177853175085e-06,2.8280275297464015,5.337423907246207e-06,-3.5543184430555356e-05
3.9667933586717345,PASSED,-0.29787177186269254,-9.648242892344506e-07,6.427835749512803e-06,2.8280275350661377,5.3020063048461565e-06,-3.53338810463814e-05
3.9677935587117426,PASSED,-0.29787177282431965,-9.584213972879838e-07,6.386262744436303e-06,2.828027540350572,5.266814004995196e-06,-3.509791238734718e-05
3.9687937587517506,PASSED,-0.2978717737795638,-9.520587871753098e-07,6.346841691499088e-06,2.8280275455999364,5.231863990795355e-06,-3.485141540816982e-05
3.9697939587917586,PASSED,-0.2978717747284655,-9.457362770244592e-07,6.3062891237516356e-06,2.8280275508144435,5.1971153430638706e-06,-3.46801359470271e-05
3.9707941588317666,PASSED,-0.2978717756710648,-9.394540462899716e-07,6.2661918083116795e-06,2.8280275559943195,5.162585972669396e-06,-3.442886002610719e-05
3.9717943588717746,PASSED,-0.2978717766074016,-9.332113632269358e-07,6.227010566184936e-06,2.828027561139777,5.128285475706017e-06,-3.421492158822693e-05
3.9727945589117826,PASSED,-0.2978717775375155,-9.270082275949749e-07,6.187219009144986e-06,2.828027566251039,5.0941957677991085e-06,-3.4006232119361634e-05
3.9737947589517906,PASSED,-0.2978717784614459,-9.208445510379627e-07,6.147981588923621e-06,2.8280275713283225,5.060325154739313e-06,-3.378020035341685e-05
3.9747949589917986,PASSED,-0.2978717793792319,-9.147196056757323e-07,6.109587877768352e-06,2.8280275763718405,5.026668648814848e-06,-3.3574042971831484e-05
3.9757951590318066,PASSED,-0.2978717802909126,-9.086335784147811e-07,6.070320183073034e-06,2.8280275813818068,4.9932202547869155e-06,-3.336462806533414e-05
3.9767953590718146,PASSED,-0.2978717811965265,-9.025863819047037e-07,6.031780728080414e-06,2.828027586358436,4.95999246469854e-06,-3.3136564770402715e-05
3.9777955591118226,PASSED,-0.29787178209611215,-8.965771064937193e-07,5.994271866253708e-06,2.828027591301936,4.926968907206173e-06,-3.294821930700981e-05
3.9787957591518306,PASSED,-0.29787178298970773,-8.906061230885329e-07,5.955457764474828e-06,2.8280275962125185,4.894151509183535e-06,-3.273018383305806e-05
3.9797959591918386,PASSED,-0.29787178387735125,-8.846731702364624e-07,5.917949577134331e-06,2.828027601090396,4.8615572123857045e-06,-3.2503705441012256e-05
3.9807961592318466,PASSED,-0.2978717847590805,-8.787776597298917e-07,5.8805511261950785e-06,2.828027605935769,4.8291537287099755e-06,-3.2336669165541565e-05
3.9817963592718546,PASSED,-0.297871785634933,-8.729197032209097e-07,5.84289343083987e-06,2.828027610748848,4.796957103831449e-06,-3.21032620205152e-05
3.9827965593118626,PASSED,-0.2978717865049461,-8.6709895241526e-07,5.805989055522961e-06,2.8280276155298396,4.764981921072797e-06,-3.18897965840778e-05
3.98379675935187,PASSED,-0.2978717873691569,-8.613151417507024e-07,5.769025070580447e-06,2.8280276202789447,4.7331935644717895e-06,-3.17207299456262e-05
3.984796959391878,PASSED,-0.2978717882276023,-8.555681348712683e-07,5.732328085336499e-06,2.8280276249963667,4.701605382074807e-06,-3.1499817364553656e-05
3.985797159431886,PASSED,-0.2978717890803188,-8.498574843119716e-07,5.6961988752701705e-06,2.828027629682308,4.670233930115383e-06,-3.1285875022672134e-05
3.986797359471894,PASSED,-0.297871789927343,-8.441833763206453e-07,5.659380735363768e-06,2.8280276343369675,4.639049825528375e-06,-3.11162576298979e-05
3.987797559511902,PASSED,-0.29787179076871106,-8.385454168728424e-07,5.623678589429125e-06,2.828027638960546,4.608062908132151e-06,-3.0900690573773335e-05
3.98879775955191,PASSED,-0.29787179160445887,-8.329429477443949e-07,5.5883294877929815e-06,2.8280276435532388,4.577281831193709e-06,-3.070133451488969e-05
3.989797959591918,PASSED,-0.29787179243462236,-8.273765004261749e-07,5.551859205171354e-06,2.8280276481152433,4.546689435710587e-06,-3.051976946194356e-05
3.990798159631926,PASSED,-0.29787179325923696,-8.218454900257391e-07,5.5171111972788915e-06,2.828027652646755,4.516293065231488e-06,-3.0314104490535837e-05
3.991798359671934,PASSED,-0.29787179407833814,-8.163496060058841e-07,5.481732568238972e-06,2.8280276571479663,4.486090871687184e-06,-3.0127586246817108e-05
3.992798559711942,PASSED,-0.297871794891961,-8.108888934272048e-07,5.446699252306269e-06,2.8280276616190774,4.456088584133352e-06,-2.991875509184265e-05
3.99379875975195,PASSED,-0.29787179570014033,-8.054627460050447e-07,5.412446202062463e-06,2.8280276660602715,4.4262666265792e-06,-2.9757425862360448e-05
3.994798959791958,PASSED,-0.297871796502911,-8.00071370147971e-07,5.3773289604145135e-06,2.8280276704717457,4.396637451838118e-06,-2.9543673993561962e-05
3.995799159831966,PASSED,-0.2978717973003075,-7.947146356133101e-07,5.343004917491863e-06,2.8280276748536854,4.367204313566248e-06,-2.9359447790742615e-05
3.996799359871974,PASSED,-0.2978717980923641,-7.893916558785166e-07,5.309629612994598e-06,2.8280276792062797,4.33794866610928e-06,-2.918644723445239e-05
3.997799559911982,PASSED,-0.2978717988791148,-7.841027614485047e-07,5.275070974690196e-06,2.82802768352972,4.308889060184303e-06,-2.897504505199386e-05
3.99879975995199,PASSED,-0.29787179966059363,-7.788479747294196e-07,5.241263882015132e-06,2.8280276878241875,4.28001191209161e-06,-2.8811883453158583e-05
3.999799959991998,PASSED,-0.29787180043683414,-7.736263173237603e-07,5.208586421422085e-06,2.828027692089869,4.251313385695228e-06,-2.8622955025197594e-05
4.000800160032006,PASSED,-0.2978718012078699,-7.684381514536536e-07,5.174552169229802e-06,2.828027696326947,4.222802746851275e-06,-2.843576138978873e-05
4.001800360072014,PASSED,-0.29787180197373414,-7.632836007471175e-07,5.141216398073452e-06,2.8280277005356096,4.194483578307863e-06,-2.8241439979159733e-05
4.002800560112022,PASSED,-0.29787180273445996,-7.581614538522651e-07,5.109433892705119e-06,2.8280277047160323,4.166330902673003e-06,-2.809349940532749e-05
4.00380076015203,PASSED,-0.29787180349008013,-7.530720099298558e-07,5.076117275545608e-06,2.8280277088683983,4.138359881941197e-06,-2.7889368282791623e-05
4.004800960192038,PASSED,-0.2978718042406275,-7.480158840216944e-07,5.0427983299053025e-06,2.8280277129928892,4.110583534957319e-06,-2.7700999451269442e-05
4.005801160232046,PASSED,-0.2978718049861343,-7.429914951833888e-07,5.0121158439057914e-06,2.828027717089677,4.08296466470957e-06,-2.7564117445401432e-05
4.006801360272054,PASSED,-0.297871805726633,-7.379991045884855e-07,4.979240428901721e-06,2.8280277211589473,4.055531787042642e-06,-2.734538448127773e-05
4.007801560312062,PASSED,-0.29787180646215566,-7.330395279531286e-07,4.946467439660277e-06,2.8280277252008714,4.028283510339877e-06,-2.7183538183756248e-05
4.00880176035207,PASSED,-0.29787180719273415,-7.281112680818111e-07,4.916121492422445e-06,2.828027729215627,4.0011948328300895e-06,-2.7025437060474112e-05
4.009801960392078,PASSED,-0.2978718079184001,-7.232141818658534e-07,4.884396031647772e-06,2.828027733203384,3.974279947356645e-06,-2.6841184415422656e-05
4.010802160432086,PASSED,-0.29787180863918505,-7.1834914395522e-07,4.852132496623882e-06,2.8280277371643203,3.947553663282678e-06,-2.664968384633032e-05
4.011802360472094,PASSED,-0.2978718093551204,-7.135152501464397e-07,4.821734683551252e-06,2.828027741098608,3.920991830333501e-06,-2.650326568440819e-05
4.012802560512102,PASSED,-0.29787181006623714,-7.087119306122024e-07,4.79104276802801e-06,2.8280277450064144,3.894587373489074e-06,-2.633858428443947e-05
4.01380276055211,PASSED,-0.29787181077256625,-7.039398145941017e-07,4.75949818481605e-06,2.8280277488879113,3.868366478706329e-06,-2.6142435114949674e-05
4.014802960592118,PASSED,-0.2978718114741385,-6.991984813191484e-07,4.7292233350448555e-06,2.828027752743265,3.842311450277747e-06,-2.59967573043378e-05
4.015803160632126,PASSED,-0.29787181217098446,-6.944872348715226e-07,4.699261856012915e-06,2.828027756572651,3.816422987044899e-06,-2.581626718518723e-05
4.016803360672134,PASSED,-0.2978718128631344,-6.898063075567943e-07,4.6687042872051944e-06,2.828027760376228,3.7906988790714386e-06,-2.5662668498975366e-05
4.017803560712142,PASSED,-0.2978718135506186,-6.851557887735748e-07,4.638395113895853e-06,2.8280277641541653,3.765140767619158e-06,-2.548840675448402e-05
4.01880376075215,PASSED,-0.29787181423346704,-6.805350973189652e-07,4.608889015085638e-06,2.828027767906631,3.7397558043984053e-06,-2.531600086493174e-05
4.019803960792158,PASSED,-0.29787181491170944,-6.759437750265715e-07,4.5796111439325134e-06,2.8280277716337814,3.714518961473826e-06,-2.518407096434465e-05
4.020804160832166,PASSED,-0.2978718155853757,-6.713823769051953e-07,4.549256106338537e-06,2.828027775335785,3.689449212085881e-06,-2.499353500367867e-05
4.021804360872174,PASSED,-0.29787181625449494,-6.668502760520297e-07,4.520664017716927e-06,2.828027779012804,3.6645544177336654e-06,-2.482896725124035e-05
4.022804560912182,PASSED,-0.2978718169190967,-6.623471801185205e-07,4.491383877370662e-06,2.8280277826649955,3.639802672667654e-06,-2.4700263609192367e-05
4.02380476095219,PASSED,-0.29787181757921,-6.578734776120983e-07,4.461914925789919e-06,2.828027786292523,3.615214531814255e-06,-2.4513392349537622e-05
4.024804960992198,PASSED,-0.2978718182348637,-6.534281827421733e-07,4.4342148326816865e-06,2.828027789895542,3.59079259261907e-06,-2.4360970425616835e-05
4.025805161032206,PASSED,-0.29787181888608666,-6.490115804859373e-07,4.404860538605462e-06,2.8280277934742126,3.566518440502368e-06,-2.421627324409204e-05
4.026805361072214,PASSED,-0.2978718195329073,-6.446239152408719e-07,4.376201716038751e-06,2.8280277970286933,3.542407077556494e-06,-2.404142274706122e-05
4.027805561112222,PASSED,-0.29787182017535413,-6.40264155618071e-07,4.348798227308998e-06,2.8280278005591373,3.5184514244131478e-06,-2.3898473407536334e-05
4.02880576115223,PASSED,-0.29787182081345537,-6.359324513342933e-07,4.320308321423497e-06,2.828027804065701,3.4946454507049528e-06,-2.3744307241967682e-05
4.029805961192238,PASSED,-0.2978718214472391,-6.316291775511094e-07,4.29191742435742e-06,2.8280278075485366,3.470993981892499e-06,-2.3589576526111306e-05
4.030806161232246,PASSED,-0.2978718220767331,-6.273532099697184e-07,4.265334352746654e-06,2.828027811007802,3.447502521827425e-06,-2.3426049091048835e-05
4.031806361272254,PASSED,-0.29787182270196505,-6.231049706986866e-07,4.236842549888383e-06,2.828027814443646,3.424157610572694e-06,-2.3290819363852356e-05
4.032806561312262,PASSED,-0.2978718233229626,-6.188846133676556e-07,4.209367185126175e-06,2.828027817856216,3.4009541271510347e-06,-2.314525946019697e-05
4.03380676135227,PASSED,-0.2978718239397531,-6.146910028886604e-07,4.183106008241226e-06,2.828027821245672,3.3779199904634877e-06,-2.2960054839113794e-05
4.034806961392278,PASSED,-0.2978718245523637,-6.105244994100219e-07,4.155435125569855e-06,2.8280278246121586,3.3550290781771712e-06,-2.284481725111823e-05
4.035807161432286,PASSED,-0.29787182516082156,-6.063855495002543e-07,4.127959765899503e-06,2.8280278279558204,3.3322661090540344e-06,-2.2708403704482e-05
4.036807361472294,PASSED,-0.29787182576515336,-6.02272843343475e-07,4.102537084032404e-06,2.8280278312768106,3.3096744509256517e-06,-2.2513827744316757e-05
4.037807561512302,PASSED,-0.29787182636538595,-5.981867385661983e-07,4.07514990610618e-06,2.828027834575276,3.287232387959571e-06,-2.2394219780590455e-05
4.03880776155231,PASSED,-0.2978718269615458,-5.941275748702463e-07,4.048506222515838e-06,2.8280278378513564,3.264905713050466e-06,-2.2281644994781508e-05
4.039807961592318,PASSED,-0.2978718275536593,-5.900942668203811e-07,4.023175934765078e-06,2.828027841105203,3.2427454590045873e-06,-2.2079326746610495e-05
4.040808161632326,PASSED,-0.2978718281417528,-5.860871555393156e-07,3.996401511932521e-06,2.828027844336962,3.2207455603073968e-06,-2.1946946664243675e-05
4.041808361672334,PASSED,-0.2978718287258521,-5.82106155971317e-07,3.970731605375941e-06,2.8280278475467657,3.1988457149661484e-06,-2.1868444459251905e-05
4.042808561712342,PASSED,-0.29787182930598327,-5.781509465924091e-07,3.944861227929265e-06,2.8280278507347663,3.177110113617645e-06,-2.1647039274670438e-05
4.04380876175235,PASSED,-0.29787182988217203,-5.74221321498437e-07,3.919467671334145e-06,2.828027853901103,3.1555374294084395e-06,-2.152311416556254e-05
4.044808961792358,PASSED,-0.29787183045444393,-5.703171463011767e-07,3.893980214544353e-06,2.8280278570459148,3.1340677805263194e-06,-2.1434005359825202e-05
4.045809161832366,PASSED,-0.2978718310228244,-5.664384692549809e-07,3.868474933963513e-06,2.8280278601693394,3.1127441281899817e-06,-2.125008365401321e-05
4.046809361872374,PASSED,-0.2978718315873387,-5.625850781737555e-07,3.843335179399963e-06,2.8280278632715206,3.0915859692420503e-06,-2.109687581054384e-05
4.047809561912382,PASSED,-0.29787183214801194,-5.587562685917613e-07,3.819125850390283e-06,2.8280278663525946,3.070543143431174e-06,-2.1006792477764412e-05
4.04880976195239,PASSED,-0.2978718327048691,-5.549527496122647e-07,3.793114398900699e-06,2.8280278694126952,3.049627459218135e-06,-2.08549453698886e-05
4.049809961992398,PASSED,-0.29787183325793487,-5.511738836470603e-07,3.7693670094070776e-06,2.8280278724519623,3.028872486402071e-06,-2.068832444684698e-05
4.050810162032406,PASSED,-0.2978718338072341,-5.474194642453622e-07,3.744454329892053e-06,2.8280278754705312,3.0082440353139964e-06,-2.0588535515560004e-05
4.051810362072414,PASSED,-0.29787183435279113,-5.436897296083898e-07,3.7199215083593053e-06,2.828027878468536,2.9877378596713655e-06,-2.0451269060677893e-05
4.052810562112422,PASSED,-0.29787183489463037,-5.399839495255809e-07,3.6963524657752877e-06,2.8280278814461117,2.9673802877357577e-06,-2.0295107185561165e-05
4.05381076215243,PASSED,-0.297871835432776,-5.36302286441096e-07,3.6718701636244897e-06,2.8280278844033893,2.94715233988523e-06,-2.0183174960505756e-05
4.054810962192438,PASSED,-0.2978718359672521,-5.32644898780187e-07,3.6477326590986813e-06,2.8280278873405003,2.9270443245746055e-06,-2.005790887737032e-05
4.055811162232446,PASSED,-0.29787183649808247,-5.290111241243158e-07,3.6244693203862837e-06,2.8280278902575766,2.907077246973645e-06,-1.990652341668821e-05
4.056811362272454,PASSED,-0.29787183702529096,-5.254009313787711e-07,3.6006750289837226e-06,2.828027893154751,2.8872459830368808e-06,-1.9781090950147728e-05
4.057811562312462,PASSED,-0.2978718375489011,-5.218144382483138e-07,3.5770385314394787e-06,2.8280278960321485,2.8675277497210332e-06,-1.967632822631431e-05
4.05881176235247,PASSED,-0.2978718380689364,-5.182514349627861e-07,3.5536464549199937e-06,2.8280278988899044,2.8479505749275906e-06,-1.9511072504860975e-05
4.059811962392478,PASSED,-0.2978718385854202,-5.147115034168343e-07,3.5307882733065186e-06,2.828027901728146,2.828508402088929e-06,-1.9396239727861567e-05
4.060812162432486,PASSED,-0.29787183909837556,-5.111944503994017e-07,3.5078961801830227e-06,2.8280279045469925,2.8091656903601533e-06,-1.9307026396051262e-05
4.061812362472494,PASSED,-0.2978718396078256,-5.077007239805966e-07,3.484279911219888e-06,2.828027907346578,2.789967895203212e-06,-1.912497433086779e-05
4.0628125625125024,PASSED,-0.2978718401137932,-5.042298989767914e-07,3.4618550655286233e-06,2.828027910127025,2.7709051126535947e-06,-1.9021321362117e-05
4.0638127625525104,PASSED,-0.297871840616301,-5.007811787698804e-07,3.4399636344992447e-06,2.8280279128884622,2.751947355706863e-06,-1.8915380669807648e-05
4.0648129625925185,PASSED,-0.29787184111537174,-4.973553623740319e-07,3.416384903414535e-06,2.8280279156310106,2.7331187548545578e-06,-1.877074764063791e-05
4.0658131626325265,PASSED,-0.2978718416110278,-4.939522761039531e-07,3.394220514521551e-06,2.828027918354793,2.7144208102418695e-06,-1.864940926072174e-05
4.0668133626725345,PASSED,-0.2978718421032915,-4.905707785165873e-07,3.3730156359287414e-06,2.8280279210599346,2.6958390133275354e-06,-1.8536722016742425e-05
4.0678135627125425,PASSED,-0.297871842592185,-4.872114648585701e-07,3.3501790060762728e-06,2.8280279237465558,2.6773777472075606e-06,-1.8410962188797033e-05
4.0688137627525505,PASSED,-0.29787184307773046,-4.838747942198895e-07,3.3276650604166888e-06,2.8280279264147787,2.659041638193996e-06,-1.8286206896742994e-05
4.0698139627925585,PASSED,-0.29787184355994967,-4.805594354526199e-07,3.3071545718382157e-06,2.8280279290647212,2.6408217719163436e-06,-1.817563919825809e-05
4.0708141628325665,PASSED,-0.2978718440388644,-4.772655491037174e-07,3.2850408669454752e-06,2.828027931696506,2.622721632817195e-06,-1.804980569974259e-05
4.0718143628725745,PASSED,-0.29787184451449633,-4.739937357158122e-07,3.262995068545055e-06,2.8280279343102532,2.6047471841923856e-06,-1.7924210574853673e-05
4.0728145629125825,PASSED,-0.29787184498686703,-4.707433091802561e-07,3.2420475135634547e-06,2.828027936906074,2.5868764710112393e-06,-1.783504825200788e-05
4.0738147629525905,PASSED,-0.29787184545599776,-4.6751376578593575e-07,3.2212073148249773e-06,2.8280279394840937,2.569132364765215e-06,-1.7683478242035993e-05
4.0748149629925985,PASSED,-0.29787184592190985,-4.6430588420950815e-07,3.198997750829368e-06,2.8280279420444234,2.5515068871114612e-06,-1.7586810594899123e-05
4.0758151630326065,PASSED,-0.29787184638462433,-4.6111899159796014e-07,3.1788225186937836e-06,2.8280279445871823,2.533987695715832e-06,-1.7474111929449544e-05
4.0768153630726145,PASSED,-0.2978718468441621,-4.5795239192843915e-07,3.158451103405757e-06,2.828027947112486,2.5165922548333087e-06,-1.734299351790607e-05
4.0778155631126225,PASSED,-0.2978718473005442,-4.548072523835266e-07,3.1362651725837194e-06,2.8280279496204472,2.4993101678044108e-06,-1.724148270289254e-05
4.0788157631526305,PASSED,-0.29787184775379116,-4.5168267351595735e-07,3.1167879975596486e-06,2.8280279521111793,2.482131913197912e-06,-1.7136102542235923e-05
4.0798159631926385,PASSED,-0.2978718482039237,-4.4857820305782964e-07,3.09625876517308e-06,2.8280279545847966,2.465075711196159e-06,-1.700293497476575e-05
4.0808161632326465,PASSED,-0.2978718486509622,-4.454944460898862e-07,3.075422436456939e-06,2.8280279570414093,2.448130233163497e-06,-1.690717340459284e-05
4.0818163632726545,PASSED,-0.29787184909492703,-4.424310936847317e-07,3.0553057176195945e-06,2.828027959481135,2.4312965089955453e-06,-1.6784758010191007e-05
4.0828165633126625,PASSED,-0.29787184953583834,-4.393874989873014e-07,3.035787350637431e-06,2.8280279619040813,2.4145744253269624e-06,-1.668030077417729e-05
4.0838167633526705,PASSED,-0.2978718499737162,-4.3636399833349415e-07,3.0153095225870715e-06,2.8280279643103534,2.39795012400943e-06,-1.658696834643535e-05
4.0848169633926785,PASSED,-0.2978718504085806,-4.333607115041927e-07,2.9952717004442885e-06,2.8280279667000676,2.3814492173362694e-06,-1.6443532224311018e-05
4.0858171634326865,PASSED,-0.29787185084045137,-4.3037684071465064e-07,2.976270182273972e-06,2.8280279690733305,2.3650584146506832e-06,-1.635564965976956e-05
4.0868173634726945,PASSED,-0.2978718512693482,-4.274126698934154e-07,2.9561045805427487e-06,2.8280279714302554,2.3487693386983272e-06,-1.6244693480747323e-05
4.0878175635127025,PASSED,-0.29787185169529057,-4.2446809572700924e-07,2.936887223648402e-06,2.8280279737709373,2.3325775284186864e-06,-1.6156554812237113e-05
4.0888177635527105,PASSED,-0.2978718521182981,-4.2154295810622374e-07,2.9173045522102425e-06,2.8280279760954956,2.3165086957157666e-06,-1.6010351296707606e-05
4.0898179635927185,PASSED,-0.2978718525383901,-4.186370682291336e-07,2.8982800936768348e-06,2.8280279784040303,2.3005443681405107e-06,-1.593364509428846e-05
4.0908181636327265,PASSED,-0.2978718529555856,-4.157501397321023e-07,2.8793607659343042e-06,2.8280279806966506,2.284674966819764e-06,-1.5826572138385385e-05
4.0918183636727345,PASSED,-0.2978718533699039,-4.1288242955556864e-07,2.85994311693326e-06,2.8280279829734583,2.268917200812687e-06,-1.571189525287131e-05
4.0928185637127426,PASSED,-0.29787185378136394,-4.10033751901536e-07,2.841167345432214e-06,2.828027985234556,2.2532602811096085e-06,-1.5620269336549448e-05
4.0938187637527506,PASSED,-0.29787185418998446,-4.072035481500184e-07,2.822894688907975e-06,2.8280279874800534,2.2377101334003027e-06,-1.5503399957810147e-05
4.094818963792759,PASSED,-0.29787185459578425,-4.0439213706684043e-07,2.8037553460245938e-06,2.828027989710049,2.2222628639012146e-06,-1.5409849193273024e-05
4.095819163832767,PASSED,-0.297871854998782,-4.015996449179882e-07,2.784983350737305e-06,2.8280279919246456,2.2069101126835647e-06,-1.5314685900568184e-05
4.096819363872775,PASSED,-0.2978718553989962,-3.988251953361851e-07,2.7674270691802226e-06,2.8280279941239486,2.191669760455212e-06,-1.5190796446875939e-05
4.097819563912783,PASSED,-0.29787185579644515,-3.960688864468852e-07,2.7488967693796657e-06,2.8280279963080504,2.176519656738077e-06,-1.5122975230641917e-05
4.098819763952791,PASSED,-0.29787185619114714,-3.933312489842011e-07,2.7301312582204564e-06,2.828027998477063,2.1614771578253858e-06,-1.4988848034057402e-05
4.099819963992799,PASSED,-0.2978718565831204,-3.906116075962027e-07,2.712648141183752e-06,2.828028000631078,2.146536466604626e-06,-1.49085866785611e-05
4.100820164032807,PASSED,-0.2978718569723829,-3.8790977592540617e-07,2.694620690538387e-06,2.828028002770196,2.1316809753085576e-06,-1.4820094374406165e-05
4.101820364072815,PASSED,-0.2978718573589526,-3.852259785767887e-07,2.6765817873368536e-06,2.828028004894514,2.1169313244373614e-06,-1.4702688535723161e-05
4.102820564112823,PASSED,-0.29787185774284725,-3.825598172220736e-07,2.6592143996339704e-06,2.828028007004136,2.1022913069911766e-06,-1.4598236719826006e-05
4.103820764152831,PASSED,-0.2978718581240847,-3.7991143747328807e-07,2.641156648219888e-06,2.8280280090991528,2.0877295861990556e-06,-1.4537376840317153e-05
4.104820964192839,PASSED,-0.29787185850268244,-3.772805700446838e-07,2.62400794886054e-06,2.8280280111796645,2.0732685209946266e-06,-1.4410190780503077e-05
4.105821164232847,PASSED,-0.2978718588786579,-3.746668902043441e-07,2.606794434659095e-06,2.828028013245765,2.0589142018430774e-06,-1.4317071398912843e-05
4.106821364272855,PASSED,-0.29787185925202864,-3.720709202160646e-07,2.5887536906931762e-06,2.828028015297553,2.0446450052871878e-06,-1.4237279993873611e-05
4.107821564312863,PASSED,-0.2978718596228117,-3.694918870074371e-07,2.5725528872504317e-06,2.828028017335122,2.0304710696374256e-06,-1.413170608702089e-05
4.108821764352871,PASSED,-0.2978718599910244,-3.669298451418108e-07,2.555034517876831e-06,2.828028019358565,2.016396660456904e-06,-1.403621124285534e-05
4.109821964392879,PASSED,-0.29787186035668367,-3.643852840353874e-07,2.5375788321212578e-06,2.8280280213679747,2.0024067845515643e-06,-1.3958985680329056e-05
4.110822164432887,PASSED,-0.2978718607198066,-3.618572403427258e-07,2.521686933021778e-06,2.8280280233634496,1.9885189270787684e-06,-1.3840438667773018e-05
4.111822364472895,PASSED,-0.2978718610804098,-3.593456373227643e-07,2.5048804112547e-06,2.828028025345074,1.9747166959522086e-06,-1.3776759432417714e-05
4.112822564512903,PASSED,-0.2978718614385102,-3.568514301936905e-07,2.487091607619799e-06,2.828028027312947,1.9610065596173605e-06,-1.3665720936467617e-05
4.113822764552911,PASSED,-0.2978718617941243,-3.5437358530432406e-07,2.471680410530895e-06,2.828028029267156,1.9473941246930373e-06,-1.3576910916226889e-05
4.114822964592919,PASSED,-0.2978718621472687,-3.519117892089673e-07,2.455206551907347e-06,2.828028031207795,1.933866650497179e-06,-1.3494516382280155e-05
4.115823164632927,PASSED,-0.2978718624979597,-3.494667972980795e-07,2.438182150208009e-06,2.82802803313495,1.9204253970036596e-06,-1.3405744901012539e-05
4.116823364672935,PASSED,-0.2978718628462137,-3.4703794976570094e-07,2.4226244538256623e-06,2.8280280350487144,1.9070809489259858e-06,-1.330358352878184e-05
4.117823564712943,PASSED,-0.2978718631920469,-3.446250930468473e-07,2.406344895538898e-06,2.8280280369491746,1.8938235632465387e-06,-1.3226587113223988e-05
4.118823764752951,PASSED,-0.2978718635354754,-3.422285648464211e-07,2.389983737017709e-06,2.828028038836422,1.8806521801912137e-06,-1.3134580350058856e-05
4.119823964792959,PASSED,-0.2978718638765151,-3.3984769128009633e-07,2.3748001191961366e-06,2.8280280407105374,1.867563375729187e-06,-1.305828720333847e-05
4.120824164832967,PASSED,-0.297871864215182,-3.3748275285660056e-07,2.358363959695498e-06,2.828028042571619,1.85457597177004e-06,-1.2940148463019842e-05
4.121824364872975,PASSED,-0.29787186455149195,-3.351337599035063e-07,2.34274561536007e-06,2.828028044419745,1.8416659735489377e-06,-1.2889898059823634e-05
4.122824564912983,PASSED,-0.2978718648854605,-3.3280026297150874e-07,2.327331143089279e-06,2.828028046255006,1.8288355815566927e-06,-1.2790721280525982e-05
4.123824764952991,PASSED,-0.29787186521710335,-3.304821727085206e-07,2.311929676254087e-06,2.828028048077487,1.8161054008768362e-06,-1.2689820279410097e-05
4.124824964992999,PASSED,-0.29787186554643597,-3.281798018304377e-07,2.295998345968759e-06,2.828028049887272,1.8034512619286843e-06,-1.2630351393980097e-05
4.125825165033007,PASSED,-0.2978718658734738,-3.258927961161176e-07,2.2810106265542662e-06,2.828028051684447,1.7908791089938976e-06,-1.2533353961991074e-05
4.126825365073015,PASSED,-0.2978718661982321,-3.236206215487944e-07,2.2662838611692177e-06,2.828028053469092,1.7783946028268624e-06,-1.2451940970397898e-05
4.127825565113023,PASSED,-0.297871866520726,-3.2136395183580515e-07,2.250260280869356e-06,2.828028055241297,1.765996516298674e-06,-1.23621835667157e-05
4.128825765153031,PASSED,-0.2978718668409708,-3.1912249507031825e-07,2.2355877552319536e-06,2.828028057001142,1.7536778661435232e-06,-1.2289627880774117e-05
4.129825965193039,PASSED,-0.2978718671589813,-3.1689562007800885e-07,2.2210664836943594e-06,2.828028058748706,1.741435122966594e-06,-1.2211486707699253e-05
4.130826165233047,PASSED,-0.2978718674747726,-3.1468382566572916e-07,2.2056130313366004e-06,2.8280280604840793,1.7292891253966814e-06,-1.2102338144721774e-05
4.131826365273055,PASSED,-0.2978718677883595,-3.124868984417562e-07,2.191136685730556e-06,2.8280280622073364,1.7172150924730767e-06,-1.2055162776192923e-05
4.132826565313063,PASSED,-0.29787186809975663,-3.103043705327372e-07,2.176788724544668e-06,2.8280280639185595,1.7052127211482391e-06,-1.1967177023934466e-05
4.133826765353071,PASSED,-0.29787186840897867,-3.081365698712763e-07,2.1618086194050103e-06,2.828028065617831,1.6933080509452726e-06,-1.1862998988988276e-05
4.134826965393079,PASSED,-0.29787186871604016,-3.059834571148123e-07,2.1473155145033683e-06,2.8280280673052305,1.6814789878284702e-06,-1.180643920201152e-05
4.135827165433087,PASSED,-0.29787186902095564,-3.0384461362709513e-07,2.133195469859629e-06,2.828028068980833,1.6697124870830922e-06,-1.1739875107622327e-05
4.136827365473095,PASSED,-0.2978718693237393,-3.017199453053461e-07,2.1189835563419472e-06,2.8280280706447245,1.6580455883160494e-06,-1.1618247873322894e-05
4.137827565513103,PASSED,-0.2978718696244056,-2.996096322243929e-07,2.104532764027401e-06,2.8280280722969775,1.646451945843044e-06,-1.1577238872793649e-05
4.138827765553111,PASSED,-0.2978718699229686,-2.9751347934087887e-07,2.0905662965051277e-06,2.8280280739376744,1.634924769900731e-06,-1.1493800655325701e-05
4.139827965593119,PASSED,-0.2978718702194424,-2.9543129625581817e-07,2.0765942774311047e-06,2.8280280755668867,1.6234818227827536e-06,-1.1409044759745125e-05
4.140828165633127,PASSED,-0.29787187051384095,-2.933629933752593e-07,2.0627752826440994e-06,2.8280280771847024,1.6121305499670337e-06,-1.131275818636973e-05
4.141828365673135,PASSED,-0.2978718708061783,-2.9130871986544923e-07,2.048605661253969e-06,2.8280280787911845,1.6008299796758707e-06,-1.129244502769184e-05
4.142828565713143,PASSED,-0.2978718710964682,-2.892683119321967e-07,2.0349427812515907e-06,2.828028080386416,1.5896079601749143e-06,-1.1175069149799192e-05
4.143828765753151,PASSED,-0.2978718713847243,-2.8724119237932947e-07,2.0219040672777164e-06,2.8280280819704733,1.578487376469174e-06,-1.1084260076367329e-05
4.144828965793159,PASSED,-0.29787187167096024,-2.8522778743944407e-07,2.007738854957219e-06,2.8280280835434297,1.5674197894849722e-06,-1.1056471589424696e-05
4.145829165833167,PASSED,-0.2978718719551897,-2.832282662340016e-07,1.9940427724325323e-06,2.828028085105359,1.556419012839502e-06,-1.096364668283384e-05
4.146829365873175,PASSED,-0.29787187223742617,-2.8124191050244866e-07,1.9812310376333062e-06,2.828028086656335,1.5455137132910616e-06,-1.0866401458844645e-05
4.147829565913183,PASSED,-0.2978718725176829,-2.7926871839891053e-07,1.967832814141357e-06,2.828028088196432,1.5346725128530049e-06,-1.0824399757531179e-05
4.148829765953191,PASSED,-0.29787187279597316,-2.7730907200867643e-07,1.954188774295878e-06,2.828028089725725,1.523896808661997e-06,-1.0743240479992599e-05
4.149829965993199,PASSED,-0.29787187307231033,-2.7536254428383795e-07,1.94142035853361e-06,2.8280280912442817,1.5132001879682539e-06,-1.066554083624339e-05
4.150830166033207,PASSED,-0.2978718733467074,-2.7342891221633e-07,1.928439873490846e-06,2.8280280927521786,1.5025793594687868e-06,-1.0591020274949767e-05
4.151830366073215,PASSED,-0.2978718736191775,-2.715085684015645e-07,1.9149464422818805e-06,2.828028094249487,1.4920248312734013e-06,-1.0530200142342675e-05
4.152830566113223,PASSED,-0.2978718738897336,-2.69601002774492e-07,1.9026450835995983e-06,2.828028095736275,1.481537262311553e-06,-1.0459148174851987e-05
4.153830766153231,PASSED,-0.29787187415838845,-2.6770616264849214e-07,1.8896368209333526e-06,2.8280280972126195,1.471132822273102e-06,-1.036796794751713e-05
4.154830966193239,PASSED,-0.29787187442515495,-2.6582423522058066e-07,1.8767878325635766e-06,2.8280280986785846,1.4607882789113112e-06,-1.032892697130677e-05
4.155831166233247,PASSED,-0.29787187469004583,-2.6395493707322107e-07,1.8643050238903167e-06,2.828028100134239,1.4505052615676e-06,-1.025241092531434e-05
4.156831366273255,PASSED,-0.29787187495307366,-2.620981556371639e-07,1.8517657108351666e-06,2.828028101579662,1.4403189004818999e-06,-1.014232785929077e-05
4.157831566313263,PASSED,-0.29787187521425107,-2.602539432372211e-07,1.8391768593479818e-06,2.8280281030149093,1.4301762955258037e-06,-1.0142789687299908e-05
4.158831766353271,PASSED,-0.29787187547359045,-2.5842227477875754e-07,1.826662857873913e-06,2.8280281044400617,1.420104838778845e-06,-1.002390145339802e-05
4.159831966393279,PASSED,-0.29787187573110424,-2.566027416499227e-07,1.8147799761421348e-06,2.8280281058551777,1.4101149218270951e-06,-9.967260617318014e-06
4.160832166433287,PASSED,-0.2978718759868047,-2.5479552146432185e-07,1.8021803252400334e-06,2.828028107260332,1.4001815674999158e-06,-9.910750133753816e-06
4.161832366473295,PASSED,-0.29787187624070416,-2.5300075404203654e-07,1.789825486982215e-06,2.8280281086555887,1.390316320789193e-06,-9.834911095368854e-06
4.162832566513303,PASSED,-0.2978718764928146,-2.5121784078276633e-07,1.7783051074622119e-06,2.828028110041014,1.3805202661769797e-06,-9.770150290109882e-06
4.163832766553311,PASSED,-0.29787187674314825,-2.494469126260674e-07,1.7660101895234398e-06,2.828028111416676,1.3707906676531333e-06,-9.702564013004179e-06
4.164832966593319,PASSED,-0.2978718769917171,-2.4768827308774504e-07,1.7537257708549022e-06,2.8280281127826368,1.3611199441026137e-06,-9.649496575529748e-06
4.165833166633327,PASSED,-0.2978718772385329,-2.4594111806467035e-07,1.7427745245545175e-06,2.828028114138965,1.3515205503599931e-06,-9.56599185401429e-06
4.166833366673335,PASSED,-0.29787187748360777,-2.442060484417962e-07,1.729933021753926e-06,2.828028115485728,1.3419917974397268e-06,-9.503926964434353e-06
4.167833566713343,PASSED,-0.2978718777269533,-2.424826259627078e-07,1.7190821173114106e-06,2.8280281168229884,1.3325185801789952e-06,-9.452744124929827e-06
4.168833766753351,PASSED,-0.29787187796858117,-2.407706297500257e-07,1.7072722762625537e-06,2.828028118150809,1.3231075713187628e-06,-9.383185350434072e-06
4.169833966793359,PASSED,-0.2978718782085031,-2.3907065617522346e-07,1.695107773828657e-06,2.8280281194692525,1.3137655704626342e-06,-9.314544526591617e-06
4.170834166833367,PASSED,-0.29787187844673046,-2.3738190700456896e-07,1.684510101871738e-06,2.828028120778387,1.304490365222946e-06,-9.2489790484196e-06
4.171834366873375,PASSED,-0.2978718786832749,-2.3570463544300274e-07,1.6724458680292277e-06,2.8280281220782713,1.2952690336681948e-06,-9.202899892305607e-06
4.172834566913383,PASSED,-0.2978718789181477,-2.3403872814765956e-07,1.6615482468858093e-06,2.828028123368969,1.2861109681258948e-06,-9.128175975629955e-06
4.173834766953391,PASSED,-0.2978718791513603,-2.3238404766904277e-07,1.6501019664374368e-06,2.8280281246505456,1.2770272570595321e-06,-9.054067793517755e-06
4.174834966993399,PASSED,-0.29787187938292387,-2.307407095409267e-07,1.6388289025685053e-06,2.828028125923058,1.2679912469382126e-06,-9.02397167318739e-06
4.175835167033407,PASSED,-0.2978718796128495,-2.291083409457562e-07,1.6280617235718202e-06,2.828028127186573,1.2590210146743853e-06,-8.934405990920457e-06
4.176835367073415,PASSED,-0.29787187984114843,-2.2748717111975983e-07,1.6165752276127417e-06,2.8280281284411464,1.2501157029676275e-06,-8.885915517316018e-06
4.177835567113423,PASSED,-0.2978718800678316,-2.2587697439468246e-07,1.6059443900537974e-06,2.8280281296868406,1.2412618297072293e-06,-8.832511755786153e-06
4.178835767153431,PASSED,-0.29787188029291,-2.2427762129569737e-07,1.5949589049392818e-06,2.828028130923713,1.2324695172838525e-06,-8.765512868437269e-06
4.179835967193439,PASSED,-0.29787188051639457,-2.2268927407959648e-07,1.5839394235419952e-06,2.8280281321518315,1.2237504084349929e-06,-8.688172835807947e-06
4.180836167233447,PASSED,-0.29787188073829607,-2.2111165930525308e-07,1.5733983415443483e-06,2.8280281333712494,1.2150790692898746e-06,-8.660116684658428e-06
4.181836367273455,PASSED,-0.2978718809586252,-2.1954456608594757e-07,1.5628898044796519e-06,2.8280281345820284,1.2064636921945933e-06,-8.585550702363455e-06
4.182836567313463,PASSED,-0.29787188117739277,-2.1798832905464676e-07,1.5518018491815716e-06,2.828028135784224,1.1979151210797032e-06,-8.523918056574505e-06
4.183836767353471,PASSED,-0.2978718813946093,-2.1644268656885438e-07,1.5415362435329257e-06,2.8280281369778937,1.189415460307166e-06,-8.48348924984566e-06
4.184836967393479,PASSED,-0.2978718816102853,-2.149073528633035e-07,1.5311986802294878e-06,2.828028138163099,1.1809791714056732e-06,-8.404822002591165e-06
4.185837167433487,PASSED,-0.29787188182443136,-2.1338246547308354e-07,1.5206798635469682e-06,2.8280281393399003,1.1726105711974507e-06,-8.344452345310264e-06
4.186837367473495,PASSED,-0.2978718820370577,-2.1186812478165312e-07,1.5101145766860104e-06,2.828028140508349,1.164282011813059e-06,-8.317964077113086e-06
4.187837567513503,PASSED,-0.2978718822481749,-2.1036413980546549e-07,1.4998985758553845e-06,2.828028141668501,1.156007018338444e-06,-8.246346406283095e-06
4.188837767553511,PASSED,-0.29787188245779306,-2.08870143710555e-07,1.4900611076138797e-06,2.828028142820419,1.1478108495740178e-06,-8.162717003187955e-06
4.189837967593519,PASSED,-0.2978718826659224,-2.0738635610651158e-07,1.479605268329754e-06,2.828028143964153,1.1396551360906147e-06,-8.151044470213186e-06
4.190838167633527,PASSED,-0.2978718828725731,-2.059129522917638e-07,1.4692695123598467e-06,2.828028145099764,1.131551989337177e-06,-8.071214942253869e-06
4.191838367673535,PASSED,-0.29787188307775525,-2.0444935384504273e-07,1.4598177362952045e-06,2.8280281462273016,1.1235123124949547e-06,-8.018651442201113e-06
4.192838567713543,PASSED,-0.29787188328147873,-2.0299557061275076e-07,1.4497602296231534e-06,2.828028147346825,1.115523839520392e-06,-7.968353996137164e-06
4.193838767753551,PASSED,-0.2978718834837536,-2.015520068091085e-07,1.4394328529883107e-06,2.82802814845839,1.1075924889085706e-06,-7.906681688944368e-06
4.194838967793559,PASSED,-0.2978718836845897,-2.0011829461819953e-07,1.4298984161894502e-06,2.8280281495620456,1.0997104053733691e-06,-7.865684766039258e-06
4.195839167833567,PASSED,-0.29787188388399694,-1.9869416094476074e-07,1.4202905116049856e-06,2.8280281506578513,1.0918865939865622e-06,-7.795895800651833e-06
4.196839367873575,PASSED,-0.2978718840819849,-1.9727974586059866e-07,1.4104981325334602e-06,2.8280281517458574,1.0841171696013968e-06,-7.751776774841127e-06
4.197839567913583,PASSED,-0.29787188427856337,-1.9587520198229028e-07,1.4005743754916985e-06,2.828028152826115,1.0763899619514218e-06,-7.710828233397736e-06
4.198839767953591,PASSED,-0.2978718844737419,-1.9448003516983463e-07,1.3915617704316096e-06,2.8280281538986825,1.068727650547705e-06,-7.629966850596215e-06
4.199839967993599,PASSED,-0.2978718846675302,-1.9309443445736262e-07,1.381626673832237e-06,2.8280281549636084,1.0611168643891744e-06,-7.597999030486663e-06
4.200840168033607,PASSED,-0.2978718848599376,-1.9171856126744586e-07,1.3720375339731386e-06,2.8280281560209466,1.0535488009715057e-06,-7.548106342456766e-06
4.201840368073615,PASSED,-0.2978718850509736,-1.9035161300681698e-07,1.3635554117326978e-06,2.8280281570707477,1.046040323316072e-06,-7.4820585307519374e-06
4.202840568113623,PASSED,-0.29787188524064756,-1.8899414919063444e-07,1.353402752482458e-06,2.828028158113065,1.0385857246744673e-06,-7.436292048839436e-06
4.203840768153631,PASSED,-0.2978718854289687,-1.8764625601805569e-07,1.3442201193096297e-06,2.8280281591479492,1.0311743101439956e-06,-7.394829518226696e-06
4.204840968193639,PASSED,-0.2978718856159466,-1.8630758033499943e-07,1.3349793922206465e-06,2.8280281601754504,1.023815931674859e-06,-7.334077769742955e-06
4.205841168233647,PASSED,-0.29787188580159,-1.8497762728747973e-07,1.3266021510524053e-06,2.8280281611956193,1.0165112912296365e-06,-7.28501556220896e-06
4.206841368273655,PASSED,-0.2978718859859084,-1.8365703174956642e-07,1.316591129153905e-06,2.8280281622085046,1.009250367679477e-06,-7.244862208792877e-06
4.207841568313663,PASSED,-0.29787188616891075,-1.823457317777184e-07,1.3077725336440688e-06,2.828028163214161,1.0020482297154805e-06,-7.173655134132101e-06
4.208841768353671,PASSED,-0.29787188635060596,-1.8104298530022944e-07,1.2993957733855864e-06,2.828028164212632,9.94889108674472e-07,-7.149431645592858e-06
4.209841968393679,PASSED,-0.2978718865310031,-1.7974938185972702e-07,1.2897418852469663e-06,2.8280281652039707,9.877756478522108e-07,-7.089480273373598e-06
4.210842168433687,PASSED,-0.2978718867101111,-1.784648391068991e-07,1.2810766645485222e-06,2.828028166188222,9.80715831590707e-07,-7.040040253591007e-06
4.211842368473695,PASSED,-0.29787188688793864,-1.7718861241948127e-07,1.2729933693307294e-06,2.8280281671654404,9.737092710160472e-07,-6.98424078870567e-06
4.212842568513703,PASSED,-0.29787188706449463,-1.7592139466091207e-07,1.2633673513948187e-06,2.828028168135671,9.667449362529602e-07,-6.951064079341036e-06
4.213842768553711,PASSED,-0.29787188723978775,-1.7466311261539852e-07,1.254891841592691e-06,2.8280281690989617,9.598253387783154e-07,-6.8986197381806236e-06
4.214842968593719,PASSED,-0.29787188741382664,-1.7341300098159026e-07,1.2469248286186398e-06,2.8280281700553576,9.529564810152067e-07,-6.849016446393929e-06
4.215843168633727,PASSED,-0.2978718875866199,-1.7217164343159073e-07,1.2376460309201388e-06,2.828028171004911,9.461392536446646e-07,-6.796034653307443e-06
4.216843368673735,PASSED,-0.2978718877581763,-1.709392327481513e-07,1.2289204517856012e-06,2.8280281719476674,9.393661901510405e-07,-6.7577493871685335e-06
4.217843568713743,PASSED,-0.29787188792850405,-1.6971469901887076e-07,1.2216092476104944e-06,2.828028172883671,9.326325609407211e-07,-6.717549092419964e-06
4.218843768753751,PASSED,-0.2978718880976116,-1.6849863405226831e-07,1.2123687792637578e-06,2.828028173812969,9.259512355623118e-07,-6.657176235735607e-06
4.219843968793759,PASSED,-0.29787188826550753,-1.672914409170334e-07,1.203742705882361e-06,2.8280281747356093,9.193200354615799e-07,-6.613882677396084e-06
4.220844168833767,PASSED,-0.2978718884322001,-1.6609209750592458e-07,1.1964105479264327e-06,2.8280281756516357,9.127254026422016e-07,-6.58179958069976e-06
4.221844368873775,PASSED,-0.2978718885976975,-1.6490090515486116e-07,1.187713553154787e-06,2.8280281765610966,9.061831599987163e-07,-6.515871352008796e-06
4.222844568913783,PASSED,-0.29787188876200804,-1.6371837000790668e-07,1.1790828761542439e-06,2.8280281774640335,8.996854256928292e-07,-6.485642941806131e-06
4.223844768953791,PASSED,-0.2978718889251398,-1.6254368740997216e-07,1.1717490791213705e-06,2.8280281783604937,8.932261054414595e-07,-6.441771791078762e-06
4.224844968993799,PASSED,-0.29787188908710105,-1.6137696930381923e-07,1.1633641241739613e-06,2.8280281792505204,8.868164729076816e-07,-6.388206362244106e-06
4.225845169033807,PASSED,-0.29787188924789965,-1.602185414301893e-07,1.1551370399338743e-06,2.82802818013416,8.804539688565377e-07,-6.34536917707713e-06
4.226845369073815,PASSED,-0.2978718894075437,-1.5906801311555292e-07,1.1474558311046958e-06,2.8280281810114527,8.741255937056694e-07,-6.317045800062278e-06
4.227845569113823,PASSED,-0.2978718895660412,-1.5792523999486672e-07,1.1396513137405454e-06,2.8280281818824444,8.678455980541948e-07,-6.255295552416301e-06
4.228845769153831,PASSED,-0.2978718897234,-1.5679066002495682e-07,1.131199074022839e-06,2.828028182747182,8.616195715270239e-07,-6.20651384367398e-06
4.229845969193839,PASSED,-0.297871889879628,-1.5566386762899052e-07,1.1238546105952112e-06,2.8280281836057033,8.554201918658879e-07,-6.194623539444162e-06
4.230846169233847,PASSED,-0.29787189003473286,-1.5454441365273997e-07,1.1165202200207384e-06,2.828028184458051,8.492625315771819e-07,-6.133018121547119e-06
4.231846369273855,PASSED,-0.2978718901887225,-1.5343305154275166e-07,1.1079233699666973e-06,2.8280281853042726,8.431686158127774e-07,-6.067847526309509e-06
4.232846569313863,PASSED,-0.29787189034160455,-1.5232952153610023e-07,1.1006010977745754e-06,2.828028186144405,8.37097336125995e-07,-6.0735677937642864e-06
4.233846769353871,PASSED,-0.29787189049338664,-1.5123316136508652e-07,1.0935328865064413e-06,2.8280281869784964,8.310689625294617e-07,-5.998244131712732e-06
4.234846969393879,PASSED,-0.2978718906440764,-1.5014473599263986e-07,1.0850203630734556e-06,2.828028187806583,8.250952929143741e-07,-5.957286604004218e-06
4.235847169433887,PASSED,-0.29787189079368126,-1.490636950988177e-07,1.078387914321305e-06,2.8280281886287075,8.191502950295287e-07,-5.936805405406199e-06
4.236847369473895,PASSED,-0.2978718909422089,-1.4798996041537506e-07,1.0706325295235116e-06,2.828028189444913,8.132490491035854e-07,-5.877539606301177e-06
4.237847569513903,PASSED,-0.2978718910896666,-1.4692393824437357e-07,1.0629485986534844e-06,2.82802819025524,8.073965241306563e-07,-5.83584855068117e-06
4.238847769553911,PASSED,-0.2978718912360619,-1.4586522080916893e-07,1.055896659572092e-06,2.8280281910597274,8.015731078722833e-07,-5.815128063501026e-06
4.239847969593919,PASSED,-0.297871891381402,-1.4481365643693148e-07,1.0486761806810056e-06,2.828028191858415,7.957912269121253e-07,-5.7597162245958755e-06
4.240848169633927,PASSED,-0.2978718915256943,-1.4376945841398107e-07,1.0412125844632984e-06,2.828028192651346,7.900609439098892e-07,-5.7106608539962585e-06
4.241848369673935,PASSED,-0.2978718916689461,-1.4273267209843175e-07,1.0338354696066712e-06,2.8280281934385587,7.843607956905986e-07,-5.693139796153558e-06
4.242848569713943,PASSED,-0.2978718918111644,-1.4170267332668103e-07,1.0274409731800396e-06,2.8280281942200944,7.786997737178314e-07,-5.639610090509552e-06
4.243848769753951,PASSED,-0.2978718919523566,-1.406800991888735e-07,1.0193295808925102e-06,2.8280281949959885,7.730815572582501e-07,-5.603954038962162e-06
4.244848969793959,PASSED,-0.2978718920925297,-1.3966472849609411e-07,1.0127314340372914e-06,2.828028195766282,7.674979505731304e-07,-5.5700417825581526e-06
4.245849169833967,PASSED,-0.29787189223169064,-1.3865592943499806e-07,1.0061774791352141e-06,2.828028196531015,7.61957466273952e-07,-5.520779310258585e-06
4.246849369873975,PASSED,-0.2978718923698466,-1.3765443749982987e-07,9.98368239190145e-07,2.828028197290225,7.564559858837619e-07,-5.48861444347794e-06
4.247849569913983,PASSED,-0.2978718925070046,-1.3666009422998922e-07,9.916599569410159e-07,2.8280281980439517,7.50990402140351e-07,-5.450229943365947e-06
4.248849769953991,PASSED,-0.2978718926431713,-1.356722108780847e-07,9.853656152135692e-07,2.828028198792228,7.455574485641756e-07,-5.421435998048307e-06
4.249849969993999,PASSED,-0.29787189277835385,-1.346913672770569e-07,9.778289249038808e-07,2.8280281995350993,7.401722784100167e-07,-5.360992924899351e-06
4.250850170034007,PASSED,-0.29787189291255894,-1.3371742567081736e-07,9.713500604633461e-07,2.8280282002725965,7.348195361240576e-07,-5.347241859999004e-06
4.251850370074015,PASSED,-0.29787189304579337,-1.3275004654260933e-07,9.647318400378231e-07,2.828028201004762,7.295014546422853e-07,-5.2986412296211444e-06
4.252850570114023,PASSED,-0.2978718931780639,-1.3178956521168166e-07,9.57647658187581e-07,2.8280282017316285,7.242236872784577e-07,-5.2638514532986635e-06
4.253850770154031,PASSED,-0.29787189330937724,-1.308357891976229e-07,9.511949179728876e-07,2.828028202453236,7.189836832223195e-07,-5.224105791364472e-06
4.254850970194039,PASSED,-0.29787189343973997,-1.2988838439007693e-07,9.448780672613023e-07,2.8280282031696204,7.137783045749182e-07,-5.192893884759114e-06
4.255851170234047,PASSED,-0.2978718935691588,-1.2894781463159868e-07,9.376975526228608e-07,2.8280282038808164,7.086062869042727e-07,-5.158100194569853e-06
4.256851370274055,PASSED,-0.29787189369764017,-1.280137996818247e-07,9.315598812080481e-07,2.8280282045868614,7.034736535536244e-07,-5.115655454700583e-06
4.257851570314063,PASSED,-0.2978718938251907,-1.2708599620926453e-07,9.252992001282822e-07,2.8280282052877928,6.98381088469332e-07,-5.077171504020171e-06
4.258851770354071,PASSED,-0.2978718939518169,-1.2616493465648414e-07,9.182364545484955e-07,2.8280282059836432,6.933156817677937e-07,-5.057563499883613e-06
4.259851970394079,PASSED,-0.29787189407752507,-1.2525026445202677e-07,9.122927043965971e-07,2.8280282066744458,6.882811728875507e-07,-5.019139133815881e-06
4.260852170434087,PASSED,-0.2978718942023217,-1.2434168006808188e-07,9.061121703104145e-07,2.828028207360243,6.833008015741217e-07,-4.9545260998377e-06
4.261852370474095,PASSED,-0.2978718943262132,-1.2343974867201832e-07,8.991442132323412e-07,2.8280282080410664,6.78345556350794e-07,-4.9557246389876e-06
4.262852570514103,PASSED,-0.2978718944492057,-1.2254402981997187e-07,8.934352779225059e-07,2.828028208716947,6.734089861666404e-07,-4.923800547597844e-06
4.263852770554111,PASSED,-0.29787189457130553,-1.2165435231703789e-07,8.871723196083052e-07,2.828028209387925,6.685315386276854e-07,-4.846545533193065e-06
4.264852970594119,PASSED,-0.29787189469251896,-1.207711231252979e-07,8.806004398277695e-07,2.8280282100540313,6.636821568157199e-07,-4.851272664480414e-06
4.265853170634127,PASSED,-0.29787189481285214,-1.1989408313184188e-07,8.746663625414985e-07,2.8280282107152974,6.588454739765737e-07,-4.826956288923613e-06
4.266853370674135,PASSED,-0.29787189493231125,-1.1902281378541273e-07,8.690046690209283e-07,2.8280282113717616,6.540668666109985e-07,-4.746374750009452e-06
4.267853570714143,PASSED,-0.2978718950509022,-1.1815775450656007e-07,8.624290187404608e-07,2.828028212023455,6.493195604193674e-07,-4.747927152712256e-06
4.268853770754151,PASSED,-0.2978718951686314,-1.1729923322119937e-07,8.559161297742063e-07,2.8280282126704144,6.445913855826185e-07,-4.715006626106587e-06
4.269853970794159,PASSED,-0.29787189528550456,-1.1644612749623466e-07,8.512321217583725e-07,2.828028213312668,6.399058166933729e-07,-4.665943731338338e-06
4.270854170834167,PASSED,-0.2978718954015278,-1.1559892223788964e-07,8.445206827361121e-07,2.8280282139502533,6.352578402017098e-07,-4.635998331879677e-06
4.271854370874175,PASSED,-0.297871895516707,-1.1475816953305518e-07,8.38240719566692e-07,2.828028214583199,6.306307872717877e-07,-4.621089328617146e-06
4.272854570914183,PASSED,-0.2978718956310481,-1.1392298567350928e-07,8.331459528653745e-07,2.828028215211539,6.260395090607505e-07,-4.571404132650691e-06
4.273854770954191,PASSED,-0.2978718957445569,-1.1309336217180264e-07,8.27275200934132e-07,2.828028215835304,6.2148480949163e-07,-4.543563193433559e-06
4.274854970994199,PASSED,-0.29787189585723933,-1.1227001467827447e-07,8.207290219241946e-07,2.828028216454529,6.169600187909842e-07,-4.5122757054540125e-06
4.275855171034207,PASSED,-0.29787189596910096,-1.1145228903557062e-07,8.157233898902597e-07,2.828028217069244,6.124648748155186e-07,-4.483722822140206e-06
4.276855371074215,PASSED,-0.2978718960801478,-1.1064012572345218e-07,8.097899269372258e-07,2.8280282176794795,6.079993031001308e-07,-4.4534709775528074e-06
4.277855571114223,PASSED,-0.2978718961903854,-1.098338666835571e-07,8.039051152003363e-07,2.8280282182852705,6.035734917376521e-07,-4.407371619096011e-06
4.278855771154231,PASSED,-0.2978718962998194,-1.0903312431997932e-07,7.986338624960784e-07,2.8280282188866437,5.991712437663783e-07,-4.398832206059076e-06
4.279855971194239,PASSED,-0.2978718964084555,-1.0823795018109249e-07,7.928676564806306e-07,2.828028219483633,5.947985028385661e-07,-4.35534674231425e-06
4.280856171234247,PASSED,-0.2978718965162993,-1.0744846561881174e-07,7.872291661475009e-07,2.828028220076268,5.904647186470775e-07,-4.319409157604793e-06
4.281856371274255,PASSED,-0.2978718966233563,-1.066644663304493e-07,7.818460365057376e-07,2.8280282206645815,5.861576383107495e-07,-4.298861122143676e-06
4.282856571314263,PASSED,-0.297871896729632,-1.0588586151522184e-07,7.764440010419316e-07,2.828028221248598,5.818706531839159e-07,-4.279067796626804e-06
4.283856771354271,PASSED,-0.29787189683513193,-1.0511288206896225e-07,7.706697430713675e-07,2.828028221828354,5.776288527645019e-07,-4.216955501272045e-06
4.284856971394279,PASSED,-0.29787189693986155,-1.043453371774474e-07,7.654616571438373e-07,2.8280282224038733,5.734096314174214e-07,-4.220731910952832e-06
4.285857171434287,PASSED,-0.2978718970438262,-1.0358292596433004e-07,7.603775837663636e-07,2.8280282229751914,5.692168203606863e-07,-4.174197153923196e-06
4.286857371474295,PASSED,-0.2978718971470313,-1.0282604890610618e-07,7.545433745288753e-07,2.828028223542337,5.650661234334637e-07,-4.135030109422406e-06
4.287857571514303,PASSED,-0.2978718972494821,-1.0207457733892031e-07,7.494236956238433e-07,2.828028224105335,5.609300623152652e-07,-4.136748457382575e-06
4.288857771554311,PASSED,-0.29787189735118397,-1.0132813187669487e-07,7.444599732931765e-07,2.828028224664217,5.568242423013541e-07,-4.08520105159698e-06
4.289857971594319,PASSED,-0.2978718974521422,-1.005872474954865e-07,7.385006531518251e-07,2.8280282252190148,5.527627347672216e-07,-4.045711855822872e-06
4.290858171634327,PASSED,-0.29787189755236193,-9.985135385351705e-08,7.341556345145249e-07,2.828028225769755,5.487174357905557e-07,-4.045023723894719e-06
4.291858371674335,PASSED,-0.2978718976518484,-9.912045898021156e-08,7.287210324994597e-07,2.828028226316464,5.446930133668387e-07,-4.010688223598777e-06
4.292858571714343,PASSED,-0.29787189775060685,-9.83952230401464e-08,7.229125451089731e-07,2.828028226859171,5.407114645514624e-07,-3.962122543227849e-06
4.293858771754351,PASSED,-0.2978718978486422,-9.7674710629571e-08,7.189123208863395e-07,2.828028227397904,5.367527888224227e-07,-3.956377852914313e-06
4.294858971794359,PASSED,-0.2978718979459597,-9.69591356268046e-08,7.13350124019789e-07,2.8280282279326947,5.328206645423789e-07,-3.915955231463458e-06
4.295859171834367,PASSED,-0.29787189804256436,-9.624901039609413e-08,7.079753018375679e-07,2.828028228463568,5.289205738050075e-07,-3.889514407976601e-06
4.296859371874375,PASSED,-0.29787189813846116,-9.55436676139955e-08,7.035877689393332e-07,2.828028228990551,5.250429791603294e-07,-3.869648135812422e-06
4.297859571914383,PASSED,-0.2978718982336551,-9.484324020144145e-08,6.983205082971978e-07,2.8280282295136714,5.211915100737443e-07,-3.839349720433494e-06
4.298859771954391,PASSED,-0.29787189832815125,-9.414796219721058e-08,6.932496681866733e-07,2.8280282300329547,5.173696412891235e-07,-3.8102148274123e-06
4.299859971994399,PASSED,-0.29787189842195433,-9.34572952001036e-08,6.889452163871578e-07,2.8280282305484343,5.135818342151715e-07,-3.7728685716450837e-06
4.300860172034407,PASSED,-0.29787189851506934,-9.277160488884719e-08,6.835203745025914e-07,2.8280282310601295,5.098086606784275e-07,-3.7733768468098196e-06
4.301860372074415,PASSED,-0.29787189860750113,-9.20909778352807e-08,6.786981729424222e-07,2.8280282315680707,5.060635512071751e-07,-3.7262645542139577e-06
4.302860572114423,PASSED,-0.29787189869925446,-9.14147914906401e-08,6.745117924393982e-07,2.828028232072282,5.023532049580756e-07,-3.699734045689899e-06
4.303860772154431,PASSED,-0.29787189879033416,-9.074357794467415e-08,6.690147149836594e-07,2.8280282325727937,4.986654670175257e-07,-3.6797405371233315e-06
4.304860972194439,PASSED,-0.297871898880745,-9.007725995887853e-08,6.64520166336917e-07,2.8280282330696314,4.950037151942321e-07,-3.6497593474071126e-06
4.305861172234447,PASSED,-0.2978718989704917,-8.941528051774616e-08,6.602856243293399e-07,2.8280282335628173,4.913645328362218e-07,-3.6321310317458662e-06
4.306861372274455,PASSED,-0.29787189905957895,-8.87581380313747e-08,6.550470610661884e-07,2.828028234052379,4.87751623001646e-07,-3.600095703129211e-06
4.307861572314463,PASSED,-0.29787189914801143,-8.810591064725464e-08,6.503475994893075e-07,2.828028234538342,4.841677834493965e-07,-3.5730021183295778e-06
4.308861772354471,PASSED,-0.29787189923579366,-8.745775075166938e-08,6.467014263159026e-07,2.8280282350207324,4.806085301262307e-07,-3.5500874597233475e-06
4.309861972394479,PASSED,-0.2978718993229303,-8.681441383878518e-08,6.410939039297296e-07,2.828028235499576,4.770734101420035e-07,-3.525141667229621e-06
4.310862172434487,PASSED,-0.29787189940942593,-8.617602192810393e-08,6.365905818489338e-07,2.8280282359748954,4.735609457712105e-07,-3.5040128398354086e-06
4.311862372474495,PASSED,-0.2978718994952851,-8.554150799533941e-08,6.331295000415477e-07,2.8280282364467175,4.700763776259756e-07,-3.4716050155011373e-06
4.312862572514503,PASSED,-0.2978718995805123,-8.491174464767249e-08,6.275192460838348e-07,2.828028236915068,4.6661962439943987e-07,-3.446852033892098e-06
4.313862772554511,PASSED,-0.29787189966511196,-8.428675957997298e-08,6.232956154433027e-07,2.82802823737997,4.631810453297152e-07,-3.4330637602796056e-06
4.314862972594519,PASSED,-0.29787189974908856,-8.366573568092285e-08,6.195094214547008e-07,2.8280282378414467,4.5976640987916995e-07,-3.402349910722384e-06
4.315863172634527,PASSED,-0.2978718998324465,-8.304909759273981e-08,6.147238660019075e-07,2.828028238299526,4.5638541743334637e-07,-3.3667541358910637e-06
4.316863372674535,PASSED,-0.2978718999151902,-8.243729678940601e-08,6.098520948883944e-07,2.8280282387542273,4.530163780669239e-07,-3.370562853443371e-06
4.317863572714543,PASSED,-0.2978718999973239,-8.182944920613695e-08,6.065112421894906e-07,2.828028239205577,4.4967310105106497e-07,-3.325086457469285e-06
4.318863772754551,PASSED,-0.2978719000788521,-8.122593444785456e-08,6.015171023443218e-07,2.828028239653601,4.463682143779559e-07,-3.2914201502022397e-06
4.319863972794559,PASSED,-0.297871900159779,-8.062700763129389e-08,5.971999593715545e-07,2.828028240098318,4.4306807571176905e-07,-3.305951010176637e-06
4.320864172834567,PASSED,-0.2978719002401088,-8.0031936027932e-08,5.936526993554467e-07,2.8280282405397577,4.3979870980860225e-07,-3.2449758318268617e-06
4.321864372874575,PASSED,-0.29787190031984584,-7.944118346830663e-08,5.888191331386484e-07,2.8280282409779356,4.365558393125088e-07,-3.241466938937821e-06
4.322864572914583,PASSED,-0.29787190039899425,-7.885477865516158e-08,5.847952664826625e-07,2.828028241412881,4.333301872062806e-07,-3.2151088844218e-06
4.323864772954591,PASSED,-0.29787190047755824,-7.827240296587116e-08,5.807626378289272e-07,2.8280282418446143,4.301311693170094e-07,-3.1882905591708078e-06
4.3248649729945985,PASSED,-0.297871900555542,-7.769430501952205e-08,5.763214853625797e-07,2.828028242273159,4.269549108637499e-07,-3.16823704931863e-06
4.3258651730346065,PASSED,-0.29787190063294966,-7.712014786818494e-08,5.727142619867993e-07,2.828028242698538,4.237987833610923e-07,-3.148054471550168e-06
4.3268653730746145,PASSED,-0.2978719007097852,-7.655004681798067e-08,5.683589090159218e-07,2.828028243120773,4.2066639451830096e-07,-3.1219450902854886e-06
4.3278655731146225,PASSED,-0.2978719007860528,-7.598427820889694e-08,5.640417424622755e-07,2.828028243539888,4.1755758479918804e-07,-3.1000528049978633e-06
4.3288657731546305,PASSED,-0.29787190086175647,-7.542231878403741e-08,5.605712131243496e-07,2.8280282439559032,4.14468710812008e-07,-3.0814214419681968e-06
4.3298659731946385,PASSED,-0.29787190093690014,-7.48641672994673e-08,5.565383322006096e-07,2.8280282443688414,4.114025677286007e-07,-3.0559575110333762e-06
4.3308661732346465,PASSED,-0.29787190101148786,-7.431042911695032e-08,5.51871416061243e-07,2.8280282447787233,4.083579414001081e-07,-3.037072206798792e-06
4.3318663732746545,PASSED,-0.29787190108552364,-7.376044422878572e-08,5.487272029001839e-07,2.828028245185573,4.05336381773032e-07,-3.0112179072608645e-06
4.3328665733146625,PASSED,-0.29787190115901135,-7.32141336794935e-08,5.446994468869047e-07,2.82802824558941,4.0233470776798286e-07,-2.9953114035746105e-06
4.3338667733546705,PASSED,-0.2978719012319549,-7.267203780950185e-08,5.403601520614652e-07,2.8280282459902577,3.9935592149941933e-07,-2.9677695118894628e-06
4.3348669733946785,PASSED,-0.29787190130435814,-7.213378695837795e-08,5.368446504988643e-07,2.8280282463881363,3.963983799622014e-07,-2.950722887436907e-06
4.3358671734346865,PASSED,-0.297871901376225,-7.159914167430255e-08,5.331790397930896e-07,2.8280282467830657,3.9345732963746257e-07,-2.9346019496068504e-06
4.3368673734746945,PASSED,-0.29787190144755915,-7.106829890990047e-08,5.292852474747432e-07,2.828028247175071,3.905453849937001e-07,-2.89683977319955e-06
4.3378675735147025,PASSED,-0.29787190151836457,-7.054162688057637e-08,5.249298838903364e-07,2.8280282475641685,3.8764977817835094e-07,-2.8947848434489283e-06
4.3388677735547105,PASSED,-0.29787190158864496,-7.001845682739496e-08,5.219968327087919e-07,2.8280282479503813,3.847705430400702e-07,-2.8688686681685816e-06
4.3398679735947185,PASSED,-0.297871901658404,-6.949882351339494e-08,5.180576348608399e-07,2.8280282483337262,3.81915414713966e-07,-2.8459680980612354e-06
4.3408681736347265,PASSED,-0.2978719017276455,-6.898329630210766e-08,5.138402622382298e-07,2.8280282487142334,3.790915923471995e-07,-2.809058545903319e-06
4.3418683736747345,PASSED,-0.2978719017963731,-6.847130834865288e-08,5.107530809324715e-07,2.828028249091912,3.7627069587855867e-07,-2.8287884171324833e-06
4.3428685737147426,PASSED,-0.2978719018645905,-6.796281334692342e-08,5.069896155941031e-07,2.8280282494667865,3.734683880996097e-07,-2.7846540201599595e-06
4.343868773754751,PASSED,-0.2978719019323013,-6.745804415210477e-08,5.032889143016668e-07,2.82802824983888,3.7070952536043866e-07,-2.7416685518450177e-06
4.344868973794759,PASSED,-0.2978719019995092,-6.695700157987878e-08,4.995450108422252e-07,2.828028250208207,3.6794999046102487e-07,-2.7714457977929527e-06
4.345869173834767,PASSED,-0.2978719020662177,-6.645931395643913e-08,4.964493651712606e-07,2.828028250574791,3.6520785554015304e-07,-2.7225943362577417e-06
4.346869373874775,PASSED,-0.2978719021324304,-6.596526575802351e-08,4.924474205785307e-07,2.82802825093865,3.625040121113336e-07,-2.6913428238604995e-06
4.347869573914783,PASSED,-0.2978719021981509,-6.547496119561667e-08,4.888759902923848e-07,2.8280282512998043,3.59806843355459e-07,-2.7010527105506223e-06
4.348869773954791,PASSED,-0.2978719022633827,-6.49880473582687e-08,4.856057353850482e-07,2.8280282516582718,3.5712252645321235e-07,-2.6731596967106064e-06
4.349869973994799,PASSED,-0.29787190232812927,-6.450432766028742e-08,4.824623397121265e-07,2.8280282520140774,3.544788699773178e-07,-2.623987662017194e-06
4.350870174034807,PASSED,-0.2978719023923941,-6.402442057656375e-08,4.782035797313722e-07,2.8280282523672318,3.518361477295404e-07,-2.6552119716175394e-06
4.351870374074815,PASSED,-0.2978719024561806,-6.35480664881164e-08,4.751210942579941e-07,2.8280282527177567,3.4920492416935317e-07,-2.615231285900282e-06
4.352870574114823,PASSED,-0.29787190251949225,-6.307471794312477e-08,4.721668454807359e-07,2.8280282530656757,3.4662121331141587e-07,-2.562697239295306e-06
4.353870774154831,PASSED,-0.2978719025823324,-6.260480045184466e-08,4.6841792181304277e-07,2.8280282534110026,3.440397025564716e-07,-2.594053098710187e-06
4.354870974194839,PASSED,-0.2978719026447046,-6.213874378257922e-08,4.6448250090035966e-07,2.828028253753756,3.4146187844068533e-07,-2.567004793836984e-06
4.355871174234847,PASSED,-0.2978719027066119,-6.167549028216124e-08,4.6243416676305404e-07,2.828028254093954,3.3892417931712965e-07,-2.5181620100347965e-06
4.356871374274855,PASSED,-0.2978719027680579,-6.121559837521696e-08,4.5819706706510254e-07,2.8280282544316195,3.3640664495835376e-07,-2.517115924603305e-06
4.357871574314863,PASSED,-0.2978719028290458,-6.075950364423025e-08,4.546931736011098e-07,2.828028254766768,3.338902017747609e-07,-2.5159946895858917e-06
4.358871774354871,PASSED,-0.2978719028895789,-6.030614902103042e-08,4.5246225626565e-07,2.8280282550994165,3.313984899394011e-07,-2.4755232658757582e-06
4.359871974394879,PASSED,-0.29787190294966037,-5.985602860299638e-08,4.4855919254632187e-07,2.828028255429583,3.289319737849786e-07,-2.4605114134536266e-06
4.360872174434887,PASSED,-0.29787190300929367,-5.940983351629355e-08,4.446190161405094e-07,2.8280282557572844,3.264710405257467e-07,-2.461214489750703e-06
4.361872374474895,PASSED,-0.2978719030684818,-5.896618890767224e-08,4.4299500360850277e-07,2.8280282560825416,3.240349668586337e-07,-2.4193131186878935e-06
4.362872574514903,PASSED,-0.2978719031272281,-5.8525555817442345e-08,4.3905848131082606e-07,2.8280282564053723,3.216232913738923e-07,-2.4065837287769594e-06
4.363872774554911,PASSED,-0.29787190318553575,-5.808879608422526e-08,4.352272344879194e-07,2.828028256725791,3.192147688688767e-07,-2.409815022508012e-06
4.364872974594919,PASSED,-0.2978719032434078,-5.7654829639068655e-08,4.3312591893572664e-07,2.828028257043815,3.1682532930669073e-07,-2.375855921971229e-06
4.365873174634927,PASSED,-0.2978719033008474,-5.7223806828663365e-08,4.296207380516655e-07,2.8280282573594646,3.1446829104651294e-07,-2.344493152315477e-06
4.366873374674935,PASSED,-0.29787190335785774,-5.679626768722637e-08,4.2615141036054833e-07,2.8280282576727522,3.1211089035946194e-07,-2.3660057102080152e-06
4.367873574714943,PASSED,-0.29787190341444186,-5.6371365363908366e-08,4.240695986229709e-07,2.828028257983701,3.097752696003092e-07,-2.3153641251159136e-06
4.368873774754951,PASSED,-0.29787190347060283,-5.594972022655168e-08,4.200288298458353e-07,2.828028258292323,3.074661059224235e-07,-2.3050300463988626e-06
4.369873974794959,PASSED,-0.2978719035263437,-5.553133009547717e-08,4.172976652269508e-07,2.8280282585986347,3.0515844881633605e-07,-2.3094084792131514e-06
4.370874174834967,PASSED,-0.2978719035816675,-5.511565846880176e-08,4.1458760097438915e-07,2.8280282589026573,3.0287752964159697e-07,-2.261926305089679e-06
4.371874374874975,PASSED,-0.29787190363657723,-5.4703133511954326e-08,4.11149860762797e-07,2.8280282592044035,3.0061518652794903e-07,-2.2626209860200872e-06
4.372874574914983,PASSED,-0.2978719036910758,-5.429347246243624e-08,4.0866850868828617e-07,2.8280282595038906,2.983580029842908e-07,-2.253558582083611e-06
4.373874774954991,PASSED,-0.2978719037451663,-5.388688597555907e-08,4.051984723364264e-07,2.828028259801135,2.9612470530650496e-07,-2.219790408253977e-06
4.374874974994999,PASSED,-0.29787190379885164,-5.3483274214435335e-08,4.025539536486039e-07,2.8280282600961506,2.939055136061092e-07,-2.2187925618236123e-06
4.375875175035007,PASSED,-0.2978719038521347,-5.308227628841759e-08,3.999605742638495e-07,2.8280282603889604,2.917066763215946e-07,-2.18553376630852e-06
4.376875375075015,PASSED,-0.2978719039050184,-5.268438205566366e-08,3.965166717473205e-07,2.8280282606795715,2.8951711559230614e-07,-2.192245371275072e-06
4.377875575115023,PASSED,-0.2978719039575056,-5.2289533141652755e-08,3.9373707551996294e-07,2.828028260968005,2.873431802206188e-07,-2.1617287052955334e-06
4.378875775155031,PASSED,-0.29787190400959923,-5.189724912519755e-08,3.9131531041202766e-07,2.828028261254274,2.851916563497761e-07,-2.1447206478741507e-06
4.379875975195039,PASSED,-0.29787190406130204,-5.1507747405195167e-08,3.882926597292873e-07,2.828028261538399,2.830552909802438e-07,-2.130795183971086e-06
4.380876175235047,PASSED,-0.297871904112617,-5.112148874577464e-08,3.849026592146861e-07,2.8280282618203887,2.809238345059553e-07,-2.1318973345001113e-06
4.381876375275055,PASSED,-0.2978719041635467,-5.0737627517111084e-08,3.83166941629464e-07,2.828028262100263,2.788168402377179e-07,-2.090392224062243e-06
4.382876575315063,PASSED,-0.2978719042140941,-5.035646798120508e-08,3.798212654236925e-07,2.8280282623780386,2.767319729389644e-07,-2.0811840152143563e-06
4.383876775355071,PASSED,-0.29787190426426186,-4.997844276140761e-08,3.768278560466486e-07,2.828028262653724,2.7464152179571396e-07,-2.0966292286078195e-06
4.384876975395079,PASSED,-0.29787190431405286,-4.9603036804887416e-08,3.7445802350256165e-07,2.828028262927343,2.7258381806327707e-07,-2.0317534016562727e-06
4.385877175435087,PASSED,-0.29787190436346966,-4.923002219520044e-08,3.7205233380991474e-07,2.8280282631989015,2.705383904865471e-07,-2.054543693445854e-06
4.386877375475095,PASSED,-0.29787190441251504,-4.8859974330605907e-08,3.687115517842856e-07,2.8280282634684237,2.685004258637306e-07,-2.026911909063525e-06
4.387877575515103,PASSED,-0.2978719044611917,-4.8492905895511577e-08,3.6597302396769363e-07,2.828028263735916,2.6648142520497363e-07,-2.0137264918859888e-06
4.388877775555111,PASSED,-0.2978719045095024,-4.812805690124075e-08,3.6409964113958855e-07,2.828028264001398,2.6447827051642616e-07,-1.9961068196551416e-06
4.389877975595119,PASSED,-0.2978719045574496,-4.776580555385275e-08,3.6101915155361796e-07,2.828028264264884,2.624905851394845e-07,-1.9820710817993764e-06
4.390878175635127,PASSED,-0.29787190460503604,-4.740651167557095e-08,3.5814369610059185e-07,2.828028264526385,2.6051057572464316e-07,-1.978634970202667e-06
4.391878375675135,PASSED,-0.2978719046522643,-4.704955622788194e-08,3.5616328208128475e-07,2.8280282647859196,2.585513152496041e-07,-1.946344144930014e-06
4.392878575715143,PASSED,-0.297871904699137,-4.6695305079105966e-08,3.529763932390946e-07,2.828028265043499,2.5660656044623785e-07,-1.943695242323777e-06
4.393878775755151,PASSED,-0.2978719047456568,-4.634377626359863e-08,3.505637636861736e-07,2.828028265299141,2.5467364797532004e-07,-1.925723956647188e-06
4.394878975795159,PASSED,-0.2978719047918261,-4.59945331430634e-08,3.4836269176793113e-07,2.8280282655528537,2.5275117313370924e-07,-1.9203087649198457e-06
4.395879175835167,PASSED,-0.2978719048376476,-4.564782030780383e-08,3.4561293092066957e-07,2.8280282658046585,2.5085137673336463e-07,-1.8861214906278533e-06
4.396879375875175,PASSED,-0.2978719048831237,-4.530379084002705e-08,3.4297382568084684e-07,2.8280282660545626,2.489588920421127e-07,-1.8967268250013595e-06
4.397879575915183,PASSED,-0.29787190492825694,-4.496210505200103e-08,3.408270962561299e-07,2.8280282663025846,2.470784709342637e-07,-1.8695506297474395e-06
4.398879775955191,PASSED,-0.29787190497304983,-4.4623146318964195e-08,3.3771315755730733e-07,2.8280282665487353,2.4521930157220016e-07,-1.8522485169409817e-06
4.399879975995199,PASSED,-0.2978719050175048,-4.4286514028872364e-08,3.3591171178150993e-07,2.8280282667930274,2.433652566286857e-07,-1.8552425612301577e-06
4.400880176035207,PASSED,-0.2978719050616244,-4.395213924200012e-08,3.333501702660647e-07,2.828028267035478,2.415290618318244e-07,-1.8234962872820662e-06
4.401880376075215,PASSED,-0.29787190510541106,-4.3620506421286936e-08,3.3048792101126805e-07,2.8280282672761006,2.397131559668991e-07,-1.8108455833541756e-06
4.402880576115223,PASSED,-0.297871905148867,-4.32910460661159e-08,3.287753112775522e-07,2.828028267514905,2.378981486123758e-07,-1.817781868636063e-06
4.403880776155231,PASSED,-0.29787190519199486,-4.2964035731465335e-08,3.2583368356590977e-07,2.8280282677519066,2.3609853915838203e-07,-1.7874945108989068e-06
4.404880976195239,PASSED,-0.29787190523479695,-4.2639631049566e-08,3.2345201412160847e-07,2.828028267987117,2.343188758800861e-07,-1.7744424565606102e-06
4.405881176235247,PASSED,-0.29787190527727564,-4.231737919532535e-08,3.2145174765334933e-07,2.828028268220551,2.3254770202933847e-07,-1.7689947802056107e-06
4.406881376275255,PASSED,-0.29787190531943325,-4.199741275849087e-08,3.1897622962189995e-07,2.8280282684522198,2.3078689895478482e-07,-1.7553419374523562e-06
4.407881576315263,PASSED,-0.29787190536127217,-4.167992437380518e-08,3.164964880615455e-07,2.8280282686821363,2.2904213544653574e-07,-1.7377112221135422e-06
4.408881776355271,PASSED,-0.2978719054027947,-4.136467119073899e-08,3.144243130692725e-07,2.828028268910317,2.273153586727251e-07,-1.7194871416087082e-06
4.409881976395279,PASSED,-0.29787190544400316,-4.105169731232377e-08,3.1200692197919095e-07,2.8280282691367704,2.2559276178302487e-07,-1.7246700550945724e-06
4.410882176435287,PASSED,-0.2978719054848998,-4.0741061089188947e-08,3.097224239052322e-07,2.8280282693615098,2.2388141408750262e-07,-1.7024661224740601e-06
4.411882376475295,PASSED,-0.2978719055254869,-4.0432715890469274e-08,3.0742704859596304e-07,2.828028269584548,2.2219059771775947e-07,-1.6830498679225323e-06
4.412882576515303,PASSED,-0.29787190556576676,-4.012653452732883e-08,3.0535090617010356e-07,2.8280282698058987,2.2051035888646943e-07,-1.678364806868344e-06
4.413882776555311,PASSED,-0.29787190560574167,-3.982272293856222e-08,3.0278537716428573e-07,2.828028270025572,2.1883445028485112e-07,-1.6742711314516312e-06
4.414882976595319,PASSED,-0.2978719056454136,-3.9520918729381613e-08,3.011500971914806e-07,2.8280282702435833,2.1718193402878244e-07,-1.6380130058133853e-06
4.415883176635327,PASSED,-0.29787190568478505,-3.9221407984979845e-08,2.984178425419551e-07,2.828028270459941,2.1553669077689642e-07,-1.6500634159344201e-06
4.416883376675335,PASSED,-0.29787190572385813,-3.8924306987463416e-08,2.962231008327501e-07,2.828028270674659,2.1389632776806101e-07,-1.6338960707693944e-06
4.417883576715343,PASSED,-0.297871905762635,-3.86290559842653e-08,2.9460293810837016e-07,2.82802827088775,2.1228030332178271e-07,-1.6041100299509146e-06
4.418883776755351,PASSED,-0.2978719058011178,-3.8335943105768096e-08,2.9211950542309264e-07,2.8280282710992237,2.106687786522114e-07,-1.6164677626515776e-06
4.419883976795359,PASSED,-0.2978719058393087,-3.804537929437677e-08,2.8952668203680375e-07,2.8280282713090963,2.090702246781105e-07,-1.586611448400509e-06
4.420884176835367,PASSED,-0.29787190587720985,-3.7756599581950876e-08,2.8828173268529573e-07,2.8280282715173746,2.0748556138767648e-07,-1.5833645184563534e-06
4.421884376875375,PASSED,-0.2978719059148233,-3.7469849343540105e-08,2.857292422277571e-07,2.8280282717240732,2.059093671355571e-07,-1.5714140745613786e-06
4.422884576915383,PASSED,-0.2978719059521513,-3.718559982117534e-08,2.832630424561e-07,2.828028271929201,2.0434436912506471e-07,-1.5607206344464074e-06
4.423884776955391,PASSED,-0.2978719059891958,-3.690317039224911e-08,2.8187368657298094e-07,2.8280282721327734,2.0279567089051039e-07,-1.5406833012929171e-06
4.424884976995399,PASSED,-0.2978719060259589,-3.662265926728602e-08,2.7960275055648875e-07,2.828028272334799,2.012555737291497e-07,-1.5397064014058972e-06
4.425885177035407,PASSED,-0.29787190606244274,-3.634446772136836e-08,2.772507428251171e-07,2.828028272535287,1.9971941861091658e-07,-1.5337875961179145e-06
4.426885377075415,PASSED,-0.2978719060986493,-3.606825252870683e-08,2.755248258858034e-07,2.828028272734254,1.9820752960428504e-07,-1.4972899469739424e-06
4.427885577115423,PASSED,-0.29787190613458064,-3.5794019499693e-08,2.733718310991839e-07,2.828028272931706,1.9669950237069444e-07,-1.5151854246683456e-06
4.428885777155431,PASSED,-0.2978719061702387,-3.552168941910347e-08,2.716355802497537e-07,2.8280282731276585,1.952001361901539e-07,-1.4888200177886916e-06
4.429885977195439,PASSED,-0.29787190620562565,-3.5251642355723684e-08,2.6898805213313585e-07,2.8280282733221216,1.9372249499404312e-07,-1.4701886483255245e-06
4.430886177235447,PASSED,-0.2978719062407433,-3.49833623021955e-08,2.67808054458217e-07,2.828028273515103,1.9224424113240513e-07,-1.483630670512979e-06
4.431886377275455,PASSED,-0.2978719062755937,-3.471693305870898e-08,2.6551003617205153e-07,2.8280282737066185,1.9077992486935095e-07,-1.4514399914149779e-06
4.432886577315463,PASSED,-0.2978719063101788,-3.445274684390212e-08,2.6330366723007617e-07,2.828028273896672,1.8932812767116834e-07,-1.452035336027694e-06
4.433886777355471,PASSED,-0.29787190634450056,-3.4190357881906354e-08,2.6177915850621523e-07,2.8280282740852822,1.878880191235482e-07,-1.4321573553483948e-06
4.434886977395479,PASSED,-0.2978719063785609,-3.392990996435704e-08,2.5956042357805353e-07,2.8280282742724565,1.8645909147614456e-07,-1.4267745087738155e-06
4.435887177435487,PASSED,-0.2978719064123618,-3.367144785702459e-08,2.5772989650204094e-07,2.828028274458198,1.8502581805994405e-07,-1.4376060211516345e-06
4.436887377475495,PASSED,-0.29787190644590505,-3.3414756422284914e-08,2.559991268981029e-07,2.8280282746425334,1.8363040757711095e-07,-1.367280123954087e-06
4.437887577515503,PASSED,-0.29787190647919265,-3.3159996893468755e-08,2.539331300948667e-07,2.828028274825456,1.8222706559848665e-07,-1.427383215071123e-06
4.438887777555511,PASSED,-0.29787190651222634,-3.290709160243598e-08,2.522200649913812e-07,2.8280282750069876,1.80826361843224e-07,-1.382917448723684e-06
4.439887977595519,PASSED,-0.29787190654500817,-3.2656187028696465e-08,2.5002757957160237e-07,2.8280282751871333,1.794598560140099e-07,-1.3555647495410346e-06
4.440888177635527,PASSED,-0.2978719065775399,-3.240700315261475e-08,2.486214070884611e-07,2.8280282753659054,1.7808954898566133e-07,-1.3801352142202813e-06
4.441888377675535,PASSED,-0.2978719066098234,-3.215954918861567e-08,2.466756686061479e-07,2.828028275543315,1.7672453612077565e-07,-1.3549312986626408e-06
4.442888577715543,PASSED,-0.2978719066418604,-3.1914116498738215e-08,2.446040373916581e-07,2.828028275719368,1.753780364471732e-07,-1.3408785902289642e-06
4.443888777755551,PASSED,-0.2978719066736529,-3.167047434161584e-08,2.430009036095103e-07,2.828028275894076,1.7403719942719344e-07,-1.3408093064803092e-06
4.444888977795559,PASSED,-0.29787190670520247,-3.142839059209526e-08,2.414723134613016e-07,2.828028276067451,1.7270816220856155e-07,-1.321189160066289e-06
4.445889177835567,PASSED,-0.2978719067365111,-3.1188349707482644e-08,2.3908659871349836e-07,2.8280282762395017,1.7139223494552653e-07,-1.3124193316808297e-06
4.446889377875575,PASSED,-0.2978719067675805,-3.095023392902807e-08,2.3746856494862714e-07,2.8280282764102376,1.7007931142670554e-07,-1.313259643581113e-06
4.447889577915583,PASSED,-0.2978719067984124,-3.071329962089662e-08,2.3657813692000773e-07,2.8280282765796683,1.687772077411655e-07,-1.2946663801793286e-06
4.448889777955591,PASSED,-0.2978719068290086,-3.0478456086288295e-08,2.3368713306720285e-07,2.8280282767478027,1.674894506257975e-07,-1.2831509388270722e-06
4.449889977995599,PASSED,-0.2978719068593707,-3.0245452692210686e-08,2.3254756808454775e-07,2.8280282769146536,1.6621070434701372e-07,-1.2758098387549391e-06
4.450890178035607,PASSED,-0.2978719068895006,-3.001393127097473e-08,2.3083732333690346e-07,2.8280282770802265,1.6493532149367686e-07,-1.275098196391489e-06
4.451890378075615,PASSED,-0.29787190691939996,-2.9784293781024478e-08,2.288376010258115e-07,2.828028277244533,1.6367354506292894e-07,-1.252895253652233e-06
4.452890578115623,PASSED,-0.29787190694907045,-2.9556389490301824e-08,2.272820838538844e-07,2.8280282774075816,1.6242315678952326e-07,-1.2487169532413123e-06
4.453890778155631,PASSED,-0.2978719069785138,-2.9329938238016118e-08,2.2589736457358578e-07,2.828028277569382,1.6117699105910176e-07,-1.244464915208297e-06
4.454890978195639,PASSED,-0.2978719070077316,-2.910531319398864e-08,2.2377683033007397e-07,2.828028277729941,1.5993911442734141e-07,-1.2334844427950448e-06
4.455891178235647,PASSED,-0.2978719070367256,-2.8882402796473434e-08,2.2233277563862493e-07,2.828028277889273,1.5871996012455166e-07,-1.209600876119556e-06
4.456891378275655,PASSED,-0.29787190706549743,-2.8661020787268414e-08,2.2074816491595218e-07,2.828028278047383,1.5750258472960856e-07,-1.2225584074921085e-06
4.457891578315663,PASSED,-0.29787190709404876,-2.8441337562691085e-08,2.1897326435158306e-07,2.828028278204281,1.562899752595916e-07,-1.2059768450335253e-06
4.458891778355671,PASSED,-0.2978719071223812,-2.8223245461989464e-08,2.1750465826831168e-07,2.828028278359978,1.55098775434248e-07,-1.1813484788836763e-06
4.459891978395679,PASSED,-0.2978719071504964,-2.8006708250382943e-08,2.1589224716532517e-07,2.82802827851448,1.5390833584880687e-07,-1.1965003231460773e-06
4.460892178435687,PASSED,-0.29787190717839584,-2.779182206759729e-08,2.142154731992092e-07,2.828028278667794,1.527176936581707e-07,-1.1867367689628825e-06
4.461892378475695,PASSED,-0.2978719072060813,-2.757866757075589e-08,2.1244717926952383e-07,2.828028278819936,1.515573747536155e-07,-1.142706994950065e-06
4.462892578515703,PASSED,-0.2978719072335542,-2.7366946000928013e-08,2.11237830200113e-07,2.828028278970907,1.5039293634092064e-07,-1.1789260245247136e-06
4.463892778555711,PASSED,-0.2978719072608163,-2.7156810113681088e-08,2.0940125861146696e-07,2.8280282791207214,1.4923030316386028e-07,-1.1517712787508057e-06
4.464892978595719,PASSED,-0.297871907287869,-2.6948259790265938e-08,2.0798303328427302e-07,2.8280282792693825,1.4808864086786092e-07,-1.1349229741650529e-06
4.465893178635727,PASSED,-0.2978719073147139,-2.67412011259714e-08,2.0644241830137726e-07,2.828028279416905,1.4695538515582156e-07,-1.1321442039555938e-06
4.466893378675735,PASSED,-0.29787190734135255,-2.653572798021751e-08,2.0482696405556972e-07,2.8280282795632923,1.4582068943218933e-07,-1.1363967367499802e-06
4.467893578715743,PASSED,-0.29787190736778646,-2.633180203288067e-08,2.0332526952434452e-07,2.828028279708557,1.4470223409839968e-07,-1.1064943984827579e-06
4.468893778755751,PASSED,-0.29787190739401714,-2.6129238935076075e-08,2.0205498332476544e-07,2.8280282798527017,1.4358969747086018e-07,-1.1165647802439588e-06
4.469893978795759,PASSED,-0.29787190742004616,-2.5928366661095e-08,2.0008380108528163e-07,2.828028279995739,1.424820290111392e-07,-1.101737579372333e-06
4.470894178835767,PASSED,-0.29787190744587494,-2.572894780674219e-08,1.9897555653116888e-07,2.828028280137676,1.413891354926043e-07,-1.0869974779765923e-06
4.471894378875775,PASSED,-0.2978719074715051,-2.553090616410011e-08,1.9741903338268971e-07,2.828028280278523,1.4030428481874115e-07,-1.0834194711208465e-06
4.472894578915783,PASSED,-0.2978719074969379,-2.533442433663685e-08,1.958570235169668e-07,2.8280282804182812,1.392145796359423e-07,-1.093895657250852e-06
4.473894778955791,PASSED,-0.29787190752217496,-2.513939294489153e-08,1.9448097056421958e-07,2.828028280556968,1.381491913396672e-07,-1.0463833889579042e-06
4.474894978995799,PASSED,-0.2978719075472177,-2.4945811934597367e-08,1.9298103678079198e-07,2.8280282806945833,1.3708743202323398e-07,-1.0720099347501242e-06
4.475895179035807,PASSED,-0.29787190757206755,-2.4753574338055218e-08,1.9174196971638925e-07,2.828028280831143,1.360275953287616e-07,-1.0517212009539065e-06
4.476895379075815,PASSED,-0.297871907596726,-2.4562891315494886e-08,1.8997705778962812e-07,2.828028280966648,1.3498070607013772e-07,-1.043667963737198e-06
4.477895579115823,PASSED,-0.29787190762119437,-2.4373592019771727e-08,1.8884745434551152e-07,2.828028281101111,1.3394298709948516e-07,-1.033752975262769e-06
4.478895779155831,PASSED,-0.2978719076454741,-2.4185585929251235e-08,1.8744518130381705e-07,2.828028281234534,1.3290439624334684e-07,-1.0418161100553527e-06
4.479895979195839,PASSED,-0.2978719076695667,-2.3999191293030426e-08,1.856942728321355e-07,2.828028281366933,1.3188601147547462e-07,-1.0027638730834589e-06
4.480896179235847,PASSED,-0.29787190769347344,-2.3814046775931e-08,1.8477801327762207e-07,2.8280282814983067,1.3086655775955555e-07,-1.0305802778094544e-06
4.481896379275855,PASSED,-0.29787190771719585,-2.363037414532237e-08,1.8293570882930292e-07,2.828028281628666,1.298479609837322e-07,-1.0106077744993053e-06
4.482896579315863,PASSED,-0.2978719077407351,-2.3447892828439844e-08,1.82178388918007e-07,2.8280282817580233,1.2885937057063137e-07,-9.73912172168515e-07
4.483896779355871,PASSED,-0.29787190776409267,-2.326689942066635e-08,1.8020342034382254e-07,2.828028281886381,1.278632605036597e-07,-1.0109086635071029e-06
4.484896979395879,PASSED,-0.2978719077872699,-2.3087423031711106e-08,1.7899170136285308e-07,2.8280282820137477,1.268659049142495e-07,-9.883202066789352e-07
4.485897179435887,PASSED,-0.2978719078102682,-2.2908898899242325e-08,1.782124198727343e-07,2.8280282821401292,1.2589227828989303e-07,-9.638309028081366e-07
4.486897379475895,PASSED,-0.29787190783308876,-2.27318524083823e-08,1.762692048515486e-07,2.8280282822655356,1.2492293814742066e-07,-9.730129689152266e-07
4.487897579515903,PASSED,-0.29787190785573303,-2.2556413934842252e-08,1.748846526657133e-07,2.8280282823899725,1.2395100659768076e-07,-9.712106036230056e-07
4.488897779555911,PASSED,-0.2978719078782022,-2.2381903132195863e-08,1.7426156930016796e-07,2.828028282513449,1.2299615624460886e-07,-9.439435193711592e-07
4.489897979595919,PASSED,-0.2978719079004977,-2.220871924630331e-08,1.7246543028747242e-07,2.8280282826359686,1.2204496882036602e-07,-9.560166941572985e-07
4.490898179635927,PASSED,-0.2978719079226208,-2.203716089445185e-08,1.7095363289412398e-07,2.8280282827575447,1.2110244492350482e-07,-9.33528698663821e-07
4.491898379675935,PASSED,-0.2978719079445728,-2.1866706658953555e-08,1.7012130390106974e-07,2.828028282878177,1.2016415970279e-07,-9.414562354154958e-07
4.492898579715943,PASSED,-0.29787190796635493,-2.169730481512062e-08,1.689222037875096e-07,2.8280282829978747,1.1922901649666094e-07,-9.309345199380912e-07
4.493898779755951,PASSED,-0.2978719079879685,-2.1529472301162834e-08,1.6710605407130315e-07,2.8280282831166472,1.1831117094918208e-07,-9.091195658393606e-07
4.494898979795959,PASSED,-0.2978719080094147,-2.1362902568118857e-08,1.6621218569242213e-07,2.8280282832345027,1.1740076656714488e-07,-9.112609261690933e-07
4.495899179835967,PASSED,-0.29787190803069485,-2.119720840212966e-08,1.653488195203778e-07,2.8280282833514434,1.1648256282314947e-07,-9.228322892129482e-07
4.496899379875975,PASSED,-0.2978719080518102,-2.103299997203431e-08,1.6344817047866595e-07,2.828028283467477,1.1557860934495294e-07,-8.913676041856002e-07
4.497899579915983,PASSED,-0.2978719080727619,-2.0870199169304897e-08,1.6236922422991487e-07,2.828028283582616,1.1469621466921534e-07,-8.764127234389412e-07
4.498899779955991,PASSED,-0.29787190809355124,-2.0708231850488517e-08,1.616993818740267e-07,2.8280282836968573,1.137950872720889e-07,-9.176038462514179e-07
4.499899979995999,PASSED,-0.2978719081141794,-2.0547751057439858e-08,1.596684004984139e-07,2.8280282838102164,1.1291114846130924e-07,-8.614954537984919e-07
4.500900180036007,PASSED,-0.29787190813464764,-2.0388590125486806e-08,1.5882261958947637e-07,2.8280282839226945,1.1204619288194768e-07,-8.672623297369507e-07
4.501900380076015,PASSED,-0.2978719081549571,-2.023025658510868e-08,1.5800748757056196e-07,2.828028284034302,1.1117092205252419e-07,-8.80609829214532e-07
4.502900580116023,PASSED,-0.29787190817510906,-2.0073297756984844e-08,1.5625972182601795e-07,2.8280282841450446,1.1030759058148515e-07,-8.518125655887186e-07
4.503900780156031,PASSED,-0.2978719081951046,-1.9917607516469685e-08,1.5531058630792113e-07,2.828028284254924,1.094518042013898e-07,-8.58435589766434e-07
4.504900980196039,PASSED,-0.2978719082149449,-1.976283880416108e-08,1.5440746297572597e-07,2.8280282843639544,1.0860478616496323e-07,-8.394063341999919e-07
4.505901180236047,PASSED,-0.2978719082346312,-1.960934926899526e-08,1.5287758329254538e-07,2.828028284472136,1.0775999292626738e-07,-8.483845083597609e-07
4.506901380276055,PASSED,-0.29787190825416454,-1.9457080724677644e-08,1.5186251833432942e-07,2.828028284579477,1.0691965937862288e-07,-8.349662405010012e-07
4.507901580316063,PASSED,-0.2978719082735462,-1.9305959446998058e-08,1.5062711724309408e-07,2.8280282846859874,1.0609663892997409e-07,-8.150565874139974e-07
4.508901780356071,PASSED,-0.2978719082927772,-1.915593934954757e-08,1.4961541758874707e-07,2.8280282847916665,1.0526668566015423e-07,-8.398843914237726e-07
4.509901980396079,PASSED,-0.2978719083118587,-1.9006886149610582e-08,1.4867838816915235e-07,2.8280282848965266,1.0444582676316676e-07,-8.081752340299526e-07
4.510902180436087,PASSED,-0.2978719083307919,-1.88591434159872e-08,1.4711896392620438e-07,2.8280282850005682,1.0363755294838488e-07,-8.083395352831585e-07
4.511902380476095,PASSED,-0.2978719083495779,-1.8712593900451573e-08,1.4616988327524268e-07,2.8280282851038034,1.0283143474663452e-07,-8.046373127284971e-07
4.512902580516103,PASSED,-0.2978719083682177,-1.8566892953624022e-08,1.453883225290865e-07,2.828028285206236,1.0203247532985874e-07,-7.951741528073106e-07
4.513902780556111,PASSED,-0.29787190838671246,-1.8422371994643576e-08,1.439427166146853e-07,2.82802828530787,1.0123584889231527e-07,-7.975946273675643e-07
4.514902980596119,PASSED,-0.2978719084050633,-1.827910645280171e-08,1.428140919933207e-07,2.8280282854087124,1.0044595009734894e-07,-7.847682400321791e-07
4.515903180636127,PASSED,-0.29787190842327127,-1.8136752570373067e-08,1.420470760521951e-07,2.828028285508772,9.966971443852754e-08,-7.70547271347553e-07
4.516903380676135,PASSED,-0.2978719084413375,-1.7995328769373485e-08,1.410082842978437e-07,2.8280282856080508,9.889063458599965e-08,-7.847682399814533e-07
4.517903580716143,PASSED,-0.2978719084592629,-1.785524054419672e-08,1.3947485242938108e-07,2.8280282857065586,9.812015075874013e-08,-7.609608854448835e-07
4.518903780756151,PASSED,-0.2978719084770487,-1.771622474219579e-08,1.3870976838196295e-07,2.8280282858042973,9.735796236458691e-08,-7.630067332921246e-07
4.519903980796159,PASSED,-0.29787190849469586,-1.7577985331383958e-08,1.3792583909840936e-07,2.8280282859012735,9.659439027654184e-08,-7.639489912136912e-07
4.520904180836167,PASSED,-0.29787190851220546,-1.7440853020544016e-08,1.3660329200096408e-07,2.8280282859974935,9.584180836055383e-08,-7.450038658375502e-07
4.521904380876175,PASSED,-0.2978719085295785,-1.7305058060862517e-08,1.3525607146852232e-07,2.828028286092963,9.509665573278767e-08,-7.452518023852305e-07
4.522904580916183,PASSED,-0.29787190854681606,-1.7170021354667754e-08,1.3489046267892504e-07,2.828028286187688,9.435309524383764e-08,-7.424329466599187e-07
4.523904780956191,PASSED,-0.2978719085639191,-1.7035813451592977e-08,1.3375286333867572e-07,2.828028286281676,9.362003815965516e-08,-7.268065091975217e-07
4.524904980996199,PASSED,-0.2978719085808887,-1.6903078723504992e-08,1.3205597125419062e-07,2.8280282863749298,9.288904167089064e-08,-7.337898084758332e-07
4.525905181036207,PASSED,-0.2978719085977259,-1.6771192047777618e-08,1.317738120428305e-07,2.828028286467455,9.215942283848647e-08,-7.268381816897175e-07
4.526905381076215,PASSED,-0.2978719086144315,-1.6639879008947083e-08,1.3100585668900792e-07,2.828028286559256,9.14405361459438e-08,-7.135856997779768e-07
4.527905581116223,PASSED,-0.2978719086310067,-1.6510095501815793e-08,1.2896860742614423e-07,2.8280282866503423,9.073107421036275e-08,-7.067127594497815e-07
4.528905781156231,PASSED,-0.2978719086474524,-1.6381326245177555e-08,1.2863635611296345e-07,2.8280282867407176,9.002064359008512e-08,-7.12909194162864e-07
4.529905981196239,PASSED,-0.2978719086637696,-1.6252958544848097e-08,1.2818859647378833e-07,2.828028286830386,8.931423449110697e-08,-7.020757021883367e-07
4.530906181236247,PASSED,-0.2978719086799593,-1.6125939512124688e-08,1.2623932355649083e-07,2.8280282869193516,8.861562099301951e-08,-6.963053620201847e-07
4.531906381276255,PASSED,-0.2978719086960223,-1.6000063991269183e-08,1.2563298572151534e-07,2.828028287007623,8.79255327518696e-08,-6.859434939030635e-07
4.532906581316263,PASSED,-0.2978719087119598,-1.5874763685014297e-08,1.2507851994379704e-07,2.828028287095204,8.723686937895155e-08,-6.904766255947102e-07
4.533906781356271,PASSED,-0.2978719087277726,-1.5750569248358274e-08,1.2360504779750438e-07,2.8280282871821,8.655365180168328e-08,-6.783782117173078e-07
4.534906981396279,PASSED,-0.29787190874346164,-1.5627357885403622e-08,1.229489063927537e-07,2.8280282872683187,8.588159255783363e-08,-6.67846598604557e-07
4.535907181436287,PASSED,-0.29787190875902786,-1.5504971996592747e-08,1.2201054375628878e-07,2.82802828735386,8.520479500364497e-08,-6.827648579114092e-07
4.536907381476295,PASSED,-0.2978719087744723,-1.5383613573163468e-08,1.20923676544607e-07,2.8280282874387286,8.452992343659179e-08,-6.696093731477011e-07
4.537907581516303,PASSED,-0.2978719087897957,-1.5263026036236825e-08,1.203634438480018e-07,2.8280282875229386,8.388304375991621e-08,-6.317265456941643e-07
4.538907781556311,PASSED,-0.29787190880499914,-1.5143539217720368e-08,1.1890240162876207e-07,2.8280282876064846,8.321992309965112e-08,-6.840500699790433e-07
4.539907981596319,PASSED,-0.2978719088200834,-1.5024937475157945e-08,1.1840130318485977e-07,2.828028287689377,8.255697822197797e-08,-6.488747494692393e-07
4.540908181636327,PASSED,-0.2978719088350495,-1.4907113392511013e-08,1.1743926895497676e-07,2.8280282877716214,8.19252963148082e-08,-6.202200123034533e-07
4.541908381676335,PASSED,-0.2978719088498982,-1.47901443603024e-08,1.1665554104436924e-07,2.8280282878532197,8.128032956039827e-08,-6.614645824809141e-07
4.542908581716343,PASSED,-0.2978719088646306,-1.4674269993353129e-08,1.1535358421920632e-07,2.828028287934179,8.063285127287959e-08,-6.381540908771833e-07
4.543908781756351,PASSED,-0.29787190887924736,-1.4559188148040506e-08,1.1490068604156494e-07,2.8280282880145027,8.00092648659521e-08,-6.138746176276697e-07
4.544908981796359,PASSED,-0.2978719088937494,-1.444482007926798e-08,1.1401299059316666e-07,2.8280282880941954,7.938137158801018e-08,-6.372390514847745e-07
4.545909181836367,PASSED,-0.29787190890813775,-1.4331508364839764e-08,1.1284419698491531e-07,2.8280282881732637,7.875274885199028e-08,-6.228785257099767e-07
4.546909381876375,PASSED,-0.29787190892241305,-1.4218943109826297e-08,1.123792936991684e-07,2.8280282882517107,7.813859175497339e-08,-6.08342811221503e-07
4.547909581916383,PASSED,-0.29787190893657634,-1.410729949712528e-08,1.111531587022485e-07,2.828028288329541,7.752421740417084e-08,-6.183953771899123e-07
4.548909781956391,PASSED,-0.2978719089506284,-1.3996565711460788e-08,1.1045420363932355e-07,2.828028288406764,7.691808167384674e-08,-5.979626324135755e-07
4.549909981996399,PASSED,-0.29787190896457,-1.3886535530853203e-08,1.0974749858642593e-07,2.828028288483376,7.630960237383034e-08,-6.154904117516045e-07
4.550910182036407,PASSED,-0.2978719089784021,-1.3777419217598747e-08,1.086955230331435e-07,2.828028288559388,7.570905645022623e-08,-5.905829315057912e-07
4.551910382076415,PASSED,-0.29787190899212546,-1.3669127878496354e-08,1.0802188314855755e-07,2.8280282886348034,7.512060339779554e-08,-5.870331330472792e-07
4.552910582116423,PASSED,-0.29787190900574095,-1.3561668191716474e-08,1.0708488920076197e-07,2.8280282887096235,7.452325758807274e-08,-6.042209275064786e-07
4.553910782156431,PASSED,-0.2978719090192493,-1.345493846658267e-08,1.0649294908916458e-07,2.8280282887838553,7.393539483255933e-08,-5.769573075180329e-07
4.554910982196439,PASSED,-0.2978719090326514,-1.334907913149446e-08,1.0543692575424104e-07,2.8280282888575043,7.336180916547863e-08,-5.713379067891417e-07
4.555911182236447,PASSED,-0.2978719090459481,-1.324411936148914e-08,1.0464166617270286e-07,2.8280282889305752,7.27827207911963e-08,-5.842553526111298e-07
4.556911382276455,PASSED,-0.2978719090591402,-1.3139861954589119e-08,1.040012340515657e-07,2.8280282890030692,7.220312842769914e-08,-5.76483704087844e-07
4.557911582316463,PASSED,-0.2978719090722284,-1.3036364452197115e-08,1.0316168128562952e-07,2.828028289074991,7.163720503994268e-08,-5.588831768688616e-07
4.558911782356471,PASSED,-0.2978719090852135,-1.2933719151601411e-08,1.0230104680241866e-07,2.82802828914635,7.108037958815171e-08,-5.554536350723909e-07
4.559911982396479,PASSED,-0.29787190909809635,-1.283185729343955e-08,1.0156906573481962e-07,2.8280282892171473,7.051637318066007e-08,-5.697082557711518e-07
4.560912182436487,PASSED,-0.2978719091108777,-1.2730629720418629e-08,1.0099991121165565e-07,2.828028289287383,6.995314215645191e-08,-5.589128698328243e-07
4.561912382476495,PASSED,-0.29787190912355826,-1.2630224384474432e-08,1.0000895243255855e-07,2.8280282893570674,6.941065397093347e-08,-5.315383959755367e-07
4.562912582516503,PASSED,-0.2978719091361389,-1.2530873070886037e-08,9.891288769228734e-08,2.8280282894262,6.886128255155235e-08,-5.612601016515113e-07
4.563912782556511,PASSED,-0.2978719091486204,-1.2432039629164489e-08,9.878047774105475e-08,2.8280282894947897,6.831300630909031e-08,-5.396203363357305e-07
4.564912982596519,PASSED,-0.2978719091610034,-1.2333767219042972e-08,9.793369837515773e-08,2.8280282895628366,6.777843912791881e-08,-5.311984110620083e-07
4.565913182636527,PASSED,-0.29787190917328876,-1.2236664627021343e-08,9.654852111927458e-08,2.8280282896303497,6.724814813501867e-08,-5.296860474589148e-07
4.566913382676535,PASSED,-0.2978719091854772,-1.2140190926972137e-08,9.64238193358266e-08,2.8280282896973303,6.67145728981058e-08,-5.361680298821529e-07
4.567913582716543,PASSED,-0.2978719091975693,-1.2043975490172173e-08,9.607651510938965e-08,2.828028289763778,6.61804700165509e-08,-5.327261160033945e-07
4.568913782756551,PASSED,-0.297871909209566,-1.19491259759951e-08,9.403151355552931e-08,2.828028289829706,6.566857413563187e-08,-4.980090575294517e-07
4.569913982796559,PASSED,-0.29787190922146795,-1.1854869591985178e-08,9.440629764618374e-08,2.8280282898951095,6.514649296102442e-08,-5.381292526594359e-07
4.570914182836567,PASSED,-0.29787190923327594,-1.176096607397801e-08,9.356833158115708e-08,2.8280282899599993,6.462651058681729e-08,-5.07884455238925e-07
4.571914382876575,PASSED,-0.2978719092449906,-1.1667989370037742e-08,9.258228551300984e-08,2.828028290024376,6.412467222074286e-08,-4.978076399647537e-07
4.572914582916583,PASSED,-0.2978719092566126,-1.1575914193555333e-08,9.173710379534183e-08,2.8280282900882394,6.360851965001323e-08,-5.283825245728978e-07
4.573914782956591,PASSED,-0.2978719092681428,-1.1484338370208778e-08,9.14683030473623e-08,2.8280282901516016,6.310627795400954e-08,-4.848144769575703e-07
4.574914982996599,PASSED,-0.2978719092795818,-1.1393585786938247e-08,9.027543675264522e-08,2.8280282902144624,6.261675951161062e-08,-4.926544193598101e-07
4.575915183036607,PASSED,-0.2978719092909304,-1.1303488940905263e-08,8.997778555321078e-08,2.8280282902768286,6.211755986372806e-08,-5.035631335643975e-07
4.576915383076615,PASSED,-0.2978719093021891,-1.1213785297312123e-08,8.952088228642711e-08,2.8280282903386973,6.161895991552815e-08,-4.952911579569376e-07
4.577915583116623,PASSED,-0.2978719093133587,-1.1125114709574424e-08,8.81037247052116e-08,2.828028290400079,6.113883594322492e-08,-4.700125152007672e-07
4.578915783156631,PASSED,-0.29787190932443985,-1.1037181289807282e-08,8.781988314176397e-08,2.828028290460972,6.065322005217635e-08,-4.960181416137602e-07
4.579915983196639,PASSED,-0.2978719093354334,-1.0949755412086151e-08,8.716320744070817e-08,2.8280282905213863,6.017090315268507e-08,-4.7318273807629844e-07
4.580916183236647,PASSED,-0.2978719093463397,-1.0862867449559127e-08,8.670446591790143e-08,2.82802829058132,5.969716337388849e-08,-4.7411113927675966e-07
4.581916383276655,PASSED,-0.29787190935715974,-1.0776894914296267e-08,8.548458149282983e-08,2.828028290640779,5.9221227896547265e-08,-4.771517027175252e-07
4.582916583316663,PASSED,-0.29787190936789404,-1.0691648723571813e-08,8.508726354553714e-08,2.8280282906997676,5.8753008442829195e-08,-4.6226462105176816e-07
4.583916783356671,PASSED,-0.2978719093785432,-1.060657434222986e-08,8.50657932062286e-08,2.828028290758288,5.828839362063961e-08,-4.6618162294812185e-07
4.584916983396679,PASSED,-0.29787190938910796,-1.0522555304422136e-08,8.332120087538653e-08,2.8280282908163428,5.782142275769193e-08,-4.6749702294738493e-07
4.585917183436687,PASSED,-0.2978719093995889,-1.0439273366011019e-08,8.325576343493762e-08,2.828028290873941,5.7370066257015166e-08,-4.405961524963491e-07
4.586917383476695,PASSED,-0.2978719094099867,-1.0356229510178744e-08,8.290258409716573e-08,2.8280282909310808,5.6914291635537614e-08,-4.6589360079835606e-07
4.587917583516703,PASSED,-0.29787190942030206,-1.0274266182550847e-08,8.133715664838599e-08,2.8280282909877656,5.645351918687473e-08,-4.5735834723923323e-07
4.588917783556711,PASSED,-0.29787190943053554,-1.0192716409351533e-08,8.1691517566599e-08,2.828028291044001,5.601150648022977e-08,-4.31782279582119e-07
4.589917983596719,PASSED,-0.29787190944068775,-1.0111425149207817e-08,8.102442186179448e-08,2.82802829109979,5.556948070867194e-08,-4.488547662083023e-07
4.590918183636727,PASSED,-0.2978719094507593,-1.0031350369817921e-08,7.944168440862998e-08,2.8280282911551375,5.512488362208771e-08,-4.4175863350152643e-07
4.591918383676735,PASSED,-0.2978719094607509,-9.951875900500389e-09,7.94963259234671e-08,2.828028291210043,5.4685111747383824e-08,-4.384473688387836e-07
4.592918583716743,PASSED,-0.2978719094706631,-9.872507778518082e-09,7.928265268819859e-08,2.8280282912645154,5.4256227009983715e-08,-4.2250964977432807e-07
4.5939187837567514,PASSED,-0.2978719094804965,-9.794065339213752e-09,7.788229704841844e-08,2.828028291318554,5.3824329323634284e-08,-4.3815637739950355e-07
4.5949189837967594,PASSED,-0.2978719094902518,-9.71641521357207e-09,7.749534470385955e-08,2.8280282913721595,5.3386398613057844e-08,-4.3778026602773033e-07
4.5959191838367675,PASSED,-0.29787190949992953,-9.639062319110489e-09,7.72579276333944e-08,2.8280282914253423,5.297184094730742e-08,-3.990759322322186e-07
4.5969193838767755,PASSED,-0.29787190950953024,-9.562261238823661e-09,7.649651538911561e-08,2.8280282914781028,5.255547537362294e-08,-4.278920013193177e-07
4.5979195839167835,PASSED,-0.29787190951905457,-9.486264818088618e-09,7.566302429899349e-08,2.828028291530441,5.2122810519097076e-08,-4.3584675666356917e-07
4.5989197839567915,PASSED,-0.2978719095285032,-9.410878311605094e-09,7.520216127321343e-08,2.828028291582363,5.171284448028717e-08,-3.9271222690747066e-07
4.5999199839967995,PASSED,-0.29787190953787646,-9.33570778760765e-09,7.514943248026691e-08,2.828028291633873,5.1310028912376487e-08,-4.095511285794924e-07
4.6009201840368075,PASSED,-0.29787190954717524,-9.261546703329152e-09,7.350218547731712e-08,2.8280282916849715,5.089052320473626e-08,-4.261420936807144e-07
4.6019203840768155,PASSED,-0.29787190955639986,-9.187832343917267e-09,7.385580870159641e-08,2.828028291735666,5.049039901057894e-08,-3.827789278083823e-07
4.6029205841168235,PASSED,-0.2978719095655511,-9.114527502912085e-09,7.29375292075722e-08,2.828028291785955,5.009299835758796e-08,-4.071484697793778e-07
4.6039207841568315,PASSED,-0.29787190957462933,-9.041853047148584e-09,7.249907346745451e-08,2.8280282918358415,4.968115987807887e-08,-4.1496515266222254e-07
4.6049209841968395,PASSED,-0.2978719095836353,-8.969790674774541e-09,7.177123831176787e-08,2.828028291885333,4.92928266762288e-08,-3.7057856797530446e-07
4.6059211842368475,PASSED,-0.2978719095925694,-8.898329175955475e-09,7.125500582393431e-08,2.8280282919344275,4.890250434015256e-08,-4.034848481435301e-07
4.6069213842768555,PASSED,-0.29787190960143234,-8.827424591612956e-09,7.067097002157531e-08,2.8280282919831334,4.8506442445689725e-08,-3.9111325867571124e-07
4.6079215843168635,PASSED,-0.29787190961022453,-8.756838118986554e-09,7.053014102961773e-08,2.8280282920314477,4.812046726415768e-08,-3.825497967696072e-07
4.6089217843568715,PASSED,-0.29787190961894655,-8.68700486613712e-09,6.936866072931174e-08,2.828028292079379,4.774123387883267e-08,-3.770224443619421e-07
4.6099219843968795,PASSED,-0.297871909627599,-8.617852489493763e-09,6.900818725272261e-08,2.8280282921269264,4.735612306061332e-08,-3.905030674576168e-07
4.6109221844368875,PASSED,-0.29787190963618243,-8.548941688626456e-09,6.884587661036556e-08,2.828028292174095,4.697673438089726e-08,-3.7197908788835253e-07
4.6119223844768955,PASSED,-0.2978719096446973,-8.480575922487417e-09,6.804569249148697e-08,2.828028292220887,4.66067313623237e-08,-3.686856390303712e-07
4.6129225845169035,PASSED,-0.29787190965314414,-8.413017652665603e-09,6.723332137536369e-08,2.828028292267306,4.6233391048236544e-08,-3.76443430791683e-07
4.6139227845569115,PASSED,-0.29787190966152344,-8.345681063453978e-09,6.740543443579938e-08,2.828028292313351,4.585709519167028e-08,-3.761974737493138e-07
4.6149229845969195,PASSED,-0.29787190966983584,-8.278921025270557e-09,6.632977401516831e-08,2.8280282923590323,4.5499263730713596e-08,-3.455874524282654e-07
4.6159231846369275,PASSED,-0.29787190967808175,-8.212858080182779e-09,6.58850591361837e-08,2.828028292404346,4.513439542409469e-08,-3.777222094126611e-07
4.6169233846769355,PASSED,-0.2978719096862618,-8.147192309273027e-09,6.551957875879781e-08,2.8280282924492965,4.476442041594754e-08,-3.6481020730347894e-07
4.6179235847169435,PASSED,-0.29787190969437644,-8.081953856329252e-09,6.50510357337597e-08,2.828028292493889,4.441484212503e-08,-3.3942367999358443e-07
4.6189237847569515,PASSED,-0.29787190970242616,-8.017271756433883e-09,6.443614266977634e-08,2.828028292538124,4.40613243645096e-08,-3.6291381420493833e-07
4.6199239847969595,PASSED,-0.2978719097104115,-7.953236514132999e-09,6.376797538829026e-08,2.8280282925820055,4.370083201465526e-08,-3.5887804028727777e-07
4.6209241848369675,PASSED,-0.2978719097183329,-7.889517419597876e-09,6.368650729967825e-08,2.828028292625538,4.3358233459878574e-08,-3.3174556443629883e-07
4.6219243848769755,PASSED,-0.2978719097261909,-7.826308135478442e-09,6.289113533260517e-08,2.828028292668719,4.300946786645736e-08,-3.6011227941115177e-07
4.6229245849169835,PASSED,-0.297871909733986,-7.763708338220231e-09,6.240557187528125e-08,2.8280282927115565,4.266134829379685e-08,-3.4012443482675264e-07
4.6239247849569916,PASSED,-0.29787190974171857,-7.701413665147852e-09,6.222074053711251e-08,2.8280282927540483,4.232227944520895e-08,-3.3836512442867255e-07
4.6249249849969996,PASSED,-0.29787190974938926,-7.639815307218742e-09,6.118343619044078e-08,2.8280282927962035,4.1986824235020184e-08,-3.335152673621565e-07
4.625925185037008,PASSED,-0.2978719097569985,-7.578569593596963e-09,6.128723190933562e-08,2.8280282928380167,4.164313198801154e-08,-3.5047690010630754e-07
4.626925385077016,PASSED,-0.2978719097645467,-7.517755232818058e-09,6.049911335861967e-08,2.828028292879497,4.131093528791725e-08,-3.200099000862679e-07
4.627925585117024,PASSED,-0.2978719097720344,-7.457520886256883e-09,6.005783536287833e-08,2.828028292920642,4.0982493169006735e-08,-3.3406359812669457e-07
4.628925785157032,PASSED,-0.2978719097794621,-7.397638678515045e-09,5.976512266114495e-08,2.8280282929614606,4.065287461334469e-08,-3.2665519401894466e-07
4.62992598519704,PASSED,-0.29787190978683015,-7.33835534005737e-09,5.896214898869558e-08,2.8280282930019536,4.0331297219671785e-08,-3.181921934422204e-07
4.630926185237048,PASSED,-0.2978719097941391,-7.279510736911318e-09,5.876623925095761e-08,2.8280282930421152,3.999778670321495e-08,-3.4372273179990744e-07
4.631926385277056,PASSED,-0.29787190980138933,-7.220919346759154e-09,5.847482408630199e-08,2.828028293081958,3.9678740934936396e-08,-3.025944592643212e-07
4.632926585317064,PASSED,-0.2978719098085814,-7.163001872536925e-09,5.7545907646179556e-08,2.828028293121481,3.9369291846066526e-08,-3.1401884194023344e-07
4.633926785357072,PASSED,-0.2978719098157157,-7.10560014185757e-09,5.730561270147343e-08,2.828028293160685,3.904247264771707e-08,-3.3535276928893017e-07
4.63492698539708,PASSED,-0.2978719098227928,-7.048551044709634e-09,5.687808677891023e-08,2.828028293199576,3.873178229237724e-08,-2.9424874604043035e-07
4.635927185437088,PASSED,-0.29787190982981293,-6.991748189332041e-09,5.675270111004868e-08,2.8280282932381557,3.843100375817783e-08,-3.051317263053983e-07
4.636927385477096,PASSED,-0.2978719098367767,-6.935657329171433e-09,5.564963286098025e-08,2.828028293276423,3.810887486650222e-08,-3.334603352557544e-07
4.637927585517104,PASSED,-0.29787190984368445,-6.879905020872249e-09,5.582075859131979e-08,2.828028293314383,3.780235825857009e-08,-2.885541230497003e-07
4.638927785557112,PASSED,-0.2978719098505367,-6.824467352180471e-09,5.518227542541595e-08,2.8280282933520384,3.7509526858524714e-08,-2.956829180424983e-07
4.63992798559712,PASSED,-0.29787190985733375,-6.769540805122704e-09,5.475606147933506e-08,2.828028293389389,3.719723991046446e-08,-3.23356301405419e-07
4.640928185637128,PASSED,-0.29787190986407625,-6.715248253155495e-09,5.3983545625791574e-08,2.8280282934264434,3.690192835291106e-08,-2.7661506165205097e-07
4.641928385677136,PASSED,-0.29787190987076445,-6.661179801037242e-09,5.4125056446561316e-08,2.828028293463195,3.6606959452609264e-08,-3.0720479273495563e-07
4.642928585717144,PASSED,-0.29787190987739876,-6.6073666030431274e-09,5.360529235914901e-08,2.8280282934996523,3.63053734667231e-08,-2.9784011465364735e-07
4.643928785757152,PASSED,-0.2978719098839797,-6.5543062931005175e-09,5.2696988331584614e-08,2.828028293535817,3.601993522838922e-08,-2.7717032078735655e-07
4.64492898579716,PASSED,-0.29787190989050766,-6.50159032996788e-09,5.27286130000068e-08,2.8280282935716907,3.573084554257547e-08,-2.9703592916469097e-07
4.645929185837168,PASSED,-0.29787190989698303,-6.449133345328199e-09,5.22758990661315e-08,2.828028293607276,3.5438098470681215e-08,-2.8988783371396443e-07
4.646929385877176,PASSED,-0.2978719099034062,-6.397144741157597e-09,5.179707424024862e-08,2.8280282936425736,3.515488621777142e-08,-2.7876186570702304e-07
4.647929585917184,PASSED,-0.29787190990977763,-6.3456429924728175e-09,5.1304864981133865e-08,2.8280282936775865,3.487206413091658e-08,-2.8552890095338314e-07
4.648929785957192,PASSED,-0.29787190991609763,-6.2943766550528254e-09,5.12406523792315e-08,2.828028293712315,3.458551408761221e-08,-2.8723080487168697e-07
4.6499299859972,PASSED,-0.2978719099223668,-6.243741710246754e-09,5.023113975729729e-08,2.828028293746767,3.4313014872028415e-08,-2.6267815605853585e-07
4.650930186037208,PASSED,-0.2978719099285853,-6.19334010795922e-09,5.0515243974359046e-08,2.8280282937809385,3.4035470023524855e-08,-2.874559768002399e-07
4.651930386077216,PASSED,-0.29787190993475365,-6.1432261137312065e-09,4.984649439711621e-08,2.8280282938148384,3.376055815252461e-08,-2.6654913380024607e-07
4.652930586117224,PASSED,-0.29787190994087226,-6.093793184679914e-09,4.915721882074383e-08,2.8280282938484587,3.348362656350356e-08,-2.8385322583491375e-07
4.653930786157232,PASSED,-0.29787190994694146,-6.044592329363763e-09,4.9229946313088246e-08,2.8280282938818107,3.321548182673508e-08,-2.5767241072420074e-07
4.65493098619724,PASSED,-0.2978719099529617,-5.995673877599059e-09,4.871078873244783e-08,2.828028293914895,3.2954478455002295e-08,-2.632240124051669e-07
4.655931186237248,PASSED,-0.29787190995893326,-5.947382294472412e-09,4.801211272277908e-08,2.8280282939477117,3.268239672305029e-08,-2.7798687831657514e-07
4.656931386277256,PASSED,-0.29787190996485663,-5.899309760479615e-09,4.8112814839476595e-08,2.8280282939802612,3.241369217421834e-08,-2.625163291755222e-07
4.657931586317264,PASSED,-0.2978719099707321,-5.851501236485108e-09,4.760566343119457e-08,2.8280282940125514,3.216305512451785e-08,-2.427175300504727e-07
4.658931786357272,PASSED,-0.2978719099765601,-5.8043789639825e-09,4.6800011883549314e-08,2.8280282940445756,3.189402929740562e-08,-2.8656469182006095e-07
4.65993198639728,PASSED,-0.297871909982341,-5.757446009602148e-09,4.702158271155387e-08,2.8280282940763413,3.163007523306053e-08,-2.488803126951113e-07
4.660932186437288,PASSED,-0.2978719099880751,-5.71071150141891e-09,4.654312516436109e-08,2.828028294107853,3.1389910113503463e-08,-2.3435499079838234e-07
4.661932386477296,PASSED,-0.29787190999376284,-5.6646312434516715e-09,4.5771679835823057e-08,2.828028294139111,3.1133181148462945e-08,-2.716449478686009e-07
4.662932586517304,PASSED,-0.2978719099994046,-5.618834027292845e-09,4.58142403741632e-08,2.828028294170114,3.086972167056939e-08,-2.580024979101978e-07
4.663932786557312,PASSED,-0.29787191000500074,-5.573284053241152e-09,4.5373796503378467e-08,2.828028294200866,3.062924487347096e-08,-2.2879299655725624e-07
4.66493298659732,PASSED,-0.2978719100105515,-5.528206544090446e-09,4.487998424892308e-08,2.82802829423137,3.038439479200401e-08,-2.555548047400781e-07
4.665933186637328,PASSED,-0.2978719100160574,-5.483487627553452e-09,4.461153806237586e-08,2.8280282942616264,3.0128088754304576e-08,-2.568068596723417e-07
4.666933386677336,PASSED,-0.2978719100215186,-5.4388168561056396e-09,4.4710260371436095e-08,2.8280282942916357,2.988563044418607e-08,-2.3289261041595309e-07
4.667933586717344,PASSED,-0.2978719100269356,-5.3949293915824284e-09,4.3338933957727524e-08,2.828028294321407,2.965597971577405e-08,-2.274894737427314e-07
4.668933786757352,PASSED,-0.29787191003230873,-5.351416137949392e-09,4.362946674990944e-08,2.8280282943509305,2.9400956217832706e-08,-2.73379514073755e-07
4.66993398679736,PASSED,-0.29787191003763824,-5.307672724074414e-09,4.381937862502419e-08,2.8280282943802173,2.916148640943646e-08,-2.1686333794457298e-07
4.670934186837368,PASSED,-0.29787191004292457,-5.264676985434563e-09,4.244664531640254e-08,2.8280282944092683,2.8941700389266467e-08,-2.2173447498694084e-07
4.671934386877376,PASSED,-0.2978719100481681,-5.222382160798875e-09,4.219361084854475e-08,2.8280282944380843,2.8697825030108253e-08,-2.586359486057298e-07
4.672934586917384,PASSED,-0.29787191005336905,-5.179712338123848e-09,4.2987297226015904e-08,2.828028294466666,2.8458519226068742e-08,-2.2641904099536437e-07
4.673934786957392,PASSED,-0.2978719100585278,-5.137612853076137e-09,4.150761026217378e-08,2.8280282944950157,2.8239185826238144e-08,-2.146096390540834e-07
4.6749349869974,PASSED,-0.2978719100636447,-5.0962053838051915e-09,4.1340708610126255e-08,2.828028294523133,2.8003197522385017e-08,-2.5024074705249006e-07
4.675935187037408,PASSED,-0.2978719100687201,-5.054658144369602e-09,4.168492665256387e-08,2.8280282945510233,2.7770614610002808e-08,-2.2081102260202018e-07
4.676935387077416,PASSED,-0.29787191007375424,-5.013392405288203e-09,4.098628070062226e-08,2.8280282945786883,2.755643759799876e-08,-2.0975433827206563e-07
4.677935587117424,PASSED,-0.2978719100787475,-4.973005456457027e-09,3.9987394251546345e-08,2.8280282946061264,2.7326100961252602e-08,-2.440581690622204e-07
4.678935787157432,PASSED,-0.29787191008370023,-4.932533587135626e-09,4.0794852701302174e-08,2.828028294633343,2.710093496496998e-08,-2.1257121442955636e-07
4.67993598719744,PASSED,-0.2978719100886127,-4.89223611308535e-09,3.9965888282925825e-08,2.8280282946603377,2.6888793111356272e-08,-2.118556130698124e-07
4.680936187237448,PASSED,-0.2978719100934853,-4.8527091264635844e-09,3.923438551432442e-08,2.828028294687114,2.666793606460954e-08,-2.2685800253134857e-07
4.681936387277456,PASSED,-0.29787191009831815,-4.813079581551452e-09,3.98929845106706e-08,2.828028294713674,2.6449324402706245e-08,-2.1311410148458925e-07
4.682936587317464,PASSED,-0.29787191010311176,-4.7739002420084856e-09,3.8703576231164514e-08,2.8280282947400166,2.6235578731061678e-08,-2.1416671841788524e-07
4.683936787357472,PASSED,-0.2978719101078664,-4.7353056620439165e-09,3.8521915786838414e-08,2.828028294766144,2.6019840065097783e-08,-2.1678663099456576e-07
4.68493698739748,PASSED,-0.29787191011258235,-4.696621858013538e-09,3.8791729526071316e-08,2.828028294792061,2.581199251247699e-08,-2.018881670382806e-07
4.685937187437488,PASSED,-0.2978719101172599,-4.6582798727043866e-09,3.804215583120412e-08,2.8280282948177646,2.5598656802224338e-08,-2.2096740572889605e-07
4.686937387477496,PASSED,-0.29787191012189934,-4.620583038132947e-09,3.74666203982639e-08,2.8280282948432585,2.5386554539293094e-08,-2.061921677328136e-07
4.687937587517504,PASSED,-0.29787191012650105,-4.582884165116399e-09,3.785370809540264e-08,2.828028294868549,2.5190817574636285e-08,-1.887668292728068e-07
4.688937787557512,PASSED,-0.29787191013106534,-4.545467708301908e-09,3.7124955960549794e-08,2.8280282948936306,2.497979227690565e-08,-2.2586427670251874e-07
4.68993798759752,PASSED,-0.2978719101355924,-4.508487347262967e-09,3.688396442453472e-08,2.8280282949185067,2.476821835146894e-08,-2.0204702459283917e-07
4.690938187637528,PASSED,-0.29787191014008246,-4.47166026381279e-09,3.6789162800605203e-08,2.828028294943183,2.457939629321559e-08,-1.8000541402701958e-07
4.691938387677536,PASSED,-0.29787191014453607,-4.435407398679034e-09,3.5895333355857866e-08,2.828028294967657,2.4377088762017685e-08,-2.1717560931182499e-07
4.692938587717544,PASSED,-0.2978719101489533,-4.399175754411973e-09,3.64558515411964e-08,2.8280282949919306,2.4167739931209134e-08,-2.0413097847303713e-07
4.693938787757552,PASSED,-0.29787191015333453,-4.363039885910581e-09,3.5922546474855674e-08,2.828028295016006,2.39779634408865e-08,-1.8020683155570458e-07
4.69493898779756,PASSED,-0.29787191015768005,-4.327695782964322e-09,3.495847392719422e-08,2.828028295039887,2.3787679695107772e-08,-1.9700168859406972e-07
4.695939187837568,PASSED,-0.29787191016199005,-4.292345296145709e-09,3.561182874622578e-08,2.8280282950635702,2.3581980926112263e-08,-2.114968225964702e-07
4.696939387877576,PASSED,-0.29787191016626485,-4.2571864053725475e-09,3.485693212445031e-08,2.828028295087063,2.3394651238168234e-08,-1.7121826484239996e-07
4.697939587917584,PASSED,-0.29787191017050485,-4.222638329588913e-09,3.434217155642502e-08,2.8280282951103626,2.320979141416517e-08,-1.9395419677684175e-07
4.698939787957592,PASSED,-0.2978719101747102,-4.188118556638115e-09,3.4638173880378875e-08,2.8280282951334725,2.3011958123556025e-08,-2.0041935316401348e-07
4.6999399879976,PASSED,-0.29787191017888115,-4.153757219279516e-09,3.417677967741325e-08,2.8280282951563924,2.2823559685483314e-08,-1.8038449467851003e-07
4.700940188037608,PASSED,-0.29787191018301806,-4.119976147031843e-09,3.351726729451318e-08,2.828028295179127,2.2645715724090673e-08,-1.7615027253539677e-07
4.701940388077616,PASSED,-0.29787191018712117,-4.086283294225262e-09,3.380990981462564e-08,2.8280282952016726,2.2451510324518784e-08,-2.062421509295508e-07
4.702940588117624,PASSED,-0.2978719101911907,-4.05264328484108e-09,3.352674243055353e-08,2.8280282952240374,2.2269992645895512e-08,-1.6503469708575198e-07
4.703940788157632,PASSED,-0.297871910195227,-4.0197858234853584e-09,3.241127397250048e-08,2.828028295246219,2.2095684230302107e-08,-1.8049089459850878e-07
4.70494098819764,PASSED,-0.2978719101992303,-3.986983928649754e-09,3.306230874433949e-08,2.8280282952682163,2.1903666215244242e-08,-1.99702762030768e-07
4.705941188237648,PASSED,-0.29787191020320086,-3.954048056483393e-09,3.2851581114375776e-08,2.828028295290038,2.1730512857446418e-08,-1.5545375497586427e-07
4.706941388277656,PASSED,-0.2978719102071389,-3.9217970501008905e-09,3.185062322792059e-08,2.828028295311679,2.1557410175707357e-08,-1.8486863291452406e-07
4.707941588317664,PASSED,-0.29787191021104475,-3.889946100118826e-09,3.185116781816155e-08,2.8280282953331404,2.1367811744442053e-08,-1.9275163016582053e-07
4.708941788357672,PASSED,-0.29787191021491854,-3.857765196158524e-09,3.240072805506255e-08,2.828028295354429,2.120076475259043e-08,-1.4991056630882457e-07
4.70994198839768,PASSED,-0.2978719102187607,-3.8262692679181685e-09,3.0892728363884206e-08,2.8280282953755433,2.103358057906901e-08,-1.7869991166315374e-07
4.710942188437688,PASSED,-0.29787191022257137,-3.795103017167357e-09,3.134859900876321e-08,2.8280282953964853,2.0851407773846498e-08,-1.8448806759541483e-07
4.711942388477696,PASSED,-0.2978719102263508,-3.763776715838234e-09,3.131143620936291e-08,2.828028295417253,2.0680288089789883e-08,-1.6220742836408195e-07
4.712942588517704,PASSED,-0.2978719102300993,-3.733030383980101e-09,3.0369595623979526e-08,2.8280282954378504,2.05151879691332e-08,-1.6702858218508763e-07
4.713942788557712,PASSED,-0.29787191023381704,-3.7024716395177585e-09,3.068484368791771e-08,2.828028295458283,2.0349773498558918e-08,-1.6433839616707455e-07
4.71494298859772,PASSED,-0.2978719102375043,-3.6719741304368863e-09,3.037261934284163e-08,2.8280282954785467,2.0179606069092543e-08,-1.7405345166591065e-07
4.715943188637728,PASSED,-0.29787191024116133,-3.64192119307233e-09,2.983981604570002e-08,2.828028295498642,2.0010182944220588e-08,-1.663362403426481e-07
4.716943388677736,PASSED,-0.2978719102447883,-3.6120180483364214e-09,2.9945363862714235e-08,2.828028295518573,1.9849687317449392e-08,-1.5660188439022751e-07
4.717943588717744,PASSED,-0.2978719102483856,-3.582471472653165e-09,2.9280716896951105e-08,2.8280282955383402,1.96865972151068e-08,-1.6741558097750483e-07
4.718943788757752,PASSED,-0.2978719102519533,-3.5529700115366437e-09,2.9648623929567906e-08,2.828028295557947,1.9525566817364556e-08,-1.5677360891873517e-07
4.71994398879776,PASSED,-0.2978719102554918,-3.523788431315315e-09,2.8870217749169672e-08,2.828028295577392,1.9364687260075512e-08,-1.636168562025784e-07
4.720944188837768,PASSED,-0.29787191025900117,-3.4949414698917606e-09,2.883145720647753e-08,2.828028295596677,1.9204624656259963e-08,-1.5769310222419597e-07
4.721944388877776,PASSED,-0.2978719102624817,-3.4662308852932476e-09,2.8630002859870297e-08,2.828028295615805,1.905025746723435e-08,-1.5214991355989383e-07
4.722944588917784,PASSED,-0.29787191026593374,-3.437700176139031e-09,2.846451335044783e-08,2.8280282956347733,1.888913492221208e-08,-1.6710429933052275e-07
4.723944788957792,PASSED,-0.29787191026935733,-3.4094536720631225e-09,2.810116455954914e-08,2.8280282956535876,1.8735197687862978e-08,-1.4515919102815235e-07
4.7249449889978,PASSED,-0.2978719102727528,-3.3814247658394507e-09,2.79807339997537e-08,2.828028295672246,1.85837741641207e-08,-1.555997455516923e-07
4.725945189037808,PASSED,-0.2978719102761203,-3.3536091321979777e-09,2.77055667359527e-08,2.8280282956907516,1.842752295409709e-08,-1.566855196715547e-07
4.726945389077816,PASSED,-0.2978719102794602,-3.326160143665708e-09,2.7277936396480347e-08,2.828028295709104,1.8275685113996563e-08,-1.486060537198419e-07
4.727945589117824,PASSED,-0.29787191028277255,-3.2986575617698374e-09,2.765234556213053e-08,2.828028295727307,1.812950468164261e-08,-1.4456335144335922e-07
4.728945789157832,PASSED,-0.29787191028605775,-3.2716037788826527e-09,2.6654741103887545e-08,2.8280282957453617,1.798170152670884e-08,-1.4996302392737927e-07
4.72994598919784,PASSED,-0.29787191028931576,-3.24459118742884e-09,2.7251158353763096e-08,2.828028295763266,1.7828454456717517e-08,-1.554364340339484e-07
4.730946189237848,PASSED,-0.29787191029254706,-3.2179181012873108e-09,2.6287704666706765e-08,2.828028295781023,1.7682170296811082e-08,-1.4018264382142185e-07
4.731946389277856,PASSED,-0.2978719102957517,-3.1914646972703734e-09,2.6563870250424084e-08,2.8280282957986334,1.7539656455372436e-08,-1.4406797318346196e-07
4.732946589317864,PASSED,-0.29787191029893,-3.165120417041064e-09,2.6197886881899888e-08,2.828028295816097,1.739005578505401e-08,-1.532891350750673e-07
4.733946789357872,PASSED,-0.2978719103020821,-3.1390005488732574e-09,2.6067855691744298e-08,2.8280282958334193,1.7249871953514532e-08,-1.314469625157554e-07
4.73494698939788,PASSED,-0.2978719103052082,-3.1131844779709374e-09,2.5648214376037396e-08,2.8280282958506016,1.7116053113968276e-08,-1.3540009089992276e-07
4.735947189437888,PASSED,-0.29787191030830856,-3.0874999472462218e-09,2.5708741623834543e-08,2.8280282958676373,1.69616346550379e-08,-1.670973709506805e-07
4.736947389477896,PASSED,-0.2978719103113833,-3.0619956346227817e-09,2.5368026623177188e-08,2.828028295884532,1.682028289874005e-08,-1.2418801319596647e-07
4.737947589517904,PASSED,-0.2978719103144327,-3.0367837812167233e-09,2.5107737927979043e-08,2.8280282959012895,1.6694606375334684e-08,-1.2666886354496325e-07
4.738947789557912,PASSED,-0.29787191031745697,-3.011695912007602e-09,2.507462339654959e-08,2.828028295917909,1.6550829294603266e-08,-1.5518255885572224e-07
4.73994798959792,PASSED,-0.2978719103204563,-2.986826756989562e-09,2.473217609903419e-08,2.8280282959343914,1.6409503866103186e-08,-1.3208734159631906e-07
4.740948189637928,PASSED,-0.29787191032343086,-2.962192193809369e-09,2.4569487900964746e-08,2.828028295950739,1.6283268124488158e-08,-1.2233467496083055e-07
4.741948389677936,PASSED,-0.2978719103263809,-2.9377594869123238e-09,2.4341519561099644e-08,2.8280282959669503,1.6145212489412743e-08,-1.485362751518023e-07
4.742948589717944,PASSED,-0.29787191032930654,-2.9135186981287976e-09,2.4173634931810848e-08,2.8280282959830263,1.600406680255604e-08,-1.3621862799330035e-07
4.743948789757952,PASSED,-0.297871910332208,-2.889344225522578e-09,2.4175031055825857e-08,2.8280282959989704,1.5880381887801546e-08,-1.153291059286283e-07
4.74494898979796,PASSED,-0.2978719103350855,-2.8654625359500434e-09,2.3686128583673416e-08,2.8280282960147822,1.5749158414624598e-08,-1.4181971800916266e-07
4.745949189837968,PASSED,-0.29787191033793925,-2.8420146099077593e-09,2.3289124348024183e-08,2.8280282960304657,1.5615012259223156e-08,-1.2903044699629764e-07
4.746949389877976,PASSED,-0.2978719103407694,-2.8183830463092377e-09,2.3859856432186657e-08,2.8280282960460204,1.5491619622590744e-08,-1.1963409638982116e-07
4.747949589917984,PASSED,-0.29787191034357613,-2.7950230154824866e-09,2.3026813756460427e-08,2.828028296061443,1.5358196095892154e-08,-1.4261648023776972e-07
4.748949789957992,PASSED,-0.2978719103463597,-2.7719582083271824e-09,2.3090136087866586e-08,2.828028296076738,1.5227293505096935e-08,-1.2309333116684973e-07
4.749949989998,PASSED,-0.29787191034912014,-2.749014236939867e-09,2.2846528253614437e-08,2.82802829609191,1.5112902599070325e-08,-1.0858928926644748e-07
4.750950190038008,PASSED,-0.29787191035185784,-2.7263085234261208e-09,2.2611837020500287e-08,2.828028296106953,1.4981675067853662e-08,-1.4631969251680503e-07
4.751950390078016,PASSED,-0.29787191035457283,-2.7036914532459335e-09,2.262055895331169e-08,2.8280282961218735,1.4853144156137743e-08,-1.1667172451533027e-07
4.752950590118024,PASSED,-0.29787191035726535,-2.6813184266058623e-09,2.220800509791093e-08,2.82802829613667,1.4739642456557646e-08,-1.1138834962327387e-07
4.753950790158032,PASSED,-0.29787191035993565,-2.659242791745483e-09,2.1987388035358406e-08,2.8280282961513445,1.4613625255448471e-08,-1.357697687664422e-07
4.75495099019804,PASSED,-0.2978719103625837,-2.6369836680225273e-09,2.244028084802049e-08,2.8280282961658947,1.4484580951723136e-08,-1.2456066036459674e-07
4.755951190238048,PASSED,-0.29787191036521,-2.6152364958328906e-09,2.128509975071399e-08,2.8280282961803263,1.437363126672314e-08,-1.0187570142359756e-07
4.756951390278056,PASSED,-0.2978719103678144,-2.5936151912258257e-09,2.184544117796519e-08,2.8280282961946397,1.425710444406202e-08,-1.2629423681946466e-07
4.757951590318064,PASSED,-0.2978719103703973,-2.5720185844464154e-09,2.143071718037348e-08,2.8280282962088337,1.4131346759796035e-08,-1.2539998256366502e-07
4.758951790358072,PASSED,-0.2978719103729587,-2.550768332554484e-09,2.1129941699636607e-08,2.828028296222907,1.4013044889453266e-08,-1.135697955288389e-07
4.75995199039808,PASSED,-0.29787191037549887,-2.5295320918636235e-09,2.1307106685009707e-08,2.828028296236868,1.3906794122083013e-08,-1.013714152645304e-07
4.760952190438088,PASSED,-0.297871910378018,-2.508559287095752e-09,2.07499368231126e-08,2.8280282962507113,1.3786322386103629e-08,-1.3320528312262184e-07
4.761952390478096,PASSED,-0.2978719103805162,-2.4877818865412462e-09,2.0795709708767984e-08,2.828028296264438,1.3663533705148517e-08,-1.1584427951010378e-07
4.762952590518104,PASSED,-0.29787191038299365,-2.4671568122311018e-09,2.0511317377729098e-08,2.828028296278054,1.3562087562495797e-08,-9.184738474779714e-08
4.763952790558112,PASSED,-0.2978719103854506,-2.446706039227834e-09,2.04104100869594e-08,2.828028296291556,1.3449255242171921e-08,-1.2682227737459494e-07
4.76495299059812,PASSED,-0.29787191038788713,-2.426348874620359e-09,2.0321667621153028e-08,2.828028296304945,1.3326988465223711e-08,-1.192297766639546e-07
4.765953190638128,PASSED,-0.2978719103903034,-2.406208091223107e-09,2.002019391465076e-08,2.828028296318223,1.32235363623078e-08,-9.293365375054913e-08
4.766953390678136,PASSED,-0.29787191039269956,-2.3861342252727864e-09,2.0109647307434138e-08,2.8280282963313925,1.3118949392841195e-08,-1.1235584661064156e-07
4.767953590718144,PASSED,-0.2978719103950759,-2.3663303803246726e-09,1.9599976708566806e-08,2.8280282963444496,1.2998594251388165e-08,-1.2568800468129064e-07
4.768953790758152,PASSED,-0.29787191039743244,-2.346750320721883e-09,1.9566781532271565e-08,2.8280282963573997,1.2894991011091421e-08,-8.888006404038095e-08
4.76995399079816,PASSED,-0.29787191039976935,-2.3271083344772065e-09,1.9692122719613954e-08,2.8280282963702414,1.2793553776342506e-08,-1.0980868188793792e-07
4.770954190838168,PASSED,-0.29787191040208694,-2.307944307277094e-09,1.8811963520444503e-08,2.8280282963829784,1.2680501430874281e-08,-1.1521478785508455e-07
4.771954390878176,PASSED,-0.29787191040438515,-2.2886817924284765e-09,1.9562882400733087e-08,2.8280282963956065,1.2572776702871117e-08,-1.0273135476854948e-07
4.772954590918184,PASSED,-0.2978719104066643,-2.2694616070018227e-09,1.8991720777267183e-08,2.828028296408132,1.2476683515716001e-08,-9.166774207949402e-08
4.773954790958192,PASSED,-0.29787191040892447,-2.2507400871160085e-09,1.8541385958179e-08,2.8280282964205536,1.23713308626976e-08,-1.1447592697767118e-07
4.7749549909982,PASSED,-0.2978719104111658,-2.2319675157920307e-09,1.892669490117724e-08,2.8280282964328705,1.2260710869009884e-08,-1.080493714944128e-07
4.775955191038208,PASSED,-0.29787191041338845,-2.213250296187962e-09,1.8577569405996832e-08,2.828028296445081,1.2158566841829978e-08,-9.8207130970233e-08
4.776955391078216,PASSED,-0.29787191041559263,-2.195032539991713e-09,1.797788072308362e-08,2.828028296457194,1.206587845228316e-08,-8.900922859787739e-08
4.777955591118224,PASSED,-0.2978719104177784,-2.1766993024752635e-09,1.8570142045360585e-08,2.8280282964692067,1.1963865470221275e-08,-1.1068215103788788e-07
4.778955791158232,PASSED,-0.297871910419946,-2.158435458669227e-09,1.8059644979820373e-08,2.828028296481119,1.1858560128055386e-08,-1.0172080291788983e-07
4.779955991198239,PASSED,-0.2978719104220955,-2.140567888447016e-09,1.7739520383804745e-08,2.8280282964929304,1.176256383906737e-08,-9.217994636810002e-08
4.780956191238247,PASSED,-0.2978719104242271,-2.122728200841871e-09,1.7906465752705324e-08,2.828028296504646,1.1669041472061697e-08,-9.441731409738697e-08
4.781956391278255,PASSED,-0.297871910426341,-2.10489169097577e-09,1.778987260836473e-08,2.828028296516262,1.1566273001044044e-08,-1.0833590896449595e-07
4.782956591318263,PASSED,-0.2978719104284372,-2.087395583050401e-09,1.7300264803371543e-08,2.8280282965277808,1.1467680256951992e-08,-9.209730084375673e-08
4.783956791358271,PASSED,-0.29787191043051586,-2.069931432889609e-09,1.757340706573865e-08,2.828028296539203,1.137641346938511e-08,-9.071311204896195e-08
4.784956991398279,PASSED,-0.29787191043257727,-2.0526838296761525e-09,1.703040064526817e-08,2.828028296550533,1.1283682123964335e-08,-9.407683433531689e-08
4.785957191438287,PASSED,-0.29787191043462136,-2.0355375491157938e-09,1.7223533837085885e-08,2.828028296561767,1.1186088747356947e-08,-9.993773812210134e-08
4.786957391478295,PASSED,-0.29787191043664846,-2.0185306349278013e-09,1.6862501088597128e-08,2.8280282965729033,1.1086224350950949e-08,-9.981550192859558e-08
4.787957591518303,PASSED,-0.2978719104386586,-2.0017787833196677e-09,1.6678085287824548e-08,2.8280282965839496,1.1001503286784104e-08,-7.465810565901007e-08
4.788957791558311,PASSED,-0.29787191044065203,-1.984998270807589e-09,1.6848797328248424e-08,2.8280282965949044,1.091293876038912e-08,-9.783547355229924e-08
4.789957991598319,PASSED,-0.29787191044262873,-1.968335022370488e-09,1.6539549176335792e-08,2.8280282966057655,1.081057272853342e-08,-1.0538640405796752e-07
4.790958191638327,PASSED,-0.29787191044458894,-1.9520575993155854e-09,1.6102672307279767e-08,2.8280282966165404,1.0730800399121286e-08,-6.269627964824596e-08
4.791958391678335,PASSED,-0.2978719104465328,-1.935671256351914e-09,1.657545673459937e-08,2.828028296627221,1.0640230110416287e-08,-1.0915296140949962e-07
4.792958591718343,PASSED,-0.29787191044846034,-1.919321985929859e-09,1.6198479547025604e-08,2.8280282966378123,1.0539075553058854e-08,-9.58222879893873e-08
4.793958791758351,PASSED,-0.29787191045037176,-1.9034126456463025e-09,1.5716580774576686e-08,2.828028296648319,1.0466365704264272e-08,-5.730155599804485e-08
4.794958991798359,PASSED,-0.29787191045226724,-1.887579262850598e-09,1.5911250809789997e-08,2.8280282966587342,1.0375769384694787e-08,-1.1279282861711216e-07
4.795959191838367,PASSED,-0.2978719104541468,-1.8715016087094853e-09,1.6188589695327604e-08,2.8280282966690624,1.0276105614011327e-08,-9.091106539435853e-08
4.796959391878375,PASSED,-0.29787191045601064,-1.8559086338390666e-09,1.51958983204796e-08,2.8280282966793067,1.020547813547456e-08,-5.710508729837249e-08
4.797959591918383,PASSED,-0.2978719104578588,-1.8405732691970747e-09,1.5428342189666847e-08,2.8280282966894617,1.0116065280004262e-08,-1.1095136758491535e-07
4.798959791958391,PASSED,-0.2978719104596916,-1.8249459463830346e-09,1.575997656362224e-08,2.8280282966995345,1.0023257821525183e-08,-8.071151907518827e-08
4.799959991998399,PASSED,-0.297871910461509,-1.8097639661089925e-09,1.4796649414321875e-08,2.8280282967095185,9.944933916771692e-09,-7.673216187235737e-08
4.800960192038407,PASSED,-0.29787191046331124,-1.7947409925730913e-09,1.5173856283620665e-08,2.828028296719425,9.867698755439133e-09,-7.757049430602848e-08
4.801960392078415,PASSED,-0.29787191046509826,-1.7794290537651498e-09,1.540399382415555e-08,2.8280282967292436,9.775219998497362e-09,-1.0241759869893359e-07
4.802960592118423,PASSED,-0.29787191046687034,-1.7646153103333592e-09,1.4420243170214228e-08,2.8280282967389803,9.691525619380479e-09,-7.121223272885136e-08
4.803960792158431,PASSED,-0.2978719104686276,-1.7499984931558128e-09,1.4747866515767842e-08,2.8280282967486405,9.627101800856263e-09,-5.989820905445936e-08
4.804960992198439,PASSED,-0.2978719104703701,-1.7351006471259764e-09,1.4997832372548588e-08,2.8280282967582147,9.533047731162366e-09,-1.1682464345352126e-07
4.805961192238447,PASSED,-0.29787191047209793,-1.7204470796557944e-09,1.4424057535270678e-08,2.8280282967677097,9.446333870634072e-09,-6.664000524480942e-08
4.806961392278455,PASSED,-0.29787191047381134,-1.7062151419131505e-09,1.4103857880892744e-08,2.828028296777125,9.383471706082372e-09,-6.034360408962732e-08
4.807961592318463,PASSED,-0.29787191047551037,-1.6919683175627614e-09,1.4342135330053239e-08,2.8280282967864636,9.300752643118383e-09,-9.763603554689428e-08
4.808961792358471,PASSED,-0.2978719104771951,-1.6774681560496835e-09,1.4605512301760906e-08,2.8280282967957215,9.211891780565392e-09,-8.301074722372445e-08
4.809961992398479,PASSED,-0.2978719104788657,-1.6634973832939505e-09,1.3547613058381007e-08,2.8280282968049,9.140940846258918e-09,-6.29110590283069e-08
4.810962192438487,PASSED,-0.29787191048052225,-1.649756539083865e-09,1.3869664977888412e-08,2.8280282968140042,9.070079485843194e-09,-7.61615613406683e-08
4.811962392478495,PASSED,-0.2978719104821649,-1.6356211502498285e-09,1.4312538071468288e-08,2.8280282968230313,8.986514865149037e-09,-8.849999359648484e-08
4.812962592518503,PASSED,-0.29787191048379374,-1.6218476649436495e-09,1.3414116795985862e-08,2.8280282968319814,8.909463602480704e-09,-6.94187753828984e-08
4.813962792558511,PASSED,-0.2978719104854089,-1.6084496194816668e-09,1.3387331239313875e-08,2.828028296840859,8.844472350682926e-09,-6.203956940769689e-08
4.814962992598519,PASSED,-0.29787191048701045,-1.5948378952403089e-09,1.3761319576054141e-08,2.8280282968496593,8.762454141553494e-09,-9.53373022772532e-08
4.815963192638527,PASSED,-0.29787191048859857,-1.5813402524612138e-09,1.3321858247788975e-08,2.8280282968583865,8.686044049783888e-09,-6.37919514311745e-08
4.816963392678535,PASSED,-0.2978719104901733,-1.5680837387911425e-09,1.3212950618259749e-08,2.828028296867039,8.619921791525995e-09,-6.767579614237112e-08
4.817963592718543,PASSED,-0.2978719104917348,-1.5548610959928553e-09,1.3229104251638588e-08,2.82802829687562,8.544239574221868e-09,-8.101983141196364e-08
4.818963792758551,PASSED,-0.29787191049328315,-1.5417872787839727e-09,1.2970292513712205e-08,2.828028296884129,8.471718473951352e-09,-6.68552795095515e-08
4.819963992798559,PASSED,-0.2978719104948185,-1.528909334640149e-09,1.2816378563897807e-08,2.8280282968925667,8.404119384732284e-09,-6.809496235874616e-08
4.820964192838567,PASSED,-0.2978719104963408,-1.5159067452092129e-09,1.3126730008961722e-08,2.828028296900931,8.328187548255438e-09,-8.11564192222477e-08
4.821964392878575,PASSED,-0.2978719104978504,-1.5031453072829794e-09,1.251790987108134e-08,2.8280282969092285,8.262210488780073e-09,-5.585748631077608e-08
4.822964592918583,PASSED,-0.29787191049934725,-1.4906092765724857e-09,1.2548111270101884e-08,2.828028296917455,8.19451321470036e-09,-7.559046592567025e-08
4.823964792958591,PASSED,-0.29787191050083145,-1.4778937421377288e-09,1.28271498778601e-08,2.82802829692561,8.117570826376448e-09,-7.78436699227381e-08
4.824964992998599,PASSED,-0.29787191050230316,-1.4654689402644696e-09,1.215656987019198e-08,2.8280282969336983,8.053848257595645e-09,-5.4308501352847817e-08
4.825965193038607,PASSED,-0.29787191050376244,-1.4531005352412649e-09,1.2509628458546446e-08,2.828028296941718,7.989066143513445e-09,-7.176452256843466e-08
4.826965393078615,PASSED,-0.2978719105052095,-1.4408727898153113e-09,1.2039823404225158e-08,2.828028296949668,7.91239039835151e-09,-7.994989355760123e-08
4.827965593118623,PASSED,-0.2978719105066443,-1.4288123011125514e-09,1.2074265568449981e-08,2.8280282969575525,7.850585898548252e-09,-4.970757063369693e-08
4.828965793158631,PASSED,-0.297871910508067,-1.416615646883541e-09,1.2278246669383819e-08,2.8280282969653694,7.787772430524323e-09,-7.155073295075116e-08
4.829965993198639,PASSED,-0.2978719105094777,-1.404737792688229e-09,1.1610925879264321e-08,2.8280282969731223,7.717264515817249e-09,-6.981270254462304e-08
4.830966193238647,PASSED,-0.2978719105108764,-1.3927627555026506e-09,1.2217778056454464e-08,2.82802829698081,7.65515328729989e-09,-5.6976912499184904e-08
4.831966393278655,PASSED,-0.29787191051226347,-1.3810693003003928e-09,1.1343906632793609e-08,2.8280282969884305,7.589039541038631e-09,-7.220496876930843e-08
4.832966593318663,PASSED,-0.2978719105136387,-1.369476619969239e-09,1.1758529463393867e-08,2.8280282969959893,7.525855603322286e-09,-5.716991701436995e-08
4.833966793358671,PASSED,-0.29787191051500234,-1.357816823563252e-09,1.1593974367715698e-08,2.828028297003485,7.466599455960833e-09,-6.064696759283927e-08
4.834966993398679,PASSED,-0.2978719105163544,-1.346293606268081e-09,1.1476045913474259e-08,2.8280282970109147,7.39628474372345e-09,-7.675987533374546e-08
4.835967193438687,PASSED,-0.2978719105176951,-1.335003543731483e-09,1.116607361868055e-08,2.8280282970182826,7.334500534139709e-09,-5.180043241707102e-08
4.836967393478695,PASSED,-0.2978719105190245,-1.3238036212208318e-09,1.1222488438631521e-08,2.8280282970255843,7.272033484478096e-09,-6.957812782464117e-08
4.837967593518703,PASSED,-0.2978719105203426,-1.3124625751701393e-09,1.1420084458733241e-08,2.82802829703283,7.2148599053273835e-09,-4.890388003475998e-08
4.838967793558711,PASSED,-0.2978719105216496,-1.3013766798648397e-09,1.0863102536343842e-08,2.828028297040012,7.15342765679897e-09,-6.978449419084887e-08
4.839967993598719,PASSED,-0.2978719105229455,-1.2903973380778752e-09,1.105683462071169e-08,2.8280282970471347,7.089756357937968e-09,-5.959583530777088e-08
4.840968193638727,PASSED,-0.29787191052423045,-1.2794423378335116e-09,1.0887110660131454e-08,2.8280282970541957,7.031535605570438e-09,-5.730403040736826e-08
4.841968393678735,PASSED,-0.29787191052550455,-1.2686792872703153e-09,1.0680343831906413e-08,2.8280282970611967,6.971706482240865e-09,-6.15125186110428e-08
4.842968593718743,PASSED,-0.2978719105267678,-1.2579497308072512e-09,1.0762364883835918e-08,2.8280282970681374,6.910309469409158e-09,-6.132000897881636e-08
4.8439687937587514,PASSED,-0.29787191052802037,-1.2472131376621167e-09,1.0719411986000182e-08,2.82802829707502,6.8524528522278575e-09,-5.554768931629038e-08
4.8449689937987594,PASSED,-0.2978719105292624,-1.2367065368373618e-09,1.0364726717258104e-08,2.8280282970818456,6.798639828110592e-09,-5.26565806512495e-08
4.8459691938387675,PASSED,-0.29787191053049383,-1.2261624025831002e-09,1.066373927893077e-08,2.8280282970886126,6.738535945532882e-09,-6.506875052868401e-08
4.8469693938787755,PASSED,-0.29787191053171486,-1.215733673927631e-09,1.0272054906494687e-08,2.828028297095322,6.677947869063176e-09,-5.7600960430387566e-08
4.8479695939187835,PASSED,-0.2978719105329255,-1.2054795194448838e-09,1.0242220866915619e-08,2.8280282971019757,6.62775650044634e-09,-4.525164074113437e-08
4.8489697939587915,PASSED,-0.29787191053412587,-1.195264337019454e-09,1.0197156797772665e-08,2.828028297108572,6.569719646741249e-09,-6.656032901439556e-08
4.8499699939987995,PASSED,-0.2978719105353161,-1.1851300476516932e-09,1.0092377747752956e-08,2.8280282971151145,6.511713574782062e-09,-5.2303233922381365e-08
4.8509701940388075,PASSED,-0.2978719105364962,-1.1751584532287405e-09,9.89107220641938e-09,2.828028297121599,6.457409923289534e-09,-5.5637263205958653e-08
4.8519703940788155,PASSED,-0.2978719105376663,-1.165080484793099e-09,1.0202565921789419e-08,2.82802829712803,6.403373706771869e-09,-5.296885205880326e-08
4.8529705941188235,PASSED,-0.2978719105388265,-1.1552347470780838e-09,9.607852243832813e-09,2.8280282971344053,6.3483536621088615e-09,-5.638750639914441e-08
4.8539707941588315,PASSED,-0.2978719105399768,-1.1454717318271727e-09,9.866457255629927e-09,2.8280282971407265,6.293329361448957e-09,-5.411549683374557e-08
4.8549709941988395,PASSED,-0.2978719105411174,-1.1356815441514654e-09,9.7393412890924e-09,2.8280282971469934,6.240405147870677e-09,-5.213002474130322e-08
4.8559711942388475,PASSED,-0.2978719105422483,-1.1260797781822594e-09,9.510049089282017e-09,2.828028297153208,6.188607090896021e-09,-5.1576745130225314e-08
4.8569713942788555,PASSED,-0.2978719105433696,-1.1164923702312652e-09,9.638980525469159e-09,2.8280282971593698,6.13516829758675e-09,-5.46801587619683e-08
4.8579715943188635,PASSED,-0.29787191054448137,-1.1069906308449783e-09,9.41024529349868e-09,2.828028297165478,6.081828184022151e-09,-5.244675009968596e-08
4.8589717943588715,PASSED,-0.2978719105455836,-1.0975477830036308e-09,9.46458287324689e-09,2.8280282971715347,6.031147870633971e-09,-4.950268891384235e-08
4.8599719943988795,PASSED,-0.29787191054667655,-1.0882805795437183e-09,9.135617184356097e-09,2.8280282971775423,5.983727255046901e-09,-4.6032566702555325e-08
4.8609721944388875,PASSED,-0.29787191054776013,-1.0789395785038666e-09,9.47792361018218e-09,2.828028297183499,5.931483803037097e-09,-5.6384042214636055e-08
4.8619723944788955,PASSED,-0.2978719105488346,-1.0699001368733162e-09,8.747120310795968e-09,2.8280282971894013,5.8730381756674595e-09,-5.982001747297132e-08
4.8629725945189035,PASSED,-0.29787191054989987,-1.060706559311924e-09,9.491215728456292e-09,2.8280282971952544,5.828061690083013e-09,-3.508079765876456e-08
4.8639727945589115,PASSED,-0.2978719105509561,-1.051584124060457e-09,8.876581600140986e-09,2.82802829720106,5.785401159707426e-09,-4.77136855201342e-08
4.8649729945989195,PASSED,-0.2978719105520033,-1.0427822026728595e-09,8.75214791256837e-09,2.828028297206815,5.727410429134546e-09,-6.48420939413768e-08
4.8659731946389275,PASSED,-0.2978719105530416,-1.0338008064889355e-09,9.134228364827967e-09,2.8280282972125224,5.681061434003798e-09,-3.4020262590328377e-08
4.8669733946789355,PASSED,-0.29787191055407103,-1.025025858876548e-09,8.535427110760439e-09,2.828028297218176,5.6312192550968335e-09,-6.039012311805476e-08
4.8679735947189435,PASSED,-0.29787191055509177,-1.0164875570010384e-09,8.540218385342385e-09,2.8280282972237876,5.586611259672304e-09,-3.408657696217966e-08
4.8689737947589515,PASSED,-0.29787191055610374,-1.007573316923901e-09,9.163587871667543e-09,2.8280282972293485,5.539263193988519e-09,-5.6189058164855084e-08
4.8699739947989595,PASSED,-0.2978719105571071,-9.989110781943827e-10,8.328005968085554e-09,2.8280282972348623,5.487011724868939e-09,-4.962640975606336e-08
4.8709741948389675,PASSED,-0.2978719105581019,-9.906932974183958e-10,8.14429731458774e-09,2.828028297240328,5.442924841636373e-09,-4.03938655502347e-08
4.8719743948789755,PASSED,-0.29787191055908824,-9.820525107567252e-10,8.971779559725777e-09,2.8280282972457487,5.399676290837666e-09,-4.515167429768917e-08
4.8729745949189835,PASSED,-0.2978719105600662,-9.736489557898467e-10,8.02473857164712e-09,2.8280282972511226,5.349898743699734e-09,-5.286146236475945e-08
4.8739747949589916,PASSED,-0.2978719105610358,-9.655290590630418e-10,8.183335496909915e-09,2.8280282972564517,5.30590509649486e-09,-3.8081770431616824e-08
4.8749749949989996,PASSED,-0.2978719105619971,-9.571194320589847e-10,8.560488008822059e-09,2.828028297261734,5.260961867074064e-09,-4.951753541358287e-08
4.875975195039008,PASSED,-0.29787191056295026,-9.490366415086275e-10,7.764325578047542e-09,2.828028297266973,5.215127154745313e-09,-4.337949693886257e-08
4.876975395079016,PASSED,-0.29787191056389517,-9.409782192594491e-10,8.254486696598893e-09,2.8280282972721644,5.169088352513642e-09,-4.781167242687703e-08
4.877975595119024,PASSED,-0.2978719105648321,-9.327584165369804e-10,8.196680073048467e-09,2.8280282972773123,5.124730273193235e-09,-4.205568391609384e-08
4.878975795159032,PASSED,-0.29787191056576096,-9.248327701634782e-10,7.744957240471417e-09,2.828028297282418,5.085634684684101e-09,-3.712219157116073e-08
4.87997599519904,PASSED,-0.2978719105666819,-9.171376896594978e-10,7.661829346319869e-09,2.828028297287478,5.03770810033824e-09,-5.512951286232788e-08
4.880976195239048,PASSED,-0.29787191056759504,-9.091828154558915e-10,8.150237441797297e-09,2.828028297292495,4.992738048239069e-09,-3.819707825706696e-08
4.881976395279056,PASSED,-0.2978719105685003,-9.012497353129038e-10,7.788308610447851e-09,2.8280282972974713,4.9580349455716696e-09,-3.237378560761971e-08
4.882976595319064,PASSED,-0.2978719105693978,-8.937447589254519e-10,7.3160882387880705e-09,2.8280282973024025,4.909614764549875e-09,-5.91177779645786e-08
4.883976795359072,PASSED,-0.2978719105702877,-8.861907228517907e-10,7.712667963576807e-09,2.828028297307294,4.86799180665545e-09,-2.995974451432269e-08
4.88497699539908,PASSED,-0.29787191057116996,-8.783737750432986e-10,7.886467705102428e-09,2.82802829731214,4.827692958713741e-09,-4.719158355996633e-08
4.885977195439088,PASSED,-0.2978719105720447,-8.709860033350377e-10,7.05530771036647e-09,2.828028297316949,4.787774379155849e-09,-3.506991022317562e-08
4.886977395479096,PASSED,-0.2978719105729119,-8.635602042426186e-10,7.67279334712087e-09,2.8280282973217137,4.744621736755889e-09,-4.854113051781676e-08
4.887977595519104,PASSED,-0.2978719105737717,-8.559801232310148e-10,7.518272787925688e-09,2.828028297326439,4.703126755701971e-09,-3.679754807798521e-08
4.888977795559112,PASSED,-0.2978719105746242,-8.488051514890133e-10,6.946104378052069e-09,2.8280282973311217,4.663615861066893e-09,-4.131979233980621e-08
4.88997799559912,PASSED,-0.29787191057546936,-8.415558620865834e-10,7.45141275201519e-09,2.828028297335768,4.626902344185718e-09,-3.364266657542023e-08
4.890978195639128,PASSED,-0.29787191057630724,-8.341482777053446e-10,7.3783654673878475e-09,2.828028297340372,4.583744258068918e-09,-4.9501699144386343e-08
4.891978395679136,PASSED,-0.29787191057713797,-8.271289237063751e-10,6.780013020023928e-09,2.828028297344937,4.542991602074648e-09,-3.491996056085882e-08
4.892978595719144,PASSED,-0.29787191057796153,-8.201173020231135e-10,7.166027458753443e-09,2.828028297349464,4.5105887173252246e-09,-3.072483420846545e-08
4.893978795759152,PASSED,-0.2978719105787781,-8.130679216557211e-10,6.971615639818351e-09,2.8280282973539497,4.465893919358992e-09,-5.400810713807798e-08
4.89497899579916,PASSED,-0.2978719105795877,-8.060813295771157e-10,6.996576371130075e-09,2.828028297358399,4.42743870993539e-09,-2.8086610947285113e-08
4.895979195839168,PASSED,-0.29787191058039025,-7.990725302404293e-10,7.01694798039068e-09,2.8280282973628097,4.3948895376610735e-09,-3.552421315900344e-08
4.896979395879176,PASSED,-0.29787191058118595,-7.921887358627658e-10,6.7950253091787745e-09,2.828028297367183,4.354272380734615e-09,-4.401245277142899e-08
4.897979595919184,PASSED,-0.2978719105819749,-7.855541097130103e-10,6.527693376806586e-09,2.828028297371518,4.314097748520281e-09,-3.7616085176270516e-08
4.898979795959192,PASSED,-0.29787191058275697,-7.787117289062874e-10,7.05217242666714e-09,2.828028297375816,4.281496514515265e-09,-2.9257999890845838e-08
4.8999799959992,PASSED,-0.29787191058353235,-7.719095768505373e-10,6.6354718084721255e-09,2.8280282973800777,4.243951494591435e-09,-4.306969994581943e-08
4.900980196039208,PASSED,-0.2978719105843011,-7.656112289298294e-10,6.073598662198475e-09,2.828028297384302,4.202956444721632e-09,-3.961194981912563e-08
4.901980396079216,PASSED,-0.2978719105850633,-7.589425187228479e-10,7.065451236836634e-09,2.8280282973884896,4.1704417163303374e-09,-2.7783247439407765e-08
4.902980596119224,PASSED,-0.2978719105858189,-7.521245527432468e-10,6.65297580811075e-09,2.8280282973926427,4.137493371127736e-09,-3.6391743711396946e-08
4.903980796159232,PASSED,-0.297871910586568,-7.458659982246714e-10,5.995606992218599e-09,2.828028297396759,4.096614123967367e-09,-4.3870916126350604e-08
4.90498099619924,PASSED,-0.29787191058731066,-7.396586395536052e-10,6.348526456964597e-09,2.8280282974008384,4.059860026650389e-09,-3.2009551444062925e-08
4.905981196239248,PASSED,-0.29787191058804696,-7.329942202618858e-10,6.875014514889227e-09,2.8280282974048863,4.033960107375107e-09,-2.1826831162760997e-08
4.906981396279256,PASSED,-0.2978719105887769,-7.266951526050669e-10,5.915103084772055e-09,2.8280282974088955,3.991580670758231e-09,-5.608117358628671e-08
4.907981596319264,PASSED,-0.2978719105895006,-7.206636900525565e-10,6.109035531002421e-09,2.828028297412875,3.959224799929894e-09,-1.653900232303783e-08
4.908981796359272,PASSED,-0.297871910590218,-7.143137777127946e-10,6.510496878935067e-09,2.828028297416817,3.929927011416246e-09,-3.780364597405501e-08
4.90998199639928,PASSED,-0.29787191059092927,-7.080833225863031e-10,6.0437606248624204e-09,2.8280282974207265,3.889471186470065e-09,-4.222394426093099e-08
4.910982196439288,PASSED,-0.2978719105916344,-7.021882268817628e-10,5.795985757658939e-09,2.8280282974245994,3.853766934740684e-09,-3.1357790041681116e-08
4.911982396479296,PASSED,-0.29787191059233353,-6.961253034934063e-10,6.240881808821512e-09,2.8280282974284425,3.829804483870579e-09,-1.9032224755720463e-08
4.912982596519304,PASSED,-0.2978719105930266,-6.899516894824793e-10,6.128768812330848e-09,2.828028297432251,3.792851047531378e-09,-4.890091072818858e-08
4.913982796559312,PASSED,-0.29787191059371365,-6.841125262760512e-10,5.646092802492896e-09,2.828028297436026,3.75320989959389e-09,-3.346797274368652e-08
4.91498299659932,PASSED,-0.2978719105943949,-6.78355353942152e-10,5.831225354836766e-09,2.8280282974397712,3.732962142297664e-09,-1.1434280331252442e-08
4.915983196639328,PASSED,-0.2978719105950701,-6.722297876633894e-10,6.3217935613799065e-09,2.8280282974434807,3.6951441447061154e-09,-5.540714243174534e-08
4.916983396679336,PASSED,-0.29787191059573964,-6.66535949458265e-10,5.275201300954102e-09,2.8280282974471596,3.656191379540495e-09,-2.798318032153728e-08
4.917983596719344,PASSED,-0.2978719105964034,-6.610065122938034e-10,5.698927740133141e-09,2.828028297450807,3.6357068700387414e-09,-1.5485395621897413e-08
4.918983796759352,PASSED,-0.29787191059706136,-6.549748495583847e-10,6.253486065609103e-09,2.8280282974544217,3.6001683052629717e-09,-4.890734421168492e-08
4.91998399679936,PASSED,-0.2978719105977137,-6.494019139156143e-10,5.119235360877965e-09,2.8280282974580073,3.56627463384212e-09,-2.388455622696267e-08
4.920984196839368,PASSED,-0.2978719105983604,-6.440416906893441e-10,5.520881803198347e-09,2.8280282974615605,3.540287219186989e-09,-2.7389320273910144e-08
4.921984396879376,PASSED,-0.2978719105990015,-6.382425541602184e-10,5.984639679743747e-09,2.8280282974650857,3.511093158228758e-09,-3.039722141444501e-08
4.922984596919384,PASSED,-0.297871910599637,-6.327053412064562e-10,5.238928469774445e-09,2.8280282974685766,3.4738591230175462e-09,-4.1791911075723134e-08
4.923984796959392,PASSED,-0.29787191060026713,-6.274777417992656e-10,5.2200466988013e-09,2.8280282974720388,3.4455677293315662e-09,-1.929104875948441e-08
4.9249849969994,PASSED,-0.29787191060089174,-6.218475231965746e-10,5.903666538617512e-09,2.8280282974754716,3.421288256173147e-09,-2.7605089424376004e-08
4.925985197039408,PASSED,-0.297871910601511,-6.164939030850088e-10,4.986922493531442e-09,2.8280282974788764,3.389654420186596e-09,-3.4319667028001224e-08
4.926985397079416,PASSED,-0.2978719106021249,-6.113406093642138e-10,5.264207872304054e-09,2.8280282974822493,3.355829735508202e-09,-3.3494696445322045e-08
4.927985597119424,PASSED,-0.29787191060273355,-6.059073359757396e-10,5.545983732587606e-09,2.828028297485593,3.3283541075742555e-09,-2.3462915593029815e-08
4.928985797159432,PASSED,-0.29787191060333684,-6.006561712181662e-10,5.0546187742306344e-09,2.828028297488909,3.304000401910004e-09,-2.494756571173259e-08
4.92998599719944,PASSED,-0.297871910603935,-5.956442236708001e-10,4.983500062789858e-09,2.828028297492196,3.272116253913574e-09,-3.650853618622865e-08
4.930986197239448,PASSED,-0.2978719106045279,-5.903118506358844e-10,5.564955016332945e-09,2.828028297495452,3.2387320154372134e-09,-3.1301373336449136e-08
4.931986397279456,PASSED,-0.2978719106051157,-5.851970313713492e-10,4.814728763336689e-09,2.8280282974986846,3.2218869772368165e-09,-7.207481443028754e-09
4.932986597319464,PASSED,-0.29787191060569845,-5.802602917973391e-10,5.0180801144591996e-09,2.828028297501888,3.1933970363419155e-09,-4.26782471961486e-08
4.933986797359472,PASSED,-0.2978719106062761,-5.750925346027227e-10,5.267541914721202e-09,2.8280282975050604,3.150776987430447e-09,-4.258125005501498e-08
4.93498699739948,PASSED,-0.29787191060684876,-5.701127327326051e-10,4.787975173715237e-09,2.8280282975082094,3.1367378389778016e-09,4.9889192822678235e-09
4.935987197439488,PASSED,-0.2978719106074165,-5.653580914417313e-10,4.732418702312751e-09,2.8280282975113264,3.1086306408835983e-09,-5.017127634518372e-08
4.936987397479496,PASSED,-0.2978719106079793,-5.602230973129863e-10,5.403377746366483e-09,2.8280282975144204,3.0740817438776425e-09,-2.4133977446469997e-08
4.937987597519504,PASSED,-0.29787191060853724,-5.553824207413379e-10,4.465542455169696e-09,2.828028297517486,3.055089703652342e-09,-1.5564082077854447e-08
4.938987797559512,PASSED,-0.29787191060909035,-5.508540155866952e-10,4.570313620957944e-09,2.828028297520527,3.0304659896200874e-09,-3.066346866852103e-08
4.93998799759952,PASSED,-0.2978719106096387,-5.459494342146024e-10,5.127426539516116e-09,2.828028297523539,2.995054609871946e-09,-3.857665380122248e-08
4.940988197639528,PASSED,-0.2978719106101822,-5.410413694350928e-10,4.761823606171805e-09,2.8280282975265254,2.9724465558175655e-09,-1.1962320889818602e-08
4.941988397679536,PASSED,-0.29787191061072105,-5.36455898864325e-10,4.4679018804984205e-09,2.828028297529489,2.956285644392046e-09,-1.8959971782653053e-08
4.942988597719544,PASSED,-0.2978719106112552,-5.31881726147425e-10,4.6450199411678106e-09,2.8280282975324202,2.914592116131714e-09,-5.684923257878484e-08
4.943988797759552,PASSED,-0.29787191061178475,-5.271910805149592e-10,4.7210627599977845e-09,2.828028297535331,2.894107903560538e-09,3.759134100562752e-09
4.94498899779956,PASSED,-0.29787191061230966,-5.225817294571938e-10,4.534876589610408e-09,2.828028297538216,2.881813218997525e-09,-2.2997230338729208e-08
4.945989197839568,PASSED,-0.2978719106128301,-5.181674857186354e-10,4.33382183785691e-09,2.8280282975410778,2.8459473383599157e-09,-4.44449808368627e-08
4.946989397879576,PASSED,-0.29787191061334595,-5.136652672750562e-10,4.614482847394019e-09,2.828028297543912,2.8168236498180535e-09,-1.890949367852853e-08
4.947989597919584,PASSED,-0.2978719106138573,-5.090747240311389e-10,4.574583508266255e-09,2.8280282975467217,2.801127829786474e-09,-1.3553370933613956e-08
4.948989797959592,PASSED,-0.29787191061436424,-5.046566222738151e-10,4.313780590028959e-09,2.8280282975495084,2.775838299664553e-09,-3.311363624745884e-08
4.9499899979996,PASSED,-0.29787191061486673,-5.003854833476319e-10,4.242711150286015e-09,2.8280282975522684,2.743556958273654e-09,-3.172647815319283e-08
4.950990198039608,PASSED,-0.29787191061536494,-4.96014203717369e-10,4.45699195024754e-09,2.8280282975550075,2.7285565483577095e-09,-3.849697757779233e-09
4.951990398079616,PASSED,-0.29787191061585877,-4.916578242383925e-10,4.28930449812917e-09,2.8280282975577204,2.704229071512774e-09,-3.797932956970667e-08
4.952990598119624,PASSED,-0.2978719106163483,-4.87471928766241e-10,4.116956121499871e-09,2.8280282975604107,2.6738924238240983e-09,-2.5241526434655503e-08
4.953990798159632,PASSED,-0.2978719106168336,-4.830911773090615e-10,4.5566150142992136e-09,2.8280282975630766,2.6561409572382586e-09,-1.27580933532959e-08
4.95499099819964,PASSED,-0.29787191061731466,-4.788854221991215e-10,3.971848507033914e-09,2.82802829756572,2.6340717322005865e-09,-2.8276646160589402e-08
4.955991198239648,PASSED,-0.2978719106177916,-4.749755148576176e-10,3.868613231150508e-09,2.8280282975683417,2.6089900530954316e-09,-2.2951701068198067e-08
4.956991398279656,PASSED,-0.2978719106182643,-4.706500202178758e-10,4.630082245469374e-09,2.8280282975709397,2.586780083226542e-09,-2.1715482402684103e-08
4.957991598319664,PASSED,-0.2978719106187329,-4.664878620729148e-10,3.850208744621969e-09,2.8280282975735136,2.5621965537245886e-09,-2.6495560901466113e-08
4.958991798359672,PASSED,-0.29787191061919743,-4.6262386971836235e-10,3.873181427839489e-09,2.8280282975760658,2.540412381509774e-09,-1.8643246423713673e-08
4.95999199839968,PASSED,-0.29787191061965795,-4.584916762123833e-10,4.304868224738744e-09,2.8280282975785966,2.5209273384687754e-09,-2.004624078585554e-08
4.960992198439688,PASSED,-0.29787191062011437,-4.543941711805633e-10,3.959262903207444e-09,2.828028297581106,2.4985997843105605e-09,-2.3848429739787982e-08
4.961992398479696,PASSED,-0.2978719106205669,-4.5056841806542464e-10,3.736746589759476e-09,2.828028297583594,2.4765608461354343e-09,-2.0832610465351845e-08
4.962992598519704,PASSED,-0.2978719106210155,-4.4663653983893094e-10,4.0619659843164895e-09,2.8280282975860587,2.453577274578147e-09,-2.4417545618577492e-08
4.963992798559712,PASSED,-0.2978719106214602,-4.426745304883658e-10,3.895371594730967e-09,2.8280282975885007,2.4301853252615653e-09,-2.270821844858451e-08
4.96499299859972,PASSED,-0.29787191062190094,-4.3881628611722197e-10,3.833492888752343e-09,2.828028297590922,2.4114132112076333e-09,-1.614804445749753e-08
4.965993198639728,PASSED,-0.29787191062233787,-4.350545042003178e-10,3.713974602338743e-09,2.828028297593325,2.395104824537326e-09,-1.6415281478846934e-08
4.966993398679736,PASSED,-0.29787191062277096,-4.3127567130367085e-10,3.822071759519013e-09,2.828028297595705,2.3693709881236013e-09,-3.194620637031011e-08
4.967993598719744,PASSED,-0.29787191062320034,-4.2750291622645225e-10,3.739877289018339e-09,2.8280282975980655,2.3478173325840342e-09,-1.462528831907199e-08
4.968993798759752,PASSED,-0.29787191062362595,-4.2373250443974316e-10,3.7907681185028734e-09,2.828028297600402,2.326685713584891e-09,-2.546917278585825e-08
4.96999399879976,PASSED,-0.2978719106240478,-4.199787099355147e-10,3.729145428045533e-09,2.8280282976027227,2.311740928560295e-09,-7.928526517087901e-09
4.970994198839768,PASSED,-0.29787191062446594,-4.163693155486878e-10,3.529560359347844e-09,2.8280282976050195,2.287106525047865e-09,-3.5771654842658756e-08
4.971994398879776,PASSED,-0.29787191062488055,-4.127886005921151e-10,3.6148180213892155e-09,2.8280282976072995,2.2672571488679212e-09,-9.234523738133741e-09
4.972994598919784,PASSED,-0.29787191062529145,-4.090644974355658e-10,3.796959913322795e-09,2.828028297609556,2.248695162294236e-09,-2.4780295130719798e-08
4.973994798959792,PASSED,-0.2978719106256988,-4.0551946731120033e-10,3.3770769317272014e-09,2.8280282976117936,2.22528609001313e-09,-2.2494923714697575e-08
4.9749949989998,PASSED,-0.2978719106261026,-4.02104764799842e-10,3.4397862311123794e-09,2.828028297614014,2.2124606925213255e-09,-6.3790466765425926e-09
4.975995199039808,PASSED,-0.2978719106265028,-3.9841371011820417e-10,3.858566981988081e-09,2.8280282976162128,2.1900750390553926e-09,-3.305672465886037e-08
4.976995399079816,PASSED,-0.29787191062689955,-3.9497802246740375e-10,3.1537680966753355e-09,2.828028297618393,2.1662130495114666e-09,-1.7732166133969953e-08
4.977995599119824,PASSED,-0.29787191062729285,-3.9171401221038e-10,3.3375050305893546e-09,2.828028297620555,2.155515452569761e-09,-6.007884146862904e-09
4.978995799159832,PASSED,-0.29787191062768265,-3.8808852721694557e-10,3.817471635331193e-09,2.8280282976226965,2.1327610120143988e-09,-3.391881149436153e-08
4.97999599919984,PASSED,-0.2978719106280691,-3.847279305454651e-10,3.0560133622466177e-09,2.828028297624818,2.106773201453947e-09,-2.0700476604512402e-08
4.980996199239848,PASSED,-0.29787191062845214,-3.8137468230322823e-10,3.5514048288970417e-09,2.828028297626924,2.101344726760067e-09,4.752859913208585e-09
4.981996399279856,PASSED,-0.29787191062883184,-3.7796645887393245e-10,3.3127691628949406e-09,2.828028297629011,2.0806587007500722e-09,-3.764528329213008e-08
4.982996599319864,PASSED,-0.2978719106292082,-3.74716648886879e-10,3.2078372031590916e-09,2.8280282976310795,2.0531883185811784e-09,-2.068711475340243e-08
4.983996799359872,PASSED,-0.2978719106295813,-3.714969543030176e-10,3.227599504329603e-09,2.828028297633131,2.0456231354365365e-09,1.1827712611980066e-09
4.98499699939988,PASSED,-0.29787191062995105,-3.6812896866040086e-10,3.4615764014749024e-09,2.828028297635161,2.023589542002214e-09,-3.751116989800294e-08
4.985997199439888,PASSED,-0.29787191063031765,-3.6491295416837837e-10,3.0523065523875567e-09,2.828028297637177,2.0021494127086602e-09,-1.0726102223921305e-08
4.986997399479896,PASSED,-0.29787191063068097,-3.6171619344497006e-10,3.2930635040888382e-09,2.8280282976391726,1.989971322668698e-09,-1.3146081917323108e-08
4.987997599519904,PASSED,-0.2978719106310412,-3.5866786126025774e-10,2.8851779717946333e-09,2.82802829764115,1.9681177678054698e-09,-2.7658536827164536e-08
4.988997799559912,PASSED,-0.2978719106313982,-3.554467871267968e-10,3.445004907905169e-09,2.8280282976431135,1.953536326153442e-09,-5.8633782019366555e-09
4.98999799959992,PASSED,-0.29787191063175206,-3.522363346369526e-10,3.0540842111369256e-09,2.8280282976450595,1.940297800022088e-09,-1.8155291417632688e-08
4.990998199639928,PASSED,-0.29787191063210283,-3.492554089817997e-10,2.9321532844968352e-09,2.8280282976469864,1.9160881054205997e-09,-2.824596339072546e-08
4.991998399679936,PASSED,-0.29787191063245055,-3.461616981069763e-10,3.201415935041168e-09,2.8280282976488995,1.9039016023633325e-09,-1.4801961682950412e-09
4.992998599719944,PASSED,-0.29787191063279517,-3.4303077434242134e-10,3.0839289842307655e-09,2.8280282976507904,1.8843523234609952e-09,-3.159533405836518e-08
4.993998799759952,PASSED,-0.2978719106331368,-3.4014901547680543e-10,2.7469787865393168e-09,2.828028297652669,1.8674576979474818e-09,-7.094153150278657e-09
4.99499899979996,PASSED,-0.2978719106334754,-3.371744122577862e-10,3.1263528406724746e-09,2.8280282976545283,1.8537339881573935e-09,-1.8143414216627762e-08
4.995999199839968,PASSED,-0.297871910633811,-3.340212033021256e-10,3.1711130323193444e-09,2.828028297656374,1.8373662154826746e-09,-1.518401164677977e-08
4.996999399879976,PASSED,-0.29787191063414376,-3.3133491555389235e-10,2.363070892175828e-09,2.8280282976582014,1.818595586079274e-09,-2.11617079078145e-08
4.997999599919984,PASSED,-0.29787191063447355,-3.2843409726193026e-10,3.2593165584862693e-09,2.828028297660013,1.8030134902473611e-09,-1.1862354447978677e-08
4.998999799959992,PASSED,-0.2978719106348004,-3.2523292802659836e-10,3.162404353228981e-09,2.8280282976618105,1.7925401744503905e-09,-9.547290029631675e-09
5.0,PASSED,-0.2978719106351244,-3.226601067089914e-10,2.179765960525631e-09,2.82802829766359,1.7711554720947904e-09,-2.927631057291226e-08
